0 0.44451237734375004 0.3067395361111111 0.05069001093749996 0.05718872638888889
0 0.38992313828124997 0.30500654444444447 0.033143465625000035 0.05718872638888889
0 0.33923313046875003 0.3084725263888889 0.043866353125 0.058194140277777764
1 0.28756831484375 0.43324793194444444 0.010722885937500015 0.015596924999999985
1 0.26904696562499997 0.4315149402777778 0.010722884375000019 0.015596927777777757
1 0.23687830625 0.43324793194444444 0.019496157031250006 0.01906290833333336
1 0.2242058046875 0.4297819486111111 0.011697693750000005 0.017329916666666712
1 0.16961656484375 0.43671391527777775 0.029244236718749983 0.02426188611111115
1 0.13452348281249998 0.4349809236111111 0.020470964843749995 0.022528888888888883
1 0.025 0.42631596527777776 0.06760674531250001 0.051989751388888866
1 0.00078125 0.4013888888888889 0.07109375 0.07222222222222222
1 0.3636033265625 0.4401798986111111 0.009748078124999981 0.012130944444444462
1 0.330459859375 0.43324793194444444 0.01949615703124996 0.02772786527777779
1 0.39382236953125 0.43671391527777775 0.00877327109374999 0.013863933333333339
1 0.402595640625 0.4315149402777778 0.032168658593749996 0.041591802777777784
1 0.47765584453125004 0.4089860472222222 0.01169769374999996 0.013863930555555569
1 0.46790776640625 0.42631596527777776 0.012672501562500039 0.013863930555555569
1 0.456210071875 0.43324793194444444 0.016571733593749992 0.024261883333333303
1 0.4952023859375 0.4003210875 0.007798462500000003 0.012130944444444462
0 0.3694521734375 0.4089860472222222 0.013647310156250026 0.010397947222222273
0 0.43768872265625003 0.4055200638888889 0.012672502343749947 0.025994876388888914
0 0.29439196953125 0.37086022916666667 0.0116976953125 0.017329918055555598
0 0.29536677734375 0.3951221138888889 0.007798462500000003 0.01906290555555551
0 0.6765166453125 0.3587292875 0.026319811718749975 0.05198975138888894