1 0.32237646875000003 0.2526794694444444 0.05444580390625 0.02801889444444446
1 0.39688125234375 0.3973588472222222 0.014327842968749982 0.025471719444444495
1 0.39974682109375 0.41264187916666667 0.018626196093750026 0.022924548611111106
1 0.38398619375 0.40245319305555555 0.011462275000000011 0.02292454722222222
1 0.38398619375 0.4151890527777778 0.01719341171875004 0.02037737777777772
1 0.373956703125 0.4177362236111111 0.01862619609374998 0.025471722222222187
1 0.60320219375 0.22924548888888888 0.028655685937500053 0.022924548611111147
1 0.53299576171875 0.4151890527777778 0.03008847031250008 0.043301924999999936
1 0.56171875 0.39166666666666666 0.03359375 0.030555555555555555
1 0.36249443046874996 0.4050003638888889 0.01576062734375001 0.04075475277777782
1 0.31807811640625 0.42283056944444447 0.021491764062499995 0.03311323749999996
3 0.27509458750000004 0.42283056944444447 0.0128950578125 0.035660408333333275
1 0.396875 0.38472222222222224 0.1390625 0.18888888888888888
1 0.33097317421875 0.4097222222222222 0.03868517578124999 0.056410270833333304
1 0.2894224296875 0.4202833958333333 0.03438682421874999 0.043301926388888905
1 0.24357333125 0.4279249125 0.03868517656249999 0.04584909722222221
1 0.136114509375 0.42777777777777776 0.04584909687500001 0.05363774861111108
1 0.13359375 0.4432079458333333 0.03977315078125001 0.04075475277777782
1 0.050147450781250005 0.43301925555555554 0.09456376328125 0.09169819583333332
1 0 0.4457551166666667 0.045849096875 0.03311323749999996
1 0 0.4625 0.07163921484375 0.08259482777777778
0 0.14041286171875 0.3443776694444444 0.020058980468749987 0.03566040833333332
0 0.37682227265625 0.36679278055555553 0.011462274218749968 0.017830205555555523