1 0.23034373125 0.49722222222222223 0.09028124375000002 0.12152772777777775
1 0.426937465625 0.5009999597222222 0.03206249765624998 0.044999997222222275
1 0.45309371484375005 0.5054999569444445 0.020249997656249973 0.031500004166666665
1 0.46760622265625 0.5084999611111112 0.021093745312500013 0.028499997222222205
1 0.48616872187500004 0.5054999569444445 0.01349999921874998 0.026999997222222225
1 0.49798122031250003 0.5144999583333334 0.011812500781250002 0.014999998611111051
1 0.54607496640625 0.5099999583333333 0.008437499218749967 0.015000001388888901
1 0.550293715625 0.5069999611111111 0.009281249999999996 0.017999998611111165
1 0.5570437148437499 0.5009999597222222 0.011812503124999995 0.025500001388888905
1 0.6096937312499999 0.4844999597222222 0.06530626875000003 0.11999999027777777
1 0.40314373281250004 0.5084999611111112 0.03881249687499997 0.04949999722222221
1 0.63719995859375 0.47638888888888886 0.1307812390625 0.14305555555555555
1 0.12734375 0.5013888888888889 0.1265625 0.15833333333333333
1 0.56362495546875 0.4916999638888889 0.02250000078125005 0.03829998333333333
1 0.52059370859375 0.5096999638888888 0.014343747656250017 0.02100000138888889
0 0.37243122109375004 0.46499996111111114 0.015187500781249997 0.02999999444444441
0 0.67685620625 0.37499996944444447 0.02953124843749997 0.05249999722222225
1 0.7652811890625 0.45149996527777775 0.23371873359374992 0.3449999708333334
1 0.5101874625 0.5164999513888889 0.00843750156250005 0.013499993055555532