1 0.4191673734375 0.4471118652777778 0.01949615703125005 0.038125818055555524
1 0.402595640625 0.44364588194444443 0.02047096484375004 0.051989754166666714
1 0.37920025234375 0.43671391527777775 0.028269427343749997 0.07105266111111111
1 0.35288043984375 0.4349809236111111 0.03899231484375001 0.10224651111111108
1 0.32071178203125 0.43324793194444444 0.051664815625000006 0.11784343611111107
1 0.282694275 0.4211169888888889 0.0594632796875 0.1577022472222222
1 0.21328125 0.4055200638888889 0.1 0.19582806527777782
1 0.1203125 0.43194444444444446 0.165625 0.22083333333333333
1 0.49140625 0.44537887361111117 0.036939603125 0.0710526625
1 0.5234718132812499 0.44537887361111117 0.02924423515625003 0.07798462777777779
1 0.53614431484375 0.4471118652777778 0.03704269765625003 0.09011556944444439
1 0.5468672015625 0.4523108402777778 0.039967121875 0.09184856111111105
1 0.555640471875 0.44537887361111117 0.09455636093750001 0.11957642916666661
1 0.62578125 0.3483313388888889 0.34707698125 0.3639282611111111
1 0 0.37432621250000003 0.15625 0.3840071208333333
1 0.8285866687500001 0.3535303125 0.1705913734374999 0.4939026430555556