0 0.38446064999999996 0.3571700166666667 0.010807046875000026 0.015370019444444457
0 0.6118589203125 0.37848676666666664 0.018011742187499992 0.011527515277777825
0 0.58386866640625 0.33942129444444447 0.01585033515624996 0.017931691666666676
0 0.57162068046875 0.4073055569444444 0.010807046874999938 0.023055031944444457
0 0.51326263359375 0.397058875 0.01729127343750001 0.020493361111111122
0 0.59035289453125 0.397058875 0.007925167968750025 0.03330171111111113
0 0.6622918015625 0.39257594999999995 0.014409394531250008 0.02433586666666672
0 0.44395088437499997 0.3386893819444445 0.007925167968750025 0.020493361111111122
0 0.5598049820312501 0.3274668361111111 0.006484227343749982 0.026897534722222203
0 0.6224858492187499 0.4107211222222222 0.01008657656250005 0.015370019444444457
0 0.6199513421875 0.30794934305555555 0.008645636718750006 0.028178373611111123
1 0.4974123 0.43804559583333336 0.00720469687500005 0.017931691666666676
1 0.50245558671875 0.4213947402777778 0.020893623437499988 0.04098672222222217
1 0.507498875 0.43932643194444443 0.01657080390624994 0.02689753750000005
1 0.51254216328125 0.43932643194444443 0.02521643984374995 0.038425052777777795
1 0.4368928421875 0.41805555555555557 0.06916509374999995 0.11733350833333331
1 0.425365325 0.4329222583333333 0.011527515625000007 0.025616701388888902
1 0.24812977734375 0.44188810416666663 0.015850335156250006 0.03714421666666673
1 0.1484375 0.42777777777777776 0.11171875 0.13472222222222222
1 0.26015625 0.31805555555555554 0.14609375 0.24583333333333332
1 0.73671875 0.42777777777777776 0.21953125 0.1875
3 0.14913723437499998 0.4615275861111111 0.007925167968750002 0.017931688888888825
3 0.13833018828125002 0.4576850819444444 0.010807046093749984 0.023055029166666685
3 0.41691183359375 0.4423150611111111 0.00648422812499998 0.025616701388888902
3 0.6748399984375 0.43975339027777777 0.013688924218749943 0.053795072222222254
3 0.623686646875 0.4384725569444444 0.006484228125000069 0.04354839305555558
3 0.62872993515625 0.44487673055555554 0.009366106249999983 0.040986722222222244
3 0.61504100859375 0.441034225 0.005763758593750001 0.028178373611111123
3 0.59558832578125 0.4346300486111111 0.008645636718750006 0.0294592069444445
3 0.58766316015625 0.4384725569444444 0.008645637500000003 0.029459205555555534
3 0.5797379921875 0.44359589444444447 0.005763758593750001 0.03202087638888887
3 0.7533711984375 0.4333492152777778 0.012247985937500072 0.04354839305555558
3 0.73752086328125 0.43078754444444445 0.015129863281249989 0.046110063888888914
3 0.9623074210937499 0.388946925 0.03746442656250011 0.17419357083333334
3 0.7627373046875 0.4363378236111111 0.009366106249999983 0.02177419722222227
0 0.55452155234375 0.3300285125 0.006484227343749982 0.025616701388888864
3 0.029539282031250003 0.42839930694444445 0.03170066796875 0.13448768333333336
2 0.08359375 0.4736111111111111 0.0375 0.07952667222222223
3 0.60216859296875 0.44573060833333333 0.012247985937499983 0.040986722222222244