1 0 0.35749699583333333 0.34375 0.6415357069444444
1 0.2814370609375 0.5648126055555556 0.032138 0.05060459722222224
1 0.5862889515624999 0.5599153861111111 0.016528114843750073 0.04733978750000002
1 0.5982259234375 0.5648126055555556 0.014691658593749945 0.045707376388888894
1 0.6046535234375 0.5648126055555556 0.016528114062499988 0.04897218888888888
1 0.60970378125 0.5574667763888889 0.05050257187499998 0.07672309861111112
1 0.32109375 0.5291666666666667 0.2640625 0.2361111111111111
1 0.56057855078125 0.5590991833333334 0.03305623046875006 0.06692865972222219
0 0.8774091515625001 0.4584325791666667 0.023873946093749866 0.04244256527777779
0 0.9138878773437501 0.28317149305555556 0.014691657812499948 0.0408101597222222
0 0.16235951875000001 0.31745202777777776 0.019282801562499997 0.05876663194444443
0 0.6608835484375 0.48090692222222226 0.021119259374999987 0.044074973611111075
0 0.8935626703124999 0.38851271666666665 0.044074972656250114 0.026118502777777764
0 0.4524456609375 0.49788394583333334 0.010100513281250034 0.027750908333333275
0 0.53324977578125 0.5011487555555556 0.008264056249999995 0.017956472222222193
3 0.69326259609375 0.5636466111111111 0.015609885937499967 0.055501818055555596
3 0.8292916124999999 0.5699430305555556 0.018364571093750115 0.07672309722222216
3 0.88530355625 0.5470893416666667 0.023873942968749874 0.1077388180555555
3 0.87061189765625 0.5454569347222222 0.02387394374999996 0.11426844722222221