traffic light 0.35037963359375 0.16932200416666668 0.01716101406249999 0.03203389444444444
traffic sign 0.49767833359375 0.28525418333333336 0.01201270781249999 0.03355931388888887
traffic sign 0.15503008984375 0.2471185986111111 0.0248834703125 0.04576270138888891
car 0.3417991265625 0.3066101111111111 0.20249996328125003 0.2898304513888889
car 0.88666131171875 0.27610164444444446 0.11068854062500008 0.18457623611111107
motor 0.9398604546874999 0.3203389236111111 0.05663134453125007 0.13728810972222225
drivable area 0 0 0 0
lane 0 0 0 0
lane 0 0 0 0
lane 0 0 0 0
lane 0 0 0 0