car 0.172361309375 0.5566347013888889 0.1031693625 0.07464449999999997
car 0.222746346875 0.5246442 0.02879145000000003 0.029857801388888876
car 0.18915632265625 0.5246442 0.026392162500000003 0.02559240138888883
car 0.15796558359375 0.5246442 0.03239038125 0.027725099999999968
car 0.12917413359375002 0.5225115013888889 0.03239038203125 0.034123200000000034
car 0.11237912265625001 0.5225115013888889 0.019194299999999997 0.027725099999999968
car 0.060794439843750006 0.516113401388889 0.05758290078125 0.0383886
car 0.07159123359375 0.4990518013888889 0.0215935875 0.017061600000000017
car 0.7169995734375 0.5502366013888889 0.014395725781249969 0.034123200000000034
traffic sign 0.6822099046875 0.5097153013888889 0.015595368750000027 0.021326998611111096
traffic sign 0.68101026015625 0.4926537013888889 0.017994656250000053 0.012796199999999973
traffic sign 0.68340954921875 0.47132670138888894 0.016795012499999994 0.012796201388888859
car 0.64861987890625 0.5267769013888889 0.07677719999999999 0.10876770000000001
car 0.8777518375 0.5672982013888889 0.03838860000000004 0.05545020000000002
car 0.8825504117187499 0.5630328013888889 0.10916758125 0.06611369999999997
car 0.8873489875 0.5779617013888889 0.11265101249999994 0.07037910000000001
car 0.72179814921875 0.4009476013888889 0.16315155078125 0.31137420138888894
car 0.39789433515625 0.5609001013888889 0.031190736718749966 0.03625589999999998
truck 0.381099321875 0.4734594 0.27471842031250004 0.40947840277777786
car 0.0133648546875 0.5896870972222222 0.06987299921875001 0.07031245138888893
drivable area 0 0 0 0
lane 0 0 0 0
lane 0 0 0 0
lane 0 0 0 0
lane 0 0 0 0
lane 0 0 0 0