1 0.33981964374999996 0.5621994 0.02667526171875001 0.049484544444444445
1 0.31314438046875004 0.5745705361111111 0.02783505625 0.04536083194444447
1 0.27487117890625 0.5786942486111111 0.035953614843749995 0.04536083194444447
1 0.23891756484374999 0.5910653847222223 0.03595361406249999 0.05360825555555561
1 0.1762886890625 0.5869416722222223 0.06030928750000002 0.07010310277777781
1 0.10902063671875 0.5993128083333333 0.0626288765625 0.07010310277777781
1 0.00231958828125 0.5807561027777778 0.09742269609375001 0.13402064027777788
1 0.45463924921875 0.5642612569444444 0.02319588046875003 0.03505155138888891
1 0.47435574843749995 0.5518901208333333 0.03363402578125001 0.07216495972222224
1 0.48363410078125 0.5663231125 0.03363402578125001 0.061855680555555556
1 0.4987114234375 0.5725086791666667 0.03943299531249993 0.057731968055555506
1 0.51842791953125 0.5663231125 0.06842784765625005 0.09072166527777784
1 0.6100516476562501 0.5560138305555555 0.13221651718749997 0.18350518472222233
1 0.7005155796875 0.5209622819444445 0.298067059375 0.3319588166666667
0 0.48479389375000004 0.5340207083333334 0.009278351562499943 0.020618558333333366
0 0.57525782578125 0.49484544305555556 0.010438146874999976 0.02474226944444445
1 0.40592790234375 0.5477664083333333 0.022036086718749993 0.026804127777777766
