1 0.357456415625 0.5278121291666668 0.021093735156249994 0.023437483333333297
1 0.25989788828125 0.502030898611111 0.03427732031250001 0.06796870277777782
1 0.5749855625 0.4903121555555555 0.03032224531249996 0.03984372361111118
1 0.6132179585937501 0.49499965277777774 0.06196284765625002 0.08203119305555553
1 0.44446807421875 0.5114058916666667 0.018457018750000033 0.01640623750000003
1 0.5327980921875 0.502030898611111 0.01713866015625003 0.02812498194444449
1 0.5143410734375 0.5160933875 0.014501942968750025 0.016406238888888838
1 0.5828957140625 0.5067183944444444 0.03032224531250005 0.03749997638888887
1 0.66727065546875 0.41765595555555557 0.22675765624999994 0.2484373291666667
1 0 0.44812468611111106 0.2915384921875 0.4945309097222223
