0 0.19410753593750002 0.13097971944444445 0.03662866171874999 0.023823518055555562
0 0.9400814578125001 0.0007444847222222221 0.04466909921874986 0.05399997638888889
1 0.43563535703125 0.2643276013888889 0.027694839843749985 0.02064704722222221
3 0.5821499929687499 0.2405040833333333 0.007147056250000006 0.04288233055555557
3 0.5714294117187501 0.2389158472222222 0.010720584375000008 0.055588208333333354
3 0.60537792265625 0.2405040833333333 0.02322793281250002 0.12070582361111108
3 0.924315290625 0.1502016111111111 0.07518169921875 0.4828233055555556
1 0.6804542398437501 0.11390617222222223 0.31904274999999993 0.3625646166666666
3 0.33372596328125004 0.26390606805555555 0.011865225781249978 0.05624996249999998
1 0.48797390390624995 0.26390606805555555 0.011865225781250021 0.018749987499999992
3 0.647495278125 0.24984357777777777 0.010546867968750017 0.04921871666666667
