0 0.367903240625 0.3270139902777778 0.008397506249999997 0.02772510000000001
0 0.47947011093749997 0.3632698902777778 0.007197862500000074 0.029857801388888876
0 0.42668578515625005 0.42725089166666663 0.005998218749999928 0.021326998611111175
0 0.47707082187500005 0.43578169027777774 0.007197863281249983 0.019194301388888925
0 0.294724971875 0.39312769166666667 0.010796794531249976 0.012796199999999973
0 0.299523546875 0.3419428888888889 0.017063756250000006 0.025592401388888873
0 0.5694433921875001 0.4187200902777778 0.010796793749999978 0.01492889861111111
0 0.59463591015625 0.3654025888888889 0.019194301562500016 0.019194301388888925
1 0.41468934765625 0.47843569166666666 0.015595368750000027 0.02985779999999999
1 0.39549504765625 0.47843569166666666 0.013196081250000002 0.01919429999999996
1 0.38229896640625 0.4720375916666667 0.016795012499999994 0.03199049861111105
1 0.36670359765625 0.47417029027777774 0.020393944531249986 0.027725098611111162
1 0.352307871875 0.46990489027777776 0.017994657031250007 0.03412319999999996
1 0.345110009375 0.4763029902777778 0.016795012499999994 0.03199050000000001
1 0.2875271109375 0.45284329027777775 0.06358111796875003 0.07677720138888888
1 0.24673922187500003 0.46137409166666665 0.0479857515625 0.07251179861111115
1 0.21554848359375 0.46563949027777773 0.05158468281249999 0.07037910138888889
1 0.13637199687499998 0.43578169027777774 0.08877363671875002 0.1151658
1 0 0.46563949027777773 0.030803346875 0.13649280000000005
1 0 0.4165873888888889 0.153167009375 0.15568710138888892
1 0.42308685390624995 0.4507105888888889 0.061181831250000054 0.10450230138888893
1 0.48426868515625 0.48056839027777776 0.010796793749999978 0.023459700000000003
1 0.49026690390625005 0.4763029902777778 0.01559536796874994 0.03199050000000001
3 0.515459425 0.48270109027777774 0.011996436718750036 0.04691940138888889
1 0.5022633421875 0.4720375916666667 0.03239038281250002 0.0447866986111111
0 0.54904944765625 0.4400470902777778 0.016795012499999994 0.012796199999999973
1 0.54185158515625 0.4720375916666667 0.035989312500000016 0.0767772
2 0.56584446015625 0.49976269027777775 0.026392163281250002 0.08104260277777774
2 0.56824374765625 0.46563949027777773 0.023992875781249978 0.08530800000000001
1 0.56584446015625 0.49549729166666673 0.04198753203125003 0.059715601388888866
1 0.58743804765625 0.4677721888888889 0.08277541953125 0.10876770000000001
1 0.6342241546875 0.4677721888888889 0.12716223749999997 0.15568710138888892
1 0.70620277890625 0.4400470902777778 0.24832625703125003 0.2559239972222222
1 0.87055397421875 0.48056839027777776 0.12944602578124992 0.2708529013888889
0 0.37591343359375 0.32624976805555556 0.009228509375000016 0.03281247777777775
0 0.2915384921875 0.42703095 0.013183584375000024 0.02109373472222218
0 0.5815773546874999 0.3824997305555556 0.021093735937500035 0.016406236111111066
