0 0.43086506796875 0 0.022420580468750017 0.07486524027777779
0 0.39577198515625 0.00034659305555555556 0.036067889062500004 0.11784344027777777
0 0.47375661328124996 0.04020540277777778 0.05848847187500006 0.07971761944444444
0 0.56148931953125 0.10952507222222223 0.044841160937500034 0.06585368472222222
0 0.65604568046875 0.26376133472222224 0.039967121875 0.024261884722222227
0 0.6823654921875 0.3018871527777778 0.030219041406250025 0.01732991805555556
0 0.7009012953125 0.35205325277777777 0.02630535781250005 0.03821647916666669
1 0 0.5375740277777777 0.06726173984375 0.07971761944444451
1 0.054589239062499996 0.5323750527777779 0.07213578125 0.060654711111111065
1 0.127699828125 0.5306420611111111 0.05263962343749999 0.05198974861111117
1 0.181314259375 0.5133121444444444 0.04581596718750001 0.04679077638888892
1 0.27392100468749997 0.5029141930555555 0.025345005468750025 0.04332479305555563
1 0.29829120078125004 0.4821182930555556 0.04679077656249997 0.055455734722222164
1 0.3714017890625 0.4786523097222222 0.04874039218749995 0.0762516388888889
1 0.41234371875000003 0.4821182930555556 0.016571733593749992 0.0623877041666666
1 0.42404141328125 0.4751863263888889 0.01949615781249996 0.060654709722222186
1 0.43378949140625 0.47172034305555555 0.02047096484375004 0.051989748611111095
1 0.52152219765625 0.4699873513888889 0.03021904296875002 0.07798462777777779
1 0.49617719375 0.48038530138888885 0.018521350781249966 0.03639282638888888
1 0.2281050359375 0.5046471847222223 0.044841159374999995 0.055455736111111126
1 0.3197369734375 0.4942492347222222 0.06531212578124998 0.08145061111111115
1 0.456210071875 0.4751863263888889 0.044841160937500034 0.07105265972222223
1 0.5449175859375 0.464788375 0.07311058828124999 0.10571249861111111
1 0.2758706203125 0.45612341666666667 0.06238770078124998 0.050256756944444446
0 0.4971520015625 0.433594525 0.019496158593750045 0.017329916666666632
0 0.49617719375 0.4595894 0.009748078124999981 0.00866495694444451
0 0.460109303125 0.42839555 0.01754654140625007 0.017329916666666632
0 0.49227796250000005 0.4162646069444444 0.010722885937499971 0.019062909722222247
0 0.45426045625 0.42319657361111107 0.009748078124999981 0.020795904166666664
3 0.7739974296875001 0.433594525 0.02242058046874993 0.09358155277777777
3 0.7077104960937499 0.4370605083333333 0.020470963281250042 0.10397950555555559
3 0.906571296875 0.4075996486111111 0.03216865859374991 0.1247754041666667
0 0.35775447968749996 0.433594525 0.011697693750000005 0.02079590000000001
0 0.33630870703125 0.4370605083333333 0.012672501562499994 0.019062911111111133
0 0.687647321875 0.35205325277777777 0.012474328124999979 0.030492801388888876
