0 0.5673330492187499 0.29842105416666664 0.008992598437500022 0.046184211111111116
0 0.6762434125000001 0.31085526527777774 0.009991776562499943 0.035526315277777776
0 0.4444342 0.2895394763888889 0.00999177734375003 0.03730263194444442
0 0.39447531874999997 0.31973684305555555 0.02597861875000005 0.04085526388888883
0 0.23660525234375 0.3517105291666667 0.018984375000000008 0.031973684722222215
0 0.21462334453124998 0.3659210541666667 0.019983552343750023 0.0319736861111111
0 0.6852360109375 0.04973684444444444 0.18784539687500007 0.2966447361111111
1 0.1266957125 0.44230263333333336 0.05795230234375 0.044407895833333315
1 0.10071709375 0.4316447402777778 0.03197368359375001 0.04796052638888884
1 0.06474669921875001 0.4316447402777778 0.05595394765624999 0.06217105277777774
1 0.020782882031249998 0.44052631805555553 0.0489597046875 0.05328947500000002
