0 0.4335885265625 0.43941206388888887 0.029779432031249976 0.029117668055555553
0 0.38594143515625 0.4526473680555556 0.02531251718750003 0.018529423611111106
1 0.2650369453125 0.4897062166666667 0.05658092109374997 0.04500003055555553
1 0.0029779429687500003 0.5002944583333334 0.16676481953125 0.07676475833333332
1 0.45502973124999996 0.4897062166666667 0.022334574218750004 0.013235302777777729
1 0.40887161171875 0.4764709138888889 0.04615811953124993 0.07676475833333332
1 0.49195623203125 0.4711767916666667 0.05658092031250002 0.02382354583333329
1 0.564915840625 0.48176503472222226 0.04020223281250006 0.060882394444444383
1 0.3150663890625 0.46852973194444447 0.10422801249999995 0.1561765763888889
1 0.39844881015625 0.48705915555555557 0.23079059921874995 0.3335296402777778
