3 0 0.36402182777777775 0.020683421875 0.14976898194444443
3 0.746126925 0.4118646986111111 0.014040841406249971 0.02080124722222223
3 0.27692878828125 0.3869032013888889 0.015210911718749998 0.0457627444444444
3 0.39042559453125 0.3889833263888889 0.011700701562500049 0.04784286944444444
3 0.40329636640625 0.38482307777777774 0.01053063046875007 0.03952236944444449
1 0.34830306875 0.42018519722222225 0.2468848046875 0.3577814555555555
1 0 0.40770444861111116 0.322561525 0.3016180861111111
3 0.0557855265625 0.3869032013888889 0.049142947656250005 0.09984598749999994
1 0.74144664375 0.44098644444444446 0.25624536718749996 0.5241914347222223
1 0.28160906875 0.4326659458333333 0.09477568359375002 0.15600935555555562
1 0.36351398046875 0.44098644444444446 0.028081684375000027 0.03744224722222222
1 0.73676636484375 0.42850569722222226 0.10062603359375002 0.1456087319444444
1 0.5986980843749999 0.3931435763888889 0.15444926250000002 0.2267335958333333
1 0.5495551375 0.3244994597222222 0.13221792890625003 0.2121727236111111
1 0.536684365625 0.4243454472222222 0.017551052343749964 0.014560873611111053
1 0.52849387421875 0.4118646986111111 0.017551052343749964 0.004160250000000016
1 0.51913331328125 0.3931435763888889 0.025741542968749975 0.018721120833333296
1 0.5074326109375 0.37442245277777775 0.01872112187499999 0.020801248611111114
1 0.4348882609375 0.40562432638888885 0.07254435 0.016640997222222214
0 0.36000377031249997 0.3702622027777778 0.016380982031250026 0.03536212083333328
0 0.36702419140625003 0.30161808749999997 0.01170070156249996 0.03328199444444447
0 0.64316075078125 0.2745764652777778 0.03159189453125002 0.01456087361111113
0 0.31554110390625 0.3099385861111111 0.009360562499999992 0.04784286944444444
0 0.31203089453125 0.3806628277777778 0.010530630468750024 0.014560873611111053
0 0.29681998125 0.4160249486111111 0.011700700781250007 0.0228813722222222
0 0.4196773484375 0.33281995833333333 0.007020421093749984 0.027041622222222252
0 0.69464383828125 0.35362120555555554 0.01872112265625008 0.01872112361111111
0 0.6876234171875 0.3806628277777778 0.010530631250000066 0.016640997222222214
0 0.716875171875 0.3390603333333333 0.010530630468749979 0.03120187222222227
0 0.80346036328125 0.401464075 0.009360561718749948 0.022881372222222276
0 0.81633113515625 0.401464075 0.011700701562499916 0.022881372222222276
1 0.7817958921875 0.41245203055555557 0.05458923984375001 0.027727868055555563
1 0.5030008484375 0.3379333861111111 0.013647310156250026 0.032926843055555544