1 0.41664382109375 0.39568784722222217 0.008049908593750033 0.01749115972222223
1 0.42469373125 0.3925076333333334 0.009838778906249956 0.020671373611111064
1 0.42916590390625 0.3925076333333334 0.01073321250000001 0.025441690277777776
1 0.43453250859375 0.39091752916666667 0.011627646875000064 0.027031795833333344
1 0.44168798515625 0.3781966847222222 0.028621900781249997 0.04452295555555558
1 0.46762658281249997 0.3829670027777778 0.04829945859375 0.05724380277777775
1 0.51503160625 0.3925076333333334 0.07602692500000004 0.09063602222222218
1 0.55398015390625 0.3750164736111111 0.08944344140625002 0.11925792222222222
1 0.59870187421875 0.3638857347222222 0.1797813171875 0.17650172361111116
1 0.14603675390624998 0.39727795416666667 0.05277163124999999 0.0667844361111111
1 0.11920372187499999 0.4147691138888889 0.0384606796875 0.06201411944444446
1 0.027971410937500003 0.40363837638888894 0.09749335156250001 0.09540633611111105
1 0 0.4004581652777778 0.0391924984375 0.11766781249999998
1 0.7579112007812501 0.3448044666666667 0.2397084226562499 0.3689045055555555
1 0.32232164140625 0.40522848055555555 0.014310948437500004 0.022261477777777827
1 0.40818734531249995 0.39409774305555556 0.007155475781250064 0.020671370833333293
1 0.4032273046875 0.4020482694444445 0.008944343749999995 0.03339221805555555
1 0.33793359375 0.38137689583333334 0.07066031875000003 0.10176675972222221
0 0.6143138265625 0.24462781388888888 0.03130520468750007 0.07632506944444443
0 0.45957667265625 0.3559352069444444 0.00894434531249999 0.027031795833333344
1 0.1966129546875 0.4131790069444444 0.03130520468750002 0.04134274583333332
1 0.30036734765625 0.40363837638888894 0.021466425781249975 0.02544168888888889
0 0.42558816640624997 0.2875606625 0.011627646093750065 0.03339221944444443
0 0.31110056015625 0.3225429875 0.01073321328125001 0.01908126805555553
0 0.34240576484375 0.3559352069444444 0.0062610398437500155 0.014310951388888861
0 0.40948834609375 0.34957478472222225 0.007155474999999978 0.015901056944444433
