0 0.4550149421875 0.3028122847222222 0.007910150781250014 0.03046872916666668
0 0.42469269687500005 0.30515603333333335 0.007910149999999927 0.028124980555555564
0 0.43523956484375 0.30515603333333335 0.007910150000000015 0.018749987499999992
0 0.47479031875000005 0.31218727777777777 0.01713866015624994 0.02109373749999999
0 0.5051125640625 0.3520310013888889 0.011865225781250021 0.018749986111111106
0 0.615854675 0.2770310527777778 0.03032224531249996 0.07031245138888889
0 0.48401882812499997 0.3496872527777778 0.019775377343750032 0.02343748472222222
1 0.33372596328125004 0.3848434777777778 0.022412093749999994 0.02578123472222218
1 0.35613805703125 0.3848434777777778 0.018457018749999988 0.02578123472222218
1 0.47215360234375003 0.3824997305555556 0.014501942968749936 0.016406236111111066
1 0.45633330078125 0.38015598194444444 0.013183584375000024 0.023437483333333297
0 0.10696830625 0.29109354305555557 0.031640603124999986 0.016406238888888876
0 0.1293804 0.3590622458333333 0.015820301562500007 0.02343748472222226
0 0.15574756953125 0.26765605833333334 0.009228508593749995 0.0398437236111111
