0 0.17278901796874999 0.3336884361111111 0.014033627343749999 0.012474333333333318
0 0.17512795546874999 0.2907212847222222 0.003898229687499999 0.009702258333333328
0 0.26712616953125 0.2893352486111111 0.014033627343750021 0.027720741666666666
1 0.4504621484375 0.36776190972222217 0.005717404687499972 0.008316226388888895
1 0.45410049687500004 0.36776190972222217 0.008835988281250007 0.012012323611111164
1 0.45981790078125 0.37145800972222226 0.0072766960937499904 0.012012320833333314
1 0.523229109375 0.37607813333333334 0.02806725625000004 0.056365518055555536
1 0.5299860414062499 0.37607813333333334 0.04989734453125001 0.06560576805555556
1 0.564117221875 0.3693019694444445 0.12682241718749995 0.11642713472222223
1 0.4135589046875 0.36529785277777777 0.031185839843749986 0.0194045222222222
1 0.38549164765625 0.3671459027777778 0.015592918749999995 0.021252572222222217
1 0.3693789640625 0.36529785277777777 0.019751030468749996 0.03234087083333337
1 0.35950344765625003 0.3736140763888889 0.011954571874999997 0.029568797222222228
1 0.32311996718749997 0.34958942916666663 0.038462536718750016 0.06745381805555557
1 0.2841376671875 0.37823420138888886 0.02234985078124998 0.03326489583333338
1 0.2971317671875 0.37453810138888893 0.04314041249999998 0.05544149444444441
1 0.374408753125 0.3806982583333334 0.08472153281250003 0.14045178472222217
1 0.87113798828125 0.39363460694444447 0.12837361875000006 0.1496920333333333
1 0.65297074765625 0.3612937347222222 0.22199473671874995 0.18967120555555556
3 0.14439043437500002 0.38901448194444443 0.011954571874999997 0.051745397222222225
1 0.16050311875 0.3483573875 0.10707138515624999 0.13860373472222223
1 0.07941993359375 0.4010268055555556 0.06912861328125 0.07065672222222222
1 0.00032806953125 0.38785289305555554 0.08497039843750001 0.1102318694444445