1 0.00019123671875 0.4270224916666666 0.08414131484375001 0.20380896111111113
1 0.09590198125 0.4870262875 0.09255544687499999 0.1252770694444444
1 0.160059734375 0.4645886041666667 0.1451437671875 0.16828262916666661
1 0.297841134375 0.49076590138888887 0.06310598593750001 0.07853189305555554
1 0.35463652265625 0.4870262875 0.03996712421875 0.059833823611111114
0 0.40406954375000004 0.4664584111111111 0.01893179531250002 0.03365652638888893
0 0.46507199765624996 0.39727555277777776 0.02734592812500001 0.05235459444444446
0 0.4808484953125 0.3262228875 0.014724729687499938 0.04300556250000002
0 0.48295202734375 0.24395137916666668 0.014724730468750025 0.050484786111111096
0 0.48505556015625 0.22151369583333333 0.011569430468749965 0.01869807361111112
0 0.4166907421875 0.3748378708333333 0.0178800296875 0.05422440138888894
0 0.43351900624999995 0.3785774833333333 0.009465898437500009 0.05235459722222223
0 0.0706595875 0.02518396111111111 0.11043547500000002 0.15893359305555554
0 0.04646895859375 0.07940836666666667 0.16092026328125003 0.16080340277777777
0 0.165318565625 0 0.05889892109374999 0.10558566388888888
0 0.44719196953124996 0.47580744444444445 0.028397692187500035 0.037396140277777726
1 0.48505556015625 0.49450551805555554 0.02524239296874997 0.03926594305555556
1 0.5060908890625 0.48515648055555555 0.019983560937500044 0.024307491666666674
1 0.5187120859375 0.49263571111111115 0.022087095312499992 0.03178671805555556
1 0.53659211484375 0.48515648055555555 0.030501226562499983 0.04861498194444446
1 0.5492133109374999 0.47206783055555557 0.10307311015625001 0.13088648888888887
0 0.6228369625 0.44963014861111106 0.025242391406249974 0.014958455555555616
0 0.6701664515625 0.42158304305555555 0.015776496875000046 0.02056787777777779
0 0.66911468515625 0.3991453611111111 0.014724730468749937 0.01682826250000002
0 0.64807935703125 0.309394625 0.03576005859375 0.022437680555555575
0 0.7448418679687501 0 0.030501226562499983 0.045751840277777775
