1 0.575144990625 0.493094825 0.006889492968749966 0.014969761111111129
1 0.56748999921875 0.48901216388888885 0.009185991406249983 0.021774198611111156
1 0.55218001875 0.4917339375 0.019137477343749952 0.021774193055555616
1 0.53227704296875 0.46769159583333336 0.019137477343749952 0.04899194027777772
1 0.5139050640625 0.46633070694444445 0.02679246796874999 0.05443549027777779
1 0.39984569375 0.4522682083333333 0.024495975000000003 0.07212702361111115
1 0.43582415703125 0.46587707916666665 0.02908896406250001 0.07212702361111115
1 0.63102642578125 0.4631553055555555 0.017606480468749998 0.05443549027777779
1 0.6402124140625001 0.46179442083333333 0.01684097812499994 0.059879036111111124
1 0.644039909375 0.4604335305555555 0.02602696875000001 0.07484880000000002
1 0.6601153914062501 0.4522682083333333 0.06966041796874993 0.10206654583333333
1 0.26920051171875004 0.44364925 0.0517987765625 0.07802421944444443
1 0.19086444296875 0.4327621527777778 0.0880323953125 0.059879036111111124
1 0.00051033046875 0.4019153763888889 0.08726689609375 0.07620968749999998
1 0.00051033046875 0.45907265555555554 0.24802170625 0.2313508388888889
1 0.308240965625 0.44364925 0.11252836640625001 0.12520162916666666
1 0.45062379531249996 0.44637102638888887 0.07808090781250003 0.11295364305555554
1 0.7006868421875 0.3919355361111111 0.2020917593750001 0.28578632361111117
