1 0.5549651132812501 0.48396269861111113 0.02579011796874999 0.03566040972222224
1 0.573591309375 0.4831136347222222 0.030088470312499994 0.04584909722222221
1 0.6337682499999999 0.4831136347222222 0.05731137265625001 0.09679254027777778
1 0.65955836796875 0.4882079791666667 0.10889160703125 0.11971708888888889
1 0.71257138671875 0.5111325277777777 0.16620297968750003 0.1400944652777778
1 0.0936085671875 0.4882079791666667 0.06304250937499999 0.08915102361111112
1 0 0.4703777736111111 0.10363805703125 0.10188688472222225
1 0.834358053125 0.5264155597222222 0.16333741093749995 0.2394341777777777
0 0.635201034375 0.45509474166666664 0.017193411718749996 0.02547172083333338
0 0.46326691796875 0.4457551166666667 0.010029489843749939 0.02037737777777772
0 0.48905703515625004 0.45339663333333335 0.010029490624999938 0.0254717208333333
1 0.33001797734375 0.45339663333333335 0.11892109765625003 0.0628302388888889
0 0.6638567203125 0.26405683472222224 0.03152125468750002 0.1197170875
0 0.70970581875 0.3939626111111111 0.03152125468750002 0.028018893055555574
