1 0 0.3827429527777778 0.19619394765625 0.5033901902777778
1 0.91461703046875 0.6344380486111111 0.08424505078125008 0.3182590847222223
1 0.13067001796875 0.4950696875 0.1567894015625 0.22049322499999996
1 0.5834871726562499 0.48674918888888885 0.15678940156250007 0.16849010416666668
1 0.2921397 0.48466906388888886 0.07371442187500002 0.11024661250000002
1 0.35766362890625 0.5013100625 0.022231334375000023 0.08528511250000001
1 0.37872489296875 0.5075504375 0.014040842187500013 0.06864411527777779
1 0.3834051734375 0.4992299388888889 0.019891192187499972 0.05408324305555554
1 0.40212629609375006 0.5200311847222222 0.011700700781250007 0.029121748611111067
1 0.41382699843750004 0.5179510597222222 0.009360562499999947 0.03536212083333336
1 0.49924211874999996 0.5117106875 0.036272176562500036 0.058243491666666675
1 0.48637134765625 0.5075504375 0.016380982031249935 0.056163370833333365
1 0.47467064687500005 0.5117106875 0.018721124218749986 0.04992299444444449
1 0.465310084375 0.5158709361111111 0.01755105234375005 0.04160249166666669
1 0.45594952343750006 0.5200311847222222 0.016380982031249935 0.029121748611111067
1 0.44892910312499995 0.5179510597222222 0.015210911718749998 0.020801248611111114
1 0.5495551375 0.4992299388888889 0.06552393046875 0.11648698472222223
0 0.04057461484375 0.3078584625 0.036272175 0.043682618055555546
0 0.78941952109375 0.1913714763888889 0.07371442187500002 0.12272735972222222
0 0.8116508539062499 0.31825908472222225 0.031591895312500104 0.05200312083333335
1 0.72220558359375 0.49559210833333334 0.10291529609375001 0.10480263055555557
