0 0.48336060625000005 0.3917382569444444 0.014345882812499955 0.052707834722222284
0 0.8324437843749999 0.10779602916666667 0.02964815781250003 0.09861466111111113
0 0.35252616640625 0.5559826597222223 0.011476706249999991 0.028904297222222177
0 0.763583546875 0.6069902444444445 0.01625866718750002 0.023803537499999944
0 0.25612183125 0.38595738055555556 0.018171451562499996 0.045906824999999984
0 0.3852347765625 0.45226723888888887 0.014345882031250002 0.05100758333333333
0 0.5560464125 0.5729851874999999 0.008607529687499938 0.02040303194444443
0 0.600040453125 0.5865872097222222 0.006694745312499961 0.015302275000000047
0 0.8012653929687501 0.11357688472222222 0.0258225890624999 0.10201516666666668
3 0.03443011875 0.5667509444444444 0.06886023671875001 0.14112098055555553
3 0 0.5344461416666667 0.0382556875 0.16662477222222222
3 0.30508910859375 0.6124310722222223 0.02677898125000002 0.08841314444444445
0 0.49828033046875 0.3910581388888889 0.015302275781249985 0.044206572222222226
0 0.3596034625 0.5066753277777778 0.016258667187499975 0.015302274999999968
0 0.36725460078125 0.5270783611111111 0.022953412499999982 0.015302274999999968
0 0.23565504375000002 0.5015745694444445 0.022953412499999982 0.03910581527777776
0 0.8697430796875001 0.5593831652777778 0.0258225890624999 0.02040303194444443
0 0.75038534609375 0.5576829125 0.01721506015624996 0.028904297222222177
0 0.2324033015625 0.6209323361111111 0.01625866718750002 0.025503791666666664
3 0.42425558046875 0.6311338527777778 0.012433098437499979 0.059508847222222196
1 0.57192252890625 0.6290935291666666 0.011476706250000034 0.027204044444444422
1 0.6053962562499999 0.6324940347222222 0.008607528906250028 0.011901769444444455
1 0.55757664609375 0.6222925180555555 0.016258666406249934 0.025503791666666664
1 0.54896911640625 0.6273932763888889 0.010520314062500003 0.017002527777777804
1 0.58339923515625 0.6256930236111111 0.02199701953124995 0.039105813888888875
1 0.7088181125 0.6488164652777778 0.28200419531249993 0.16730486805555553
1 0.58033876875 0.6052899902777777 0.02677898125000002 0.02380353888888891
1 0.98604036015625 0.6951605013888889 0.0133894906250001 0.08161213333333335
