traffic light 0.258735659375 0.17132689166666668 0.011996439062499985 0.06824640000000001
traffic light 0.47467153515625 0.20545008888888888 0.011996437500000035 0.06398100000000002
traffic light 0.24314029062500003 0.18199039166666667 0.013196081249999958 0.05545020138888886
traffic light 0.456676878125 0.20971548888888888 0.01799465703124996 0.0575829
traffic sign 0.173560953125 0.2139808888888889 0.07317826875000003 0.03199050000000001
traffic light 0.11237912187500002 0.3526063902777778 0.017994656249999984 0.03412320138888892
traffic light 0.5562473101562501 0.3952603902777778 0.01439572499999997 0.02345970138888889
traffic light 0.42908507265624996 0.38459689027777777 0.007197863281249983 0.02132699999999998
car 0.35710644765625 0.42298549027777776 0.027591806250000017 0.02985779999999999
car 0.34630965234375 0.4187200916666667 0.0131960828125 0.029857798611111104
car 0.33431321484375 0.4208527902777778 0.02279323281250001 0.034123200000000034
car 0.324716065625 0.43151629027777777 0.016795012499999994 0.029857798611111104
car 0.318717846875 0.4336489902777778 0.014395725000000015 0.03625589999999998
car 0.301922834375 0.4187200916666667 0.020393942968749988 0.05971559999999998
car 0.253937084375 0.4251181902777778 0.05398397031250002 0.06611369999999997
car 0.38349861015625 0.42298549027777776 0.01199643749999999 0.017061601388888903
car 0.39309576015625003 0.42298549027777776 0.009597150781249963 0.017061601388888903
car 0.40029362265625 0.42298549027777776 0.00959714999999992 0.02132699999999998
car 0.40749148515625 0.42725089027777774 0.00959715000000001 0.017061600000000017
car 0.4146893484375 0.4251181902777778 0.00959715000000001 0.019194298611111073
car 0.42668578593750006 0.42725089027777774 0.016795011718749996 0.02132700000000006
car 0.46267509687499997 0.4251181902777778 0.014395725000000059 0.027725099999999968
car 0.47467153515625 0.4251181902777778 0.02399287499999998 0.040521298611111055
car 0.49386583515625004 0.42725089027777774 0.033590026562499986 0.055450201388888905
car 0.5468123070312501 0.4329819097222222 0.01973516562499995 0.02745762083333329
drivable area 0 0 0 0
lane 0 0 0 0
lane 0 0 0 0
lane 0 0 0 0
lane 0 0 0 0
lane 0 0 0 0
lane 0 0 0 0
lane 0 0 0 0
lane 0 0 0 0
lane 0 0 0 0
lane 0 0 0 0
lane 0 0 0 0
lane 0 0 0 0
lane 0 0 0 0
lane 0 0 0 0
lane 0 0 0 0