0 0.421226121875 0.2852860472222222 0.020647657031249978 0.02854984722222223
0 0.39828428046875 0.36821655694444444 0.016059289062500027 0.027190331944444462
3 0.64695993046875 0.3559809069444445 0.009941464062500049 0.029909362499999995
0 0.274456715625 0.2631036236111111 0.019118200781249994 0.03670694583333333
0 0.45373863906249995 0.37205435833333333 0.008412009375000019 0.01631419861111109
1 0.33444106328125 0.3851963541666667 0.010706193750000014 0.024471299999999967
1 0.3176170453125 0.3797582888888889 0.020647658593749972 0.029909362499999995
1 0.309969765625 0.3607250583333333 0.026000753906249986 0.03126888055555557
1 0.2992635734375 0.3774924305555556 0.017588744531250013 0.03262839722222218
1 0.283204284375 0.3774924305555556 0.022177113281250004 0.033987913888888874
1 0.2617918984375 0.3747733986111111 0.02676548203125 0.03670694583333337
1 0.19921165703125 0.3670694638888889 0.02905966562500002 0.05166162916666666
1 0.0003823640625 0.36299091527777777 0.03900113046875 0.08157099166666665
1 0.6682916609375 0.3038891194444444 0.24394824843749996 0.1141993902777778
1 0.5565212820312501 0.3646223333333333 0.10935611171875 0.06253775972222225
1 0.47163646875 0.38093653194444443 0.020647657031250065 0.025830813888888887
1 0.49554377578125 0.39262837916666665 0.01529456171875001 0.01631419861111109
1 0.50777942578125 0.38854982916666664 0.012235648437499958 0.01903323333333336
1 0.51695616328125 0.38854982916666664 0.013765103906249987 0.020392748611111088
1 0.5291918109375 0.38854982916666664 0.013000376562500016 0.01903323333333336
1 0.53607436328125 0.38583079722222224 0.022177113281249917 0.023111780555555503
1 0.40727232031250005 0.38260679861111113 0.01911820078124995 0.027190331944444462
