car 0.42492288984375 0.40354483333333335 0.012895058593749998 0.017830205555555523
car 0.42635567421875004 0.3995421375 0.014327842968749938 0.028018895833333345
car 0.429221240625 0.3995421375 0.02149176328125 0.03820758194444444
car 0.44498186796874994 0.3995421375 0.038685174999999995 0.05603778888888884
car 0.47220476953125 0.40208930972222223 0.03581960781250002 0.07386799166666667
car 0.3948344171875 0.3969949652777777 0.014327842968750027 0.02292455000000007
car 0.37477543671875 0.3995421375 0.017193411718749996 0.015283033333333328
car 0.35901480937499997 0.3969949652777777 0.018626196093750026 0.017830205555555603
car 0.34325418203125 0.40208930972222223 0.017193411718749996 0.020377377777777796
car 0.3346574765625 0.40208930972222223 0.01719341171875004 0.017830205555555603
car 0.300270653125 0.3919006222222222 0.04011796015625002 0.05349061388888888
car 0.29310673046875 0.3969949652777777 0.03438682343749999 0.04839627083333337
car 0.2902411625 0.4071836541666667 0.02292454843749998 0.0458490986111111
car 0.25442155546875 0.39444779305555555 0.04441631328125002 0.06622647361111113
car 0.1842151265625 0.38935345277777783 0.07880313671875001 0.09424536666666662
car 0.48796539687499996 0.3817119333333333 0.08883262734375004 0.12226426111111116
bus 0.40343112265625003 0.38935345277777783 0.022924549218750024 0.0458490986111111
car 0.6412733171875 0.38680628055555555 0.2650650968750001 0.3158493402777778
car 0.9077711984375 0.3919006222222222 0.09169819453125001 0.1630190125
person 0.0910841453125 0.40208930972222223 0.01576062734375001 0.06367930277777781
traffic sign 0.08535300625 0.13718341250000002 0.020058980468750008 0.04584909861111112
traffic sign 0.08535300625 0.1702966486111111 0.021491764843749993 0.0560377875
traffic sign 0.0738907328125 0.22124009166666667 0.032954039843750005 0.03056606527777777
traffic sign 0.08678579296875 0.2772778791666667 0.037252392187500004 0.02547172083333334
traffic sign 0.5209194359375 0.3358628375 0.011462274999999966 0.04330192499999998
traffic sign 0.49656210312500004 0.2921970208333333 0.012895058593749998 0.04584909722222221
traffic sign 0.49512931875 0.3435043513888889 0.011462274218749968 0.04075475416666667
traffic light 0.08105465390625 0.3227630861111111 0.025790117187499996 0.03056606527777777
traffic light 0.63410939609375 0.30129406805555553 0.028655685937499963 0.04584909861111114
car 0.63090268125 0.39481167500000003 0.030429616406250037 0.03311323749999996
traffic light 0.45787692734374996 0.05421837361111111 0.011462275000000055 0.07132081944444445
traffic light 0.42778845624999995 0.05167120277777778 0.020058980468750053 0.07641516388888889
traffic light 0.1942446140625 0 0.01862619609374998 0.06185989027777778
traffic light 0.161290575 0 0.01576062734375001 0.06185989027777778
traffic light 0.17418563359375 0.0003638694444444444 0.02292454843749998 0.05858495972222222
traffic light 0.44703250859375 0.052398966666666665 0.013709986718750056 0.06598862777777778
car 0.38151356796874997 0.41244710416666663 0.012888971875000044 0.021004250000000012
car 0.35251338046875 0.40862814861111113 0.02792610624999998 0.030551637500000024
car 0.33317992265625 0.41817553611111113 0.017185296093750014 0.024823204166666654
drivable area 0 0 0 0
lane 0 0 0 0
lane 0 0 0 0
lane 0 0 0 0
lane 0 0 0 0
lane 0 0 0 0
lane 0 0 0 0
lane 0 0 0 0
lane 0 0 0 0
lane 0 0 0 0
lane 0 0 0 0
lane 0 0 0 0
lane 0 0 0 0
lane 0 0 0 0
lane 0 0 0 0
lane 0 0 0 0
lane 0 0 0 0
lane 0 0 0 0
lane 0 0 0 0
lane 0 0 0 0
lane 0 0 0 0