1 0.0008046226562499999 0.44344369166666664 0.0774461890625 0.19132449861111114
1 0.9683790906249999 0.5829138875 0.030173839062500107 0.10728476388888895
1 0.342774809375 0.4845695180555556 0.06034767968750003 0.08403973194444442
1 0.20196355625 0.49887415555555553 0.08247516328125001 0.0786754930555556
1 0.73905790703125 0.4917218361111111 0.12673012734375 0.11801324166666669
1 0.672675459375 0.5006622333333334 0.062359270312500034 0.0715231763888889
1 0.51074251875 0.49529799444444444 0.026150661718750003 0.042913906944444434
1 0.43731950781249995 0.48635759861111116 0.024139071874999994 0.04112582499999999
1 0.55801486796875 0.4255628986111111 0.0774461890625 0.13410595416666665
1 0.54795692109375 0.4899337569444444 0.015086919531249965 0.035761587500000046
1 0.53287000078125 0.49887415555555553 0.01508692109374996 0.026821190277777796
1 0.65255956640625 0.48814567777777773 0.04123758124999997 0.06794701666666667
1 0.63143787734375 0.49529799444444444 0.03017383984374993 0.0518543027777778
1 0.49464980390625 0.49887415555555553 0.011063741406250039 0.01609271249999998
1 0.48157447343750004 0.5060264694444445 0.011063741406249949 0.01430463611111108
1 0.28041554140625 0.5131787888888889 0.04626655390624999 0.0518543027777778
1 0.41519202578125 0.5006622333333334 0.008046357031250029 0.02503311111111112
