1 0.47816665234375 0.4141261875 0.010331630468749964 0.018367341666666606
1 0.46266920703125003 0.41963639027777777 0.017563771875000002 0.022040811111111145
1 0.45130441328125004 0.41963639027777777 0.018596935156250004 0.034897952777777796
1 0.43477380468750004 0.4141261875 0.02169642499999993 0.05142855972222217
1 0.18164885859375 0.40494251805555553 0.10641579375000002 0.13040813194444448
1 0.503995728125 0.4122894555555556 0.012397956249999975 0.02755101388888887
1 0.514327359375 0.4141261875 0.010331630468749964 0.033061218055555563
1 0.5184600109375 0.4122894555555556 0.02479591249999995 0.044081622222222214
1 0.53189113203125 0.4012690458333333 0.02582907734375004 0.06979590555555559
1 0.54635541328125 0.39759557916666666 0.02892856484374997 0.07897957500000001
1 0.55875337109375 0.39392210833333335 0.03099489140625007 0.11020405833333334
1 0.5701181640625 0.37555476527777776 0.05785713203124994 0.13959180833333334
1 0.58664877265625 0.3571874236111111 0.15187496796874997 0.19285710000000003
1 0.65277120703125 0.3626976263888889 0.23142852343749992 0.27734688194444446
1 0.7777839359375001 0.3204527361111111 0.21799740234374995 0.5032652000000001
1 0.0008453250000000001 0.4306567944444445 0.27378820781249996 0.2938774902777777
1 0.26843455390625 0.35351395416666664 0.18183669531250005 0.2957142236111111
1 0.48696417734375 0.4151019513888889 0.015497445312499991 0.027551015277777757
0 0.6770661773437501 0.3085713625 0.020663261718749926 0.022040811111111107
0 0.503150403125 0.35540808749999997 0.012397956249999975 0.018367343055555572
