car 0.00196229921875 0.5616336805555556 0.09360561328125 0.18097085138888883
car 0.273418578125 0.4659479416666667 0.11466687578125004 0.16640997916666664
car 0.48754141874999996 0.4701081930555555 0.13104785859375 0.14976897916666665
truck 0.42201748828124996 0.3785827027777778 0.10179610546875004 0.18721122638888887
car 0.23480626249999997 0.4784286888888889 0.05499329765625003 0.045762745833333285
car 0.36702419140625003 0.4680280666666667 0.03510210468750001 0.05616336805555551
car 0.64316075078125 0.4576274430555556 0.06552392890625 0.05408324305555554
person 0.13452348281249998 0.46097579861111115 0.02924423515625001 0.10571249583333334
person 0.1004052078125 0.46097579861111115 0.027294620312500007 0.10224651249999997
drivable area 0 0 0 0
drivable area 0 0 0 0
lane 0 0 0 0