traffic light 0.4294465359375 0.17052631527777778 0.01898437656250005 0.06750000000000002
traffic light 0.3844835421875 0.3925657930555556 0.007993421093750008 0.01953947361111111
traffic light 0.305548509375 0.3854605277777778 0.01099095390625 0.015986843055555512
traffic light 0.376490121875 0.4174342125 0.005995066406250027 0.015986843055555512
traffic light 0.33252630546875 0.4174342125 0.007993421093750008 0.012434211111111104
traffic light 0.41645722734375 0.17763158055555556 0.01199013124999997 0.05328947361111111
traffic light 0.052756566406250004 0.01953947361111111 0.01199013124999999 0.08526315833333332
traffic light 0.004796040624999999 0.0017763152777777779 0.012989309374999999 0.09059210833333332
traffic light 0.0207828828125 0.0017763152777777779 0.02398026328125 0.09592105972222223
traffic light 0.78615295234375 0.2753289486111111 0.028976151562499906 0.04973684305555556
traffic light 0.83111594609375 0.25934210694444443 0.035970393750000086 0.06394736527777778
traffic sign 0.28056906875 0.3872368444444444 0.019983553906250017 0.010657894444444496
traffic sign 0.54435196484375 0.34638158055555557 0.027976973437499986 0.019539479166666693
traffic sign 0.5513462078125 0.2238157902777778 0.018984374999999963 0.030197369444444455
traffic sign 0.5613379843749999 0.3001973694444445 0.015986842187500017 0.02842105555555554
car 0.33252630546875 0.44585526527777775 0.020982730468749988 0.030197369444444493
car 0.317538640625 0.4511842125 0.011990132031250012 0.021315787499999947
car 0.2995534421875 0.44940789722222224 0.01698602031249998 0.03730263194444442
car 0.286564134375 0.4529605291666666 0.01099095390625 0.026644736111111123
car 0.26857893671875 0.4529605291666666 0.013988486718749993 0.026644736111111123
car 0.17065952812500002 0.45473684444444445 0.03297286406250002 0.05506579027777781
car 0.39047860859375 0.44407895000000003 0.018984375000000008 0.026644736111111123
car 0.40346791640625 0.44407895000000003 0.014987664843750003 0.035526315277777734
car 0.20962745625 0.44585526527777775 0.03996710546875 0.049736843055555605
car 0.08872696249999999 0.45651315972222223 0.095921053125 0.08526315833333334
car 0.42045393750000004 0.43875000277777776 0.03597039531249999 0.06039473194444448
car 0.248595384375 0.45473684444444445 0.015986842968750015 0.03730262777777777
traffic sign 0.4014695625 0.42098684444444445 0.007993421093750008 0.014210526388888903
car 0.63627630703125 0.44052631805555553 0.3357236859375 0.27355263333333335
bus 0.8590929203125001 0.4138815805555555 0.13988486874999992 0.09769736944444445
traffic sign 0.779158709375 0.39434210694444444 0.0299753289062501 0.01598684305555559
person 0.058751632812499996 0.43697368611111115 0.0229810859375 0.09059210555555555
person 0.45942186406249996 0.44052631805555553 0.011990132031250055 0.04263157916666671
car 0.36050327968749996 0.4511842125 0.011990131250000013 0.01421052222222217
drivable area 0 0 0 0
lane 0 0 0 0
lane 0 0 0 0
lane 0 0 0 0
lane 0 0 0 0
lane 0 0 0 0
lane 0 0 0 0
lane 0 0 0 0
lane 0 0 0 0
lane 0 0 0 0
lane 0 0 0 0
lane 0 0 0 0
lane 0 0 0 0
lane 0 0 0 0
lane 0 0 0 0