car 0.30375008515625 0.4475198111111111 0.0944734515625 0.09779530000000002
truck 0.45442926093749997 0.3242126888888889 0.09686518359375 0.21047250000000003
traffic sign 0.6015208359375 0.3390945805555556 0.02870079453124994 0.05314962222222219
car 0 0.4241339763888889 0.12676184765625 0.16582681666666665
traffic sign 0.05979332265625 0.24980321805555555 0.034680128906249996 0.057401590277777796
traffic light 0.046638792968749995 0.31996071805555554 0.025113195312500003 0.040393715277777804
traffic light 0.08610238515625 0.3263386736111111 0.015546264062500004 0.038267725000000044
bus 0.9234263546875001 0.29019693055555557 0.07452421640624998 0.2551181805555556
traffic sign 0.7396434140625 0.22003943055555555 0.02870079453125003 0.01913386249999998
traffic sign 0.71692195078125 0.2540551902777778 0.03946359375000004 0.023385833333333356
traffic light 0.75399381171875 0.3242126888888889 0.02272146328125002 0.0361417416666667
traffic sign 0.71692195078125 0.2795670055555555 0.03826772734375004 0.06377954444444446
traffic sign 0.0005125109375 0.08382454305555555 0.0322883953125 0.07653545277777779
traffic sign 0.55629534609375 0.10285056805555555 0.09208171875 0.0403937125
traffic light 0.5070473843750001 0.05272441388888889 0.017937996874999928 0.08291340972222222
drivable area 0 0 0 0
lane 0 0 0 0
lane 0 0 0 0
lane 0 0 0 0
lane 0 0 0 0
lane 0 0 0 0
lane 0 0 0 0
lane 0 0 0 0
lane 0 0 0 0
lane 0 0 0 0