car 0.44366646171874996 0.45921272638888894 0.021525595312500024 0.027637802777777724
car 0.42214086484375 0.4570867402777778 0.023917328906249934 0.04039371111111107
car 0.36713100703125 0.4464568180555556 0.05740158984374997 0.05952757361111109
car 0.5034597859375001 0.44433083333333334 0.05979332265624997 0.06696852083333332
car 0.5548820437499999 0.4464568180555556 0.016742130468750015 0.04677166527777775
car 0.56325310859375 0.4464568180555556 0.029896662500000025 0.04464568055555552
car 0.57282003984375 0.4549607555555556 0.040659460156250035 0.057401590277777755
car 0.5991291039062501 0.4549607555555556 0.03468012656249995 0.0807874236111111
car 0.61603566171875 0.4162678375 0.10643211718749993 0.1424409847222222
person 0.8756732250000001 0.3959646763888889 0.05381399218749987 0.21047249861111114
person 0.82783856640625 0.3980906597222222 0.04424705859375013 0.20409454583333336
person 0.76684937578125 0.417224525 0.02750492812500003 0.12330712222222226
person 0.8015295046875 0.4278544472222222 0.015546264062500014 0.061653562499999974
traffic sign 0.16742130625 0.21685045555555554 0.02391732890625 0.017007877777777757
traffic sign 0.1769882390625 0.23385833055555555 0.03826772578124997 0.02338583472222224
traffic sign 0.2714616890625 0.35929143750000003 0.016742132031250013 0.04039371111111107
traffic sign 0.62424229921875 0.35929143750000003 0.02272146328125002 0.029763788888888833
traffic sign 0.638592696875 0.14669295277777777 0.08490652031249998 0.03401575694444446
traffic light 0.162637840625 0.35291348333333333 0.017937996874999994 0.02976378749999995
traffic light 0.45084166015625 0.3933071958333333 0.008371065625000007 0.019133862500000022
traffic light 0.49030525390625 0.44220484861111115 0.011958665625000009 0.019133862500000022
traffic light 0.5357481789062499 0.3996851486111111 0.01315453203125001 0.021259850000000018
traffic light 0.7593752109375 0.3401575736111111 0.013154531250000013 0.034015756944444475
traffic light 0.7450248125 0.34440954583333333 0.010762797656250012 0.02551181805555558
traffic light 0.57377675625 0.4345513194444445 0.009566931250000011 0.019133862499999942
traffic light 0.5939470124999999 0.03614174027777778 0.023917328906250025 0.08291340972222222
traffic light 0.5724214148437501 0.05314962222222222 0.023917329687499933 0.07653545277777779
drivable area 0 0 0 0
lane 0 0 0 0
lane 0 0 0 0
lane 0 0 0 0
lane 0 0 0 0
lane 0 0 0 0
lane 0 0 0 0
lane 0 0 0 0
lane 0 0 0 0
lane 0 0 0 0
lane 0 0 0 0
lane 0 0 0 0
lane 0 0 0 0