car 0.31922402031249997 0.28359355416666665 0.02109373593749999 0.03046872916666668
car 0.298130284375 0.27656230833333334 0.021093734374999996 0.05624996249999998
car 0.26780803984375 0.26953106527777776 0.03295896093750002 0.0726562
car 0.25198773750000003 0.28359355416666665 0.044824189062499985 0.07031245138888889
car 0.216392059375 0.2882810513888889 0.05537105468750001 0.08906243750000004
car 0.09114800468749999 0.26953106527777776 0.14370107343750002 0.1664061347222222
car 0 0.21796859999999998 0.0924663625 0.32812477638888893
car 0.38777866015625 0.27656230833333334 0.029003886718750004 0.042187472222222216
car 0.40228060390625 0.2929685486111111 0.02768552812499996 0.03984372222222221
car 0.52488793984375 0.3140622833333333 0.07029993359374993 0.05156246527777779
car 0.42601105546875007 0.29531229722222224 0.07250971484374995 0.09140618750000004
car 0.58816914765625 0.24374983194444444 0.38496067265625006 0.4078122208333334
car 0.921713840625 0.4523434388888889 0.07514643281250014 0.3210935305555556
drivable area 0 0 0 0
lane 0 0 0 0
lane 0 0 0 0