traffic sign 0.10278197109375001 0.25663488888888886 0.10916758203125002 0.13436010138888888
traffic sign 0.21314919687499997 0.2907580888888889 0.091172925 0.06824640277777776
traffic sign 0.36070537890625 0.3931276902777778 0.046786106250000035 0.051184799999999975
car 0.55384802265625 0.46137409027777776 0.05758290078124997 0.08957340138888886
car 0.12322845468750002 0.5249212111111111 0.04881127109374998 0.055479476388888886
drivable area 0 0 0 0
drivable area 0 0 0 0
drivable area 0 0 0 0
lane 0 0 0 0
lane 0 0 0 0
lane 0 0 0 0
lane 0 0 0 0
lane 0 0 0 0
lane 0 0 0 0
lane 0 0 0 0
lane 0 0 0 0