traffic sign 0.0004591140625 0.3411729319444444 0.014691657031250003 0.06529625416666664
traffic sign 0.21807928984374997 0.42605806388888884 0.0192828 0.0391777527777778
traffic sign 0.812173184375 0.39993956249999996 0.022037485156250015 0.044074972222222265
car 0.5750406515625001 0.5337968833333333 0.009182285937499923 0.02122128472222226
car 0.5621854515625 0.5288996652777778 0.016528114843749987 0.034280533333333335
car 0.5557578515625 0.5288996652777778 0.016528114843749987 0.04244256527777779
car 0.53372036640625 0.5207376347222222 0.02754685625000004 0.055501816666666634
car 0.5282109937499999 0.5288996652777778 0.024792172656250066 0.055501818055555596
car 0.5043370515625 0.5109431944444445 0.033056228124999976 0.08814994166666668
car 0.61360625234375 0.5191052291666667 0.02295571484374994 0.034280533333333335
car 0.6292161375 0.5288996652777778 0.015609885937499967 0.032648129166666706
car 0.63380728203125 0.5272672583333333 0.02479217187499998 0.042442566666666674
car 0.650335396875 0.5288996652777778 0.02754685625000004 0.04733978333333337
car 0.66686351015625 0.5240024444444444 0.031219772656250023 0.06203144444444438
car 0.67329111015625 0.5174728208333333 0.032138000781249954 0.07345828611111113
car 0.6902783390625 0.5109431944444445 0.02479217265624998 0.09141475694444444
car 0.4442556953125 0.5149731986111111 0.08172234296875 0.10937122777777775
car 0.69952324140625 0.47906025694444443 0.11202388515625002 0.14691657500000005
person 0.41733489218750003 0.4946191319444444 0.019282799999999954 0.10937122777777783
motor 0.8498205562500001 0.5125756027777778 0.06794891406249999 0.09957678750000001
motor 0.8103367265625 0.5468561361111112 0.022037489062500092 0.04407496805555553
drivable area 0 0 0 0
lane 0 0 0 0