0 0.3317865984375 0.4842805652777778 0.05693017109374998 0.0652962513888889
0 0.47503025703125 0.4810157527777778 0.04040205781250004 0.03917775416666668
0 0.459420371875 0.5365175694444444 0.008264059374999988 0.01958887916666667
0 0.4585021421875 0.5577388541666667 0.009182285937500012 0.017956470833333307
0 0.6935686609375 0.5185610986111111 0.020201028124999975 0.03428053749999999
0 0.67244940390625 0.4957074097222222 0.01560988515624997 0.031015720833333343
0 0.659594203125 0.5332527597222222 0.009182285937500012 0.016324059722222253
0 0.5595072875 0.5773277291666667 0.01652811328125008 0.026118502777777764
0 0.506250028125 0.5495768194444445 0.009182285937500012 0.016324062500000024
0 0.49064014453125004 0.5528416333333334 0.006427599999999955 0.014691659722222205
0 0.6531666031250001 0.4940750027777777 0.03581091562499994 0.029383315277777832
0 0.5504780375 0.5191052291666667 0.009182283593750017 0.02285368611111112
0 0.4099890640625 0.5288996652777778 0.006427599999999955 0.02122128472222226
1 0.9563350726562501 0.5631801986111111 0.03948382968749993 0.04081016111111116
1 0.8837950140625 0.5762394486111111 0.01285519999999991 0.02448609722222225
1 0.9214423851562501 0.535429288888889 0.032137999218749866 0.02122128472222218
1 0.8829277867187499 0.5412617375000001 0.02662862812500002 0.0244860944444444
1 0.6853046093749999 0.5522975055555556 0.012855201562499996 0.014691661111111089
1 0.67269426796875 0.5588271319444444 0.009855657812499974 0.011535668055555625
1 0.65708438125 0.5573035527777778 0.014691657031250038 0.0195888763888889
1 0 0.49791582916666666 0.26010618046875 0.47339784722222233
1 0.778657840625 0.5430471958333334 0.060603085937499926 0.03917775277777772
1 0.67214332421875 0.5656288069444445 0.041320285937500055 0.02285369166666666
1 0.6501058390625001 0.5623639972222223 0.02938331328124999 0.02775090694444439
1 0.52706320859375 0.5721584361111111 0.031219771875000024 0.02775090694444447
1 0.5022710359375 0.5721584361111111 0.031219772656250023 0.05223700416666664
1 0.46737835078125 0.5721584361111111 0.02111925859374999 0.01795646805555554
1 0.477478865625 0.5737908416666667 0.02479217187499998 0.0408101597222222
1 0.4637054359375 0.5819528722222223 0.019282800000000044 0.031015720833333264
1 0.45176846328125003 0.5819528722222223 0.01928280156249995 0.031015720833333264
1 0.40952995000000003 0.5803204680555556 0.018364571874999937 0.04407497222222219
1 0.3562726921875 0.5378779 0.0514208 0.09957678750000001
1 0.41917134921875 0.5786880597222221 0.04499320078125004 0.06529625416666668
1 0.48344734999999994 0.5803204680555556 0.044074972656250024 0.058766627777777816
1 0.8250283843749999 0.5558343708333333 0.053257257812500035 0.07182588055555562
1 0.2355256328125 0.5664450125 0.11018743046875001 0.15507860555555544
