person 0.17280930703125 0.40058916527777777 0.035953614062500014 0.1690721930555556
person 0.12757734062499998 0.3758468930555555 0.0626288765625 0.20824745694444446
person 0.409407284375 0.3969072819444444 0.008118557812499993 0.04742268750000002
person 0.39896913828125 0.40309285 0.009278352343749985 0.04329897638888885
person 0.49059286406249997 0.3969072819444444 0.010438146093750067 0.014432991666666735
person 0.5010310101562501 0.38865985833333333 0.010438146093749979 0.03917526388888888
person 0.51146915625 0.3907217138888889 0.008118558593749992 0.04329897638888885
person 0.5184279203125 0.3907217138888889 0.011597940625000015 0.04329897638888885
person 0.5288660671875001 0.39278356805555553 0.006958764062499956 0.039175266666666646
person 0.5358248296875 0.39278356805555553 0.008118558593749992 0.039175266666666646
person 0.5462629765625 0.39896913611111107 0.011597939062500017 0.03298969861111113
person 0.55786091640625 0.39278356805555553 0.011597940625000015 0.03711340972222222
person 0.4476804859375 0.37628872222222226 0.06958764140625 0.2050380736111111
person 0.5717784445312499 0.35773201805555555 0.04811979296875002 0.2190029388888889
person 0.8773841656249999 0.3721650097222222 0.055670111718750095 0.23505158333333334
person 0.43492275234375005 0.3969072819444444 0.009278351562499943 0.041237120833333384
person 0.3606959359375 0.40103099444444446 0.01275773359375001 0.04329897638888885
person 0.06842784609375 0.39896913611111107 0.015077322656250003 0.07835052916666672
bike 0.30038664765625 0.42371140972222227 0.05219073046874998 0.055670112499999966
traffic light 0.5288660671875001 0.3597938736111111 0.008118557812499993 0.01855670416666671
traffic light 0.5184279203125 0.3618557291666667 0.005798971093750005 0.02061856111111106
traffic light 0.56713926875 0.26288664166666664 0.009278352343750029 0.030927840277777778
traffic light 0.50682998046875 0.0010309277777777778 0.02319588046874994 0.05360825555555555
traffic sign 0.5358248296875 0.28969076944444444 0.02319588125000003 0.01855670416666663
traffic sign 0.51494853828125 0.3350516013888889 0.010438146874999976 0.01443299027777777
traffic sign 0.52538668515625 0.31443304166666664 0.010438146093749979 0.024742272222222222
traffic sign 0.9806058320312501 0.2835052013888889 0.01855670390624997 0.05154639999999999
car 0.96784809765625 0.32886603333333336 0.013917528906249999 0.039175262499999995
car 0.8715851953125 0.31443304166666664 0.10902063671875002 0.20412374305555556
car 0.608891853125 0.3783505777777778 0.08466496249999995 0.11340208055555555
bus 0.6860181546875 0.2505155055555556 0.2644330328125 0.2536082888888889
drivable area 0 0 0 0
lane 0 0 0 0
lane 0 0 0 0
lane 0 0 0 0
lane 0 0 0 0