traffic light 0.45545331874999995 0.4377965263888889 0.004290254687500017 0.015254234722222215
traffic light 0.5017880570312501 0.4576270319444445 0.003432202343749946 0.013728808333333358
traffic light 0.50024354921875 0.40881348194444445 0.004290253125000021 0.012203387499999963
person 0.48737278906250003 0.4820338069444445 0.028315672656249992 0.10677964027777773
person 0.46248931875 0.4957626180555556 0.0051483031250000085 0.01677965555555553
person 0.6948494335937501 0.4896609236111111 0.021451266406250013 0.10372879444444444
person 0.7104659671875 0.4716609222222222 0.050624989062499993 0.3355931569444444
person 0.8039934914062499 0.49454227500000003 0.018019064062500156 0.05644066666666663
person 0.7772223 0.49271177083333334 0.027457621874999914 0.09305082916666668
person 0.6387329242187499 0.48569483611111114 0.07688134687500003 0.04820336805555551
car 0.4003664546875 0.4811185666666667 0.010296607812500014 0.015254234722222215
person 0.3943601 0.47654229583333335 0.006864405468749979 0.012203390277777733
car 0.383205440625 0.47501687361111117 0.01115466249999999 0.015254233333333329
person 0.3729088328125 0.47501687361111117 0.009438557031249984 0.018305081944444388
car 0.35746392031249996 0.47654229583333335 0.016302963281250006 0.019830511111111095
car 0.3317224 0.4719660263888889 0.022309319531249993 0.024406775000000006
car 0.30958468984375 0.4643389083333333 0.013728810937500002 0.016779658333333378
car 0.26925630703125003 0.4597626388888889 0.04805083906249998 0.0396610111111111
car 0.18413767578125 0.4307795930555556 0.08151481640625 0.08694913611111106
car 0.17469911796874998 0.4048473944444444 0.0883792203125 0.09610167638888893
car 0.131624975 0.4475592513888889 0.044618634375 0.05033897222222221
car 0.073277528125 0.42467790138888883 0.07293430859375 0.07016947777777784
truck 0 0.3590846916666667 0.07636651093749999 0.18915250555555552
car 0.43588974765625005 0.4896609236111111 0.01716101406249999 0.021355930555555604
car 0.40963339140625 0.4866100777777778 0.025741521875000027 0.03508474027777776
car 0.46798083828125003 0.4881355 0.02402541874999997 0.035084745833333306
car 0.50659311875 0.4866100777777778 0.027457621875000005 0.053389818055555496
car 0.5374829437499999 0.4957626180555556 0.02316736562499999 0.08237286527777772
car 0.54863760234375 0.4942371944444444 0.05148304140624997 0.0991525236111111
car 0.571804996875 0.4789829597222222 0.1227012484375 0.17542369583333337
car 0.739930815625 0.4458594888888889 0.25741520546874996 0.5491524361111112
traffic sign 0.54160160234375 0.4515253375 0.006006354687499993 0.019830506944444437
traffic sign 0.605097353125 0.4210168694444444 0.010296607812499924 0.035084740277777846
traffic sign 0.51774780390625 0.5049151583333333 0.029173722656250067 0.07322032500000002
drivable area 0 0 0 0
lane 0 0 0 0
lane 0 0 0 0
lane 0 0 0 0
lane 0 0 0 0
lane 0 0 0 0
lane 0 0 0 0