car 0.3304763109375 0.46944173472222217 0.06641533593749997 0.06970498333333335
car 0.49851511328125 0.42676521388888894 0.10882512812499998 0.19062179305555552
car 0.63614689375 0.41538480555555557 0.18564286718749995 0.2247630111111111
car 0.888205096875 0.4338779652777778 0.11122568359374992 0.23614341805555555
car 0.43289996171875 0.4651740805555556 0.04160960859375003 0.044099073611111095
car 0.41609608046875 0.4680191819444445 0.024005544531249968 0.03983142083333335
car 0.6601524375000001 0.4594838763888889 0.026406096874999996 0.045521623611111055
car 0.6081404265625 0.4509485736111111 0.05841348906250001 0.07397263749999997
car 0.47290920078125 0.4751319361111111 0.018404249218750036 0.028451013888888908
car 0.49291381953125 0.4651740805555556 0.010402402343749983 0.0312961152777778
car 0.5953374703125001 0.4509485736111111 0.014403326562499963 0.05832458055555555
traffic sign 0.47610993984374994 0.26317188055555557 0.031207205468750044 0.044099073611111095
traffic sign 0.47691012421875 0.31011605555555555 0.02800646718749995 0.06828243333333334
traffic sign 0.565730634375 0.3314543138888889 0.028006465624999956 0.014225509722222224
traffic sign 0.54092490625 0.34710237222222223 0.07441718437500003 0.04836672222222222
traffic sign 0.6265446765625 0.35848277777777776 0.027206282031250063 0.019915709722222234
traffic sign 0.61934301328125 0.3769759375 0.04320997734374998 0.028451013888888828
drivable area 0 0 0 0
drivable area 0 0 0 0
lane 0 0 0 0
lane 0 0 0 0
lane 0 0 0 0
lane 0 0 0 0
lane 0 0 0 0
lane 0 0 0 0
lane 0 0 0 0
lane 0 0 0 0
lane 0 0 0 0
lane 0 0 0 0
lane 0 0 0 0