0 0.5406875421875 0.2827150625 0.008390882812499978 0.03232043888888888
0 0.620400934375 0.3200078777777778 0.004195442187500032 0.019889501388888873
0 0.40503492265625 0.27774268750000003 0.006992403125000024 0.034806629166666644
0 0.3896516359375 0.3299526291666667 0.0069924031249999795 0.019889502777777797
0 0.353291140625 0.3299526291666667 0.008390883593749976 0.019889502777777797
0 0.245608134375 0.22056036805555554 0.025172649218749975 0.032320437500000035
0 0.15750385625000002 0.23796368472222224 0.047548340625 0.019889499999999987
0 0.24840509531250002 0.2773875138888889 0.016781767187499998 0.014917125
0 0.32532152890625 0.28484607500000003 0.009789364843749971 0.02237569305555552
0 0.623197896875 0.33954220416666664 0.006992402343750026 0.0223756930555556
1 0.10436159375000001 0.2869770861111111 0.06572858828124999 0.0795580083333333
1 0.1798795453125 0.2869770861111111 0.16362223046875 0.18646407777777776
1 0.0666026171875 0.35907652777777777 0.15383286640625 0.15414363750000004
1 0 0.3018942111111111 0.07219653984374999 0.26353590000000005
1 0.3462987375 0.3640489055555555 0.018180246093749998 0.029834254166666657
1 0.3700729078125 0.3640489055555555 0.0181802453125 0.029834254166666657
1 0.40083948124999996 0.35161796666666667 0.013984806250000047 0.03729281666666664
1 0.41342580624999997 0.3640489055555555 0.020977208593749984 0.027348063888888892
1 0.44746478984375004 0.3482530930555556 0.03308808593749992 0.055574812500000015
1 0.47635743281250004 0.37896603194444445 0.03076657421875 0.039779002777777746
1 0.7280839421875 0.3615627152777778 0.02796961171875001 0.039779005555555594
