car 0.42040924609374997 0.5410876 0.017779928125000045 0.032628395833333296
car 0.39574676640625 0.5308912277777778 0.02638311718749997 0.04996223194444443
car 0.43474789609375 0.5084592055555556 0.030971486718750007 0.06525679583333334
car 0.318891596875 0.519335325 0.08660545078124997 0.11827793750000003
car 0.45539555390625 0.48262838194444446 0.09176736562499999 0.15294560833333332
traffic sign 0.1796794078125 0.49430052777777783 0.027542099218750015 0.05129533888888886
traffic sign 0.257059590625 0.4919689222222222 0.027542099218750015 0.044300519444444415
drivable area 0 0 0 0
drivable area 0 0 0 0
lane 0 0 0 0
lane 0 0 0 0
lane 0 0 0 0
lane 0 0 0 0