car 0.58025899765625 0.6492183041666667 0.02109373437499995 0.02812497916666664
traffic sign 0.5934425812499999 0.5179683944444444 0.01713866015625003 0.03984372222222221
car 0.47479031875000005 0.6070308347222222 0.059326130468749926 0.08906243472222222
car 0.45501494140625 0.6445308069444444 0.018485635156249992 0.03515622638888887
car 0.43787628203124995 0.6421870583333333 0.019775376562500037 0.046874968055555556
car 0.36536656640625 0.6023433347222222 0.0711913578125 0.09609368472222223
traffic sign 0.5998681546875 0.5699541791666667 0.038612315625000004 0.049922993055555524
drivable area 0 0 0 0
drivable area 0 0 0 0
drivable area 0 0 0 0
lane 0 0 0 0
lane 0 0 0 0
lane 0 0 0 0
lane 0 0 0 0
lane 0 0 0 0
lane 0 0 0 0
lane 0 0 0 0
lane 0 0 0 0
lane 0 0 0 0