0 0.70673568828125 0.40032108888888884 0.04289154531250006 0.01906290833333336
0 0.70381126484375 0.32580244444444445 0.047765584375 0.06931966944444447
0 0.27879504375 0.5302954680555556 0.01462211796874997 0.027727868055555483
0 0.4952023859375 0.11264446249999999 0.01949615703124996 0.0883825777777778
0 0.46595814999999996 0.5372274347222222 0.007798464062499999 0.019062909722222247
0 0.47180699765625 0.5580233361111111 0.002924423437499968 0.015596925000000065
0 0.41039410312499996 0.5372274347222222 0.006823654687500014 0.025994876388888914
0 0.41819256562499996 0.5632223111111111 0.00877327109374999 0.022528891666666655
0 0.74280357890625 0.4471118652777778 0.020470962499999957 0.034659834722222234
0 0.71160972734375 0.45750981527777773 0.015596925781250003 0.02426188472222227
1 0.43086506796875 0.6048141125 0.008773270312499993 0.017329916666666632
1 0.41624295 0.6048141125 0.017546541406249984 0.022528891666666655
1 0.4016208328125 0.6134790708333333 0.013647309375000027 0.015596926388888871
1 0.3597040953125 0.6186780458333333 0.020470964843749995 0.031193851388888857
1 0.460109303125 0.5961491541666667 0.011697694531250047 0.015596924999999985
1 0.46985738203125005 0.5978821458333333 0.008773270312499993 0.012130941666666692
1 0.47570622890625 0.6013481291666667 0.007798462500000003 0.017329916666666632
1 0.48447949921875005 0.5996151375 0.016571733593749992 0.024261883333333383
1 0.43671391484375005 0.6048141125 0.017546541406249984 0.015596924999999985
1 0.498126809375 0.5996151375 0.03704269765625003 0.03639282638888888
1 0.38797352265625 0.6152120624999999 0.019496157031250006 0.025994876388888914
1 0.33338428359375 0.6204110375 0.03411827421875002 0.04332479305555555
1 0.181314259375 0.6204110375 0.085783090625 0.1005135208333334
1 0.07895943515625001 0.6620028388888889 0.10527924765624999 0.10224651250000005
0 0.51957258203125 0.11437745416666666 0.02047096484374995 0.09531454444444445
