1 0.00085359375 0.547353973611111 0.13930991484375 0.38363340138888896
1 0.08143481875 0.5740626277777777 0.33051960078125 0.33750027083333334
1 0.4064912859375 0.5983432236111111 0.11472581171874996 0.06555760833333335
1 0.64550339375 0.55463815 0.08877592578125001 0.10926268055555555
1 0.59906675546875 0.5813468069444444 0.0928732765625 0.08498208194444443
1 0.58540892109375 0.5837748666666667 0.05053398828125007 0.05098925000000002
0 0.72745040234375 0.3628214513888889 0.05326555546874996 0.033992831944444406
0 0.48843829453125 0.4016704027777778 0.015023617968750003 0.026708654166666672
0 0.48570672734375 0.43080711666666666 0.017755185156249985 0.019424476388888855
0 0.48570672734375 0.46237189027777775 0.02731566953125002 0.05827342916666664
0 0.30678909140625 0.5012208430555556 0.06146025625 0.04856119027777781
0 0.283390746875 0.5452912097222222 0.012870760156249971 0.024406775000000006
