0 0.5499367515625 0.3239060208333333 0.01186522656250002 0.03984372222222221
0 0.50643092265625 0.32624976805555556 0.01054686718750002 0.05156246527777779
0 0.6712257312500001 0.3426560069444444 0.011865225781249933 0.0468749680555556
0 0.3231790953125 0.24656232361111113 0.017138659374999986 0.06796870277777774
0 0.17156787109375 0.46687467222222223 0.014501942968750004 0.02578123194444441
0 0.17156787109375 0.4082809625 0.01318358515625 0.04218747083333333
0 0.625083184375 0.3989059680555555 0.007910150781249925 0.028124983333333374
0 0.33372596328125004 0.41765595555555557 0.007910149999999972 0.037499974999999984
0 0.3363626796875 0.462187175 0.009228509374999971 0.021093736111111146
0 0.3416361140625 0.40124971666666664 0.025048811718749998 0.014062490277777803
0 0.688364390625 0.09421867777777777 0.07119135781250004 0.04921871527777778
2 0.19397996484375 0.49265590416666666 0.030322245312500006 0.10781242638888891
1 0.18475145625 0.5137496402777778 0.04350582968750001 0.09609368472222223
1 0.02127500546875 0.5395308722222222 0.08041986640625 0.06796870138888893
1 0.5143410734375 0.4645309236111111 0.02109373515624995 0.03984372222222221
1 0.42996613124999994 0.47156216944444446 0.06328120625000003 0.09140618611111112
1 0.53411645 0.4082809625 0.03955075390625007 0.1031249277777778
1 0.0502788921875 0.43171844583333335 0.21752914765624998 0.14531239999999992
1 0 0.5395308722222222 0.05950740156249999 0.08203119305555553
3 0.2823099828125 0.49499965277777774 0.011865225781249978 0.04921871666666667
