traffic light 0.08773270625 0.28074465972222223 0.007798462499999992 0.038125818055555566
traffic light 0.30803928046875 0.33273441111111113 0.007798462500000003 0.03119385416666663
traffic light 0.30024081640625 0.33273441111111113 0.006823653906250016 0.02772786944444445
traffic light 0.49422757734375 0.33100141944444444 0.0068236554687500115 0.0363928277777778
traffic light 0.6004816328125 0.38299117083333334 0.005848847656250022 0.022528894444444426
traffic light 0.50202603984375 0.33620039305555555 0.0068236554687500115 0.02946085972222221
traffic light 0.045815968750000005 0.4037870708333334 0.013647310156249991 0.020795902777777778
traffic sign 0.8139645515625 0.2876766263888889 0.023395389062499918 0.038125818055555566
traffic sign 0.59463278671875 0.4315149402777778 0.00974807812500007 0.013863933333333339
person 0.18326387500000002 0.48350469166666665 0.008773270312499993 0.05025675972222222
car 0.29439197031250003 0.48350469166666665 0.016571733593749992 0.024261883333333303
car 0.22420580546875 0.48523768194444444 0.08870751328125 0.05372274305555559
car 0.32090673984375 0.47483973333333335 0.03684774062499998 0.055455736111111126
car 0.34215755390624997 0.4644417819444444 0.15889367890625006 0.23048790000000005
car 0.7106349187500001 0.4540438305555556 0.12672502031249994 0.13517335694444443
traffic light 0.6121793273437499 0.4315149402777778 0.019496157812500046 0.027727866666666677
traffic sign 0.22907984374999998 0.4211169888888889 0.013647310156250026 0.010397951388888929
traffic light 0.2398027296875 0.44364588194444443 0.008773270312499993 0.013863933333333339
truck 0.45426045625 0.455776825 0.04776558359375001 0.06585368611111109
drivable area 0 0 0 0
drivable area 0 0 0 0
drivable area 0 0 0 0
drivable area 0 0 0 0
lane 0 0 0 0
lane 0 0 0 0
lane 0 0 0 0
lane 0 0 0 0
lane 0 0 0 0
lane 0 0 0 0
lane 0 0 0 0
lane 0 0 0 0
lane 0 0 0 0
lane 0 0 0 0
lane 0 0 0 0
lane 0 0 0 0
lane 0 0 0 0
lane 0 0 0 0
lane 0 0 0 0
lane 0 0 0 0
lane 0 0 0 0