traffic light 0.46027581015625 0.2395732888888889 0.008397506249999954 0.03838860138888889
traffic light 0.53105479296875 0.2651656888888889 0.00839750703125004 0.02132699999999998
traffic light 0.46147545390625 0.30142158888888887 0.008397506250000042 0.02132700277777779
traffic light 0.6018337726562499 0.2886253888888889 0.009597151562500007 0.014928902777777767
traffic sign 0.37390146015625 0.30568699027777774 0.011996436718749993 0.014928900000000035
traffic sign 0.36310466640625 0.2864926888888889 0.015595367968749985 0.01066350000000003
traffic sign 0.7853792671875001 0.23317518888888888 0.013196081250000002 0.023459700000000003
car 0.44588008515625 0.34834099027777776 0.014395725000000059 0.02985780000000003
car 0.42308685390624995 0.3526063902777778 0.02279323125000001 0.02985779999999999
car 0.46987296015625 0.3440755902777778 0.01439572499999997 0.021326998611111096
car 0.48426868515625 0.3440755902777778 0.0263921640625 0.04265399861111116
car 0.51785871171875 0.3462082902777778 0.011996437500000035 0.017061600000000017
car 0.54305122890625 0.3248812916666667 0.06118183281249996 0.1066349986111111
traffic sign 0.59463591015625 0.30568699027777774 0.01199643906250003 0.01066350000000003
car 0.6090316359375 0.3568717902777778 0.021593587500000046 0.04265399999999996
car 0.6198284296875001 0.3419428902777778 0.043187175 0.05545019999999998
car 0.6426216609375001 0.3526063902777778 0.03958824374999992 0.051184799999999975
car 0.6738123984375 0.3419428902777778 0.055183612500000034 0.07677720000000005
car 0.7110013546875 0.3419428902777778 0.09117292499999996 0.10236959999999999
car 0.774582475 0.3526063902777778 0.19194299921875002 0.13436010000000004
car 0.299523546875 0.3462082902777778 0.057582900781250015 0.10450230138888886
car 0.22394599140625 0.3462082902777778 0.10916758046875001 0.12156389999999999
car 0.151967365625 0.3739333902777778 0.11636544375000002 0.12582930000000003
car 0.05119728984375001 0.3632698902777778 0.13675938828125 0.17061600000000002
car 0 0.3739333902777778 0.07159123359375 0.22819890000000007
drivable area 0 0 0 0
drivable area 0 0 0 0
drivable area 0 0 0 0
drivable area 0 0 0 0
lane 0 0 0 0
lane 0 0 0 0
lane 0 0 0 0
lane 0 0 0 0
lane 0 0 0 0
lane 0 0 0 0
lane 0 0 0 0
lane 0 0 0 0
lane 0 0 0 0
lane 0 0 0 0
lane 0 0 0 0
lane 0 0 0 0
lane 0 0 0 0