1 0.0004680203125 0.4863328069444445 0.27145607578125 0.4825885777777777
1 0.9395304031249999 0.5487365027777777 0.05874415625000005 0.08296217777777781
1 0.51229535 0.5876347986111111 0.01462586484374997 0.02808166388888888
1 0.487138859375 0.5741139986111111 0.026326559374999992 0.043682588888888874
1 0.57664916015625 0.5974113722222222 0.013455797656250023 0.015600924999999993
1 0.2681798796875 0.5809784111111111 0.03978235468750002 0.02600153888888883
3 0.31065339765625 0.5861787208333333 0.005850344531250018 0.019761169444444466
3 0.30129284296875 0.5892989041666666 0.004680275781250032 0.01664098611111113
3 0.29602753125 0.5924190888888888 0.004095242968750012 0.01456086249999997
1 0.44837056640624995 0.5616332583333333 0.044462632031250046 0.07072419027777781
1 0.34868064765625 0.5522727069444444 0.09828581953124997 0.11336671388888889
1 0.52419104296875 0.5720338736111111 0.05206808203125002 0.0728043125
0 0.35300990625 0.22569336527777778 0.018136074218749965 0.05720339027777778
0 0.725091953125 0.16953004027777777 0.015795935937499995 0.07800461805555556
0 0.85496964375 0.46594759166666666 0.016380970312500055 0.024961477777777772
0 0.566547565625 0.512750363888889 0.00702041484375 0.02288135416666661
0 0.49809851015625 0.4909090708333333 0.011700692968749937 0.037442220833333394
0 0.640846965625 0.5605931972222222 0.008775520312499997 0.014560863888888933
0 0.4639324734375 0.5144144694444445 0.025156489843749963 0.011440677777777748
0 0.743579034375 0.4988135444444445 0.016380968749999968 0.018721109722222216
0 0.69560619375 0.5164945930555556 0.01170069218749994 0.013520798611111138
0 0.43959502890625 0.5420801138888889 0.006435380468749941 0.007280433333333352
