traffic light 0.56224552890625 0.5264058875000001 0.008397506250000042 0.024541601388888837
traffic light 0.58383911640625 0.5296204916666667 0.007197862499999985 0.021326998611111096
traffic sign 0.6522188101562499 0.5381512902777777 0.01109676953125005 0.017061600000000017
person 0.71579992890625 0.5732808555555556 0.01343357421875 0.04591303749999993
car 0.56104588515625 0.5637436916666667 0.00959715000000001 0.01919430277777773
car 0.58503876015625 0.5594782888888888 0.04078788906250006 0.06398100555555557
drivable area 0 0 0 0
drivable area 0 0 0 0
drivable area 0 0 0 0
lane 0 0 0 0
lane 0 0 0 0
lane 0 0 0 0
lane 0 0 0 0
lane 0 0 0 0
lane 0 0 0 0
lane 0 0 0 0