1 0.43980453359375 0.5761605138888889 0.05589841796875002 0.21562492361111107
1 0 0.544285525 0.23414054296875003 0.2999998944444444
1 0.215156175 0.5367855277777778 0.2615624078125 0.3993748597222222
0 0.33011707109375 0.46178555 0.012656244531250005 0.043124987500000045
0 0.31640613828125 0.46928555000000005 0.008437496093749974 0.016874991666666655
0 0.20249992890625 0.5108033888888889 0.017929681250000006 0.0337499916666667
0 0.2003905546875 0.4939283944444445 0.025312491406250005 0.014999994444444473
0 0.26367178281250003 0.4508034111111111 0.008437496874999973 0.028124988888888838
0 0.51679669375 0.4767855472222222 0.02742186562499995 0.052499979166666655
0 0.4514060921875 0.5480355236111111 0.027421864843749956 0.014999997222222245
0 0.47249983437500004 0.5705355166666667 0.01160155859374994 0.02624999027777777
0 0.49886701328124994 0.5874105097222222 0.015820306250000016 0.0318749888888889
1 0 0.5142855319444444 0.0221484296875 0.1237499569444445
0 0.52839825234375 0.5986605069444445 0.013710934374999973 0.018749993055555494
0 0.5125779453125 0.5967855069444444 0.01160155859374994 0.0318749888888889
0 0.15609369609374998 0.5081248069444444 0.02320311718750001 0.0318749888888889
0 0.41539266796875 0.5463474472222222 0.01530226249999993 0.02267001944444442
0 0.20223331406249997 0.4300251347222222 0.012114291406250022 0.04534003750000003
0 0.2519656671875 0.5127707027777778 0.010201508593749997 0.0317380263888889
0 0.26089198671874997 0.5173047069444444 0.00765113125000001 0.026070520833333354
