car 0.36782201328125 0.36249975 0.021093735156249994 0.04453121944444444
car 0.34804663593749996 0.3648435 0.027685528125000004 0.05624996111111113
car 0.317724390625 0.36718724861111113 0.040869112499999985 0.06093745833333336
car 0.28081035390625 0.37187474305555557 0.050097621875 0.08437494444444443
car 0.22148422265624998 0.37890599166666666 0.08833001796875002 0.11484366805555553
car 0 0.37109350138888886 0.17797839296875 0.22499984166666667
car 0.39946261562499996 0.3695309944444445 0.018457018750000033 0.03046873194444441
car 0.4574703890625 0.36015600138888887 0.014501942968750025 0.021093738888888918
car 0.47197233203125 0.36015600138888887 0.011865225781250021 0.02343748472222226
car 0.4873531875 0.3617184986111111 0.01450194218749994 0.02578123194444441
car 0.49174770859374994 0.3539060041666667 0.03427732031250006 0.04687496944444444
car 0.66093706015625 0.33828101388888887 0.03164060234375006 0.05859371111111109
traffic light 0.428466503125 0.3249997763888889 0.010546867968749929 0.016406238888888876
traffic light 0.46801725625 0.31328103472222224 0.009228509375000016 0.018749987499999992
traffic sign 0.57875936796875 0.25546857500000003 0.02768552812499996 0.04921871527777778
drivable area 0 0 0 0
lane 0 0 0 0
lane 0 0 0 0
lane 0 0 0 0
lane 0 0 0 0
lane 0 0 0 0
lane 0 0 0 0
lane 0 0 0 0
lane 0 0 0 0