0 0.31007801640625 0.3643748625 0.007382810156249997 0.026249991666666656
0 0.4155467296875 0.32874987499999997 0.008437496874999973 0.0356249875
0 0.4060545453125 0.3324998722222222 0.008437496093749974 0.03562498749999996
0 0.30480458046875 0.4272492319444444 0.007389153906250012 0.01870278055555556
0 0.20566399062500001 0.3681248611111111 0.008977740625000008 0.03192032638888891
0 0.215156175 0.23312490833333332 0.013831439062500017 0.054703595833333354
0 0.21199211328124998 0.46937482638888894 0.008437496875000016 0.028124987499999952
1 0.18562493515625 0.4768748222222222 0.018984366406249988 0.0449999875
1 0.15714838281250001 0.4768748222222222 0.024257804687499985 0.04874998333333333
1 0.12339839374999999 0.4806248222222222 0.04007811250000002 0.048749981944444444
1 0.079101534375 0.48624982083333335 0.053789044531249997 0.046874983333333294
1 0.36670808906249996 0.473124825 0.016143339062500005 0.020624993055555527
1 0.383906115625 0.473124825 0.013710932812499976 0.018749993055555574
1 0.3976170484375 0.473124825 0.012656244531250005 0.016874995833333312
1 0.40921860703124996 0.4768748222222222 0.01265624453125005 0.020624993055555527
1 0.419765478125 0.4806248222222222 0.013710932812499976 0.022499990277777788
1 0.42820297500000004 0.4881248194444444 0.015820305468749928 0.016874994444444506
1 0.48304670625 0.48624982083333335 0.013710932031249979 0.029999990277777756
1 0.48832014140625 0.4881248194444444 0.013710934374999973 0.0318749888888889
1 0.5041404484374999 0.48437482083333333 0.01898436875000007 0.04312498611111116
1 0.51468731953125 0.48249982222222226 0.02953123984374999 0.048749981944444444
1 0.7003122546875 0.49374981805555557 0.15082026015625 0.13687495138888886
1 0.53367168828125 0.47187481527777775 0.061614132812500076 0.0799786611111111
1 0.44296859531250005 0.47937481388888886 0.026367176562499938 0.0318749888888889
1 0.19406243203125 0.4606248194444445 0.10863277499999999 0.0787499722222222
1 0 0.473124825 0.05970619687499999 0.08188625833333331
1 0.8163278390625001 0.4918748180555556 0.18246087421874985 0.2099999263888888
0 0.31410651875 0.4272492319444444 0.00956392187499997 0.01870278055555556
0 0.22038008437499998 0.36433987916666666 0.021997020312499994 0.03740556111111112
1 0.300717028125 0.4665979388888889 0.01338949062500001 0.02210328611111115
1 0.3150629109375 0.46319743333333335 0.014345882812499999 0.02210328611111107
0 0.575497040625 0.4441060208333333 0.00956392187499997 0.02210328611111115
