traffic light 0.62192740625 0.28940961805555554 0.012672501562499949 0.05372274166666667
traffic light 0.36067890234375 0.16290122222222223 0.013647309374999982 0.0554557347222222
traffic light 0.81104012734375 0.05545573472222222 0.03704269765625003 0.15943524027777775
traffic light 0.7827707 0.07971761805555555 0.024370196874999906 0.13517335416666668
traffic light 0.8656293679687501 0.13517335416666668 0.028269427343749952 0.11437745416666666
traffic light 0.8354103242187501 0.24435183333333335 0.06336250781250001 0.1421053222222222
traffic light 0.830536284375 0.3847241625 0.06921135703125003 0.08838258055555559
traffic sign 0.8285866695312499 0.47137375 0.06823654921875004 0.07105265972222223
traffic sign 0.3528804390625 0.24261884305555553 0.028269428906249994 0.06065470972222222
traffic sign 0.40552006484375 0.24435183333333335 0.03314346562499999 0.051989751388888866
traffic sign 0.23785311406249998 0.1577022458333333 0.023395388281250006 0.043324794444444474
traffic sign 0.49032834531249997 0.28247765138888886 0.015596925781250003 0.02252889305555558
traffic light 0.21055849453125003 0.1525032736111111 0.016571732812499997 0.06238770138888887
traffic light 0.41526814296875003 0.3812581791666667 0.003899231249999957 0.017329916666666632
traffic light 0.7564508890625 0.2911426097222222 0.013647310156249936 0.0311938513888889
traffic light 0.76132492734375 0.2668807263888889 0.014622117968750015 0.036392822222222225
car 0.651171640625 0.4089860458333333 0.044841160937500034 0.02252889305555562
car 0.67651664453125 0.4055200638888889 0.05069000781249997 0.031193852777777743
car 0.7252570375 0.3985880972222222 0.11210290234375 0.09704753611111114
car 0.90169725703125 0.41245203055555557 0.06238770156250002 0.045057784722222195
car 0.9678563859375 0.4141850208333333 0.03164060390624997 0.03487717083333332
car 0.3587292875 0.4037870736111111 0.05166481562499996 0.07798462777777779
car 0.21933176484375 0.42631596527777776 0.020470965624999993 0.041496212500000004
car 0.1384227140625 0.42804895694444445 0.056538854687499994 0.04332479305555555
car 0 0.4326559527777778 0.05848847109375001 0.12536738472222217
car 0.2359034984375 0.37779219583333334 0.12575021171874998 0.15250327361111116
car 0.4172177578125 0.37086023055555556 0.16474252734375003 0.24435183333333338
traffic light 0.7898779929687499 0.2662498166666667 0.02241209375000004 0.05390621388888886
traffic light 0.7279151453125 0.3482810111111111 0.011865225781249933 0.023437483333333335
car 0.948081009375 0.43031220694444444 0.025048810937500044 0.028124980555555526
drivable area 0 0 0 0
drivable area 0 0 0 0
drivable area 0 0 0 0
lane 0 0 0 0
lane 0 0 0 0
lane 0 0 0 0
lane 0 0 0 0
lane 0 0 0 0
lane 0 0 0 0
lane 0 0 0 0
lane 0 0 0 0
lane 0 0 0 0
lane 0 0 0 0
lane 0 0 0 0
lane 0 0 0 0
lane 0 0 0 0