1 0.27189425703125003 0.5892859777777778 0.01205357734375001 0.030612259722222195
1 0.2813649265625 0.5831635291666667 0.01894133281250001 0.02448980555555554
1 0.25897971015625 0.5647961722222222 0.024107152343749983 0.03367348472222223
1 0.2520919515625 0.575510461111111 0.007748725781249988 0.013775516666666713
1 0.2460651640625 0.5770410777777778 0.010331635156249996 0.012244904166666654
1 0.2383164359375 0.5770410777777778 0.007748725781250032 0.007653062499999979
1 0.2460651640625 0.5816329124999999 0.007748728124999982 0.013775515277777827
1 0.23573352734375003 0.5831635291666667 0.01377551562499999 0.027551027777777726
1 0.2305677078125 0.5862247541666666 0.009470669531249998 0.02908164583333333
1 0.21248734296875 0.5846941402777778 0.023246184375000034 0.0336734875
1 0.20043376640625002 0.5892859777777778 0.030133938281249995 0.036734711111111075
1 0.19871182734374998 0.5892859777777778 0.006844706250000021 0.016836744444444444
1 0.2012947359375 0.5789543416666667 0.009470667968750002 0.01186224861111111
1 0.2297067375 0.5801023013888889 0.008609699218749966 0.009183675000000039
1 0.21593122109375 0.5602043333333333 0.015497457031250005 0.02448980694444442
1 0.257257771875 0.5510206527777778 0.026690065625000026 0.033673483333333344
1 0.00011837968749999999 0.00039859305555555553 0.2152424453125 0.8803160888888889
1 0.244171034375 0.585306375 0.035299760156250005 0.044387776388888904
0 0.24257823515625 0.531505338888889 0.01980230624999999 0.01377552083333329
0 0.392386975 0.5498726958333333 0.009470666406250005 0.0397959375
0 0.42424285624999997 0.5406890180555556 0.006887759374999991 0.01989797083333337
0 0.1926419875 0.5605869875 0.009470667968750023 0.018367351388888883
1 0.21244429140625 0.5774237291666667 0.011192608593749976 0.012244904166666654
