car 0.157065928125 0.5489058652777777 0.031640603125000014 0.021093736111111146
car 0.10564994765624999 0.5395308722222222 0.035595678124999995 0.0374999736111111
car 0.0502788921875 0.5418746208333333 0.06328120624999999 0.04218747083333333
car 0.03314023203125 0.5254683819444445 0.0408691125 0.02109373472222218
car 0.07005426953125 0.5207808847222223 0.036914037499999997 0.023437483333333297
car 0.0001812703125 0.5512496138888889 0.044824188281249996 0.035156224999999985
car 0.53016137421875 0.5301558791666667 0.035595678125000065 0.05156246388888882
car 0.3825052265625 0.534843375 0.017138660156249985 0.02343748472222226
traffic light 0.38514194296875004 0.47859341388888893 0.009228509374999971 0.02343748194444441
traffic light 0.3548196984375 0.4903121555555555 0.007910150781249969 0.021093736111111146
car 0.361411490625 0.5324996249999999 0.018457018749999988 0.030468730555555604
car 0.391733734375 0.5254683819444445 0.04877926484374999 0.07499994861111109
car 0.54861839296875 0.5231246319444445 0.06459956640625002 0.0656249555555555
car 0.625083184375 0.5043746458333334 0.10810539453125001 0.1054686777777778
car 0.23748579374999998 0.5184371361111111 0.12260733750000004 0.15937489027777774
motor 0.7371436554687499 0.5301558791666667 0.058007771093750014 0.08671869166666665
drivable area 0 0 0 0
drivable area 0 0 0 0
drivable area 0 0 0 0
lane 0 0 0 0
lane 0 0 0 0
lane 0 0 0 0
lane 0 0 0 0
lane 0 0 0 0
lane 0 0 0 0