0 0.032597115625 0.38198309305555556 0.034892685937499994 0.06692866111111108
0 0.43370997734375 0.5223700402777778 0.01469165703124995 0.010882715277777778
0 0.46952089218750004 0.5201935069444444 0.01469165703124995 0.009794436111111082
0 0.46584797812499995 0.5267231319444444 0.02295571484375003 0.01795646944444442
0 0.42452769296875 0.5267231319444444 0.03030154218750001 0.01795646944444442
0 0.4933948359375 0.5332527555555555 0.011018742968749962 0.02611850416666665
1 0.0587666296875 0.5750151458333334 0.02295571328124999 0.02285368888888889
1 0.03672914375 0.5766475513888889 0.026628628125000005 0.02285368888888889
1 0.43707680703124996 0.5684855180555556 0.006427599218750047 0.013059252777777806
1 0.42697629218750005 0.5668531138888888 0.01377342890624993 0.019588877777777784
1 0.41044817812499995 0.5652207055555556 0.019282800000000044 0.027750908333333355
1 0.29475137578125 0.5626360722222222 0.032138000781249995 0.047339784722222174
1 0.43952542109375 0.5664450111111111 0.02295571484375003 0.034280533333333335
1 0.3881046203125 0.5664450111111111 0.018364572656250022 0.027750908333333275
1 0.324746846875 0.5550181680555556 0.04132028749999996 0.057134222222222225
