traffic light 0.7697896914062501 0.37496175000000004 0.0163894 0.06312954722222218
traffic light 0.7984711421874999 0.4550877125 0.02185253593750005 0.02913671111111111
traffic light 0.78071595703125 0.4484972777777778 0.017755185156249985 0.04613313194444441
traffic light 0.01724299453125 0.20083520694444446 0.027315670312500002 0.08255402361111111
traffic light 0.04455866484375 0.20326326805555553 0.019120967968749996 0.08012596527777778
traffic light 0.062313850000000004 0.21713788333333334 0.008194700781249998 0.0704137236111111
car 0.6449912453125 0.5730220444444445 0.09423905937499999 0.11169073749999998
car 0.5316312171875001 0.5535975680555555 0.03960772031249995 0.058273429166666724
car 0.48246301249999995 0.5511695083333333 0.03551037109375006 0.053417308333333344
car 0.62723606171875 0.5657378666666666 0.04643663828125 0.07526984583333338
car 0.6122124421875 0.5608817486111111 0.028681453906250008 0.05584536666666667
car 0.5930914742187501 0.5535975680555555 0.027315667968749936 0.04370506805555563
car 0.51524181640625 0.5414572708333334 0.02458410156249995 0.05098924861111106
car 0.44695264218749997 0.5754501041666666 0.030047236718750002 0.016996415277777763
car 0.4018817875 0.5681659250000001 0.017755185156249985 0.02913671111111111
bus 0.2762297078125 0.48561190138888893 0.12701786249999997 0.18696058611111105
car 0.26257187265625 0.5463133916666667 0.019120968750000022 0.10197849861111108
car 0.2461824703125 0.5681659250000001 0.02185253515625001 0.038848951388888824
car 0.12872509296875 0.5730220444444445 0.05053398906249999 0.07284178611111108
car 0.15057762890624998 0.5633098055555555 0.11336002812499998 0.12140297500000001
car 0.007170362499999999 0.5948745805555556 0.13930991328125 0.11897491388888884
car 0.5144593296875 0 0.07102074062500004 0.0291367125
car 0.57611143671875 0.5545573527777777 0.016571733593749992 0.0329268416666667
drivable area 0 0 0 0
drivable area 0 0 0 0
drivable area 0 0 0 0
lane 0 0 0 0
lane 0 0 0 0
lane 0 0 0 0
lane 0 0 0 0
lane 0 0 0 0
lane 0 0 0 0
lane 0 0 0 0
lane 0 0 0 0
lane 0 0 0 0
lane 0 0 0 0
lane 0 0 0 0