1 0.41917763671874997 0.42538550972222217 0.014040840624999973 0.016640997222222294
1 0.4027966546875 0.4274656347222222 0.015210911718749998 0.016640997222222214
1 0.3864156734375 0.43162588194444446 0.014040841406250015 0.016640999999999986
1 0.36787006015625 0.43641017083333333 0.016380982031250026 0.014560876388888902
1 0.27660458828125 0.43433005 0.04095245625000001 0.04368261944444443
1 0.20388472656249998 0.4170650097222222 0.06669399843750004 0.07488449166666666
1 0.44725932031250004 0.4087445111111111 0.11115666640625 0.12064723611111114
0 0.42385791796875 0.3837830152777778 0.01287077187500003 0.024961491666666627
0 0.3618441984375 0.3858631388888889 0.015210912499999996 0.02496149583333336
0 0.15123156875 0.1903314138888889 0.018721122656250012 0.03536212083333332
0 0.1582519890625 0.39002339027777777 0.0163809828125 0.024961498611111133
0 0.407976646875 0.24753484444444446 0.04914294687499998 0.03328199722222224
0 0.5296639453124999 0.33073983333333334 0.026911612500000005 0.022881373611111124
0 0.80456948125 0.12480748333333334 0.03633312812499998 0.05289459027777777
0 0.80573955 0.19434307361111108 0.03276196562500004 0.08112486388888891
0 0.83733144609375 0.19850331944444446 0.053823228125 0.06864411805555556
1 0.59863713046875 0.36372467500000005 0.32527950625000007 0.3952237013888888
1 0.79403884921875 0.37442246944444446 0.20476228046874995 0.5262715625
1 0.00073127578125 0.4424722486111111 0.06435385859375001 0.0894453638888889
1 0.32952099375 0.43979779166666666 0.010530631249999978 0.02912174722222226
1 0.31782029296875003 0.4356375430555556 0.015210911718749998 0.03536212083333328
0 0.37170447265625 0.2634824680555556 0.02574154375000002 0.03744224583333333
