1 0.46120586171875005 0.4485828027777778 0.05261812499999996 0.03188977083333329
1 0.51621571796875 0.4230709833333333 0.07414372187499998 0.10417325972222223
1 0.5522260078125 0.4668369444444444 0.06803009296875002 0.09183677638888889
1 0.57242144296875 0.469134 0.05979332343750006 0.1509449236111111
0 0.6102905359374999 0.3904725611111111 0.027504928906250024 0.04464567916666663
0 0.6844342578125 0.3798426361111111 0.011958665625000009 0.02338583194444447
0 0.6198574671875 0.43299225555555554 0.011958664062500013 0.03188977500000002
1 0.6128815671875001 0.4305119305555556 0.10882384921874992 0.24448825833333332
1 0.38387313828125 0.47196863472222217 0.19970970078125 0.2806299986111112
1 0.68130221484375 0.2004500013888889 0.31690461562500005 0.6803151486111111
