car 0.50722963359375 0.34448554583333335 0.030870717187500053 0.0358839138888889
car 0.50722963359375 0.34870718472222223 0.02849604609375005 0.06965700416666666
car 0.65778375234375 0.34659636666666666 0.03562005859374997 0.08443273055555559
traffic light 0.54688664296875 0.33350928888888887 0.0071240109375000134 0.016886547222222208
traffic sign 0.00118733515625 0.23430083055555556 0.009498682812500001 0.023219002777777772
traffic sign 0.0047493421875 0.25963065138888886 0.00949868203125 0.014775727777777803
traffic sign 0.03680739375 0.2870712875 0.021372036718750004 0.03166227500000001
traffic sign 0.29184701875 0.31240110833333334 0.015435358593749981 0.027440638888888893
traffic sign 0.41651722500000005 0.25963065138888886 0.02493403984375 0.048548819444444447
traffic sign 0.45807395859375 0.29340374444444445 0.015435358593749981 0.03166227361111108
traffic sign 0.572058165625 0.29551455972222224 0.009498682031250016 0.016886545833333322
traffic sign 0.572058165625 0.3229552013888889 0.010686017968749972 0.012664909722222204
car 0.34346371953125 0.3174682819444445 0.18522430625000003 0.25963065138888886
car 0.601115478125 0.3322440125 0.04630607578124994 0.0759894583333333
car 0.569057425 0.35124137638888886 0.017810029687499986 0.031344443055555574
truck 0.6782922734375 0.01773208472222222 0.31568393281249996 0.6012307347222222
traffic light 0.199472328125 0.3308707652777778 0.009498684374999988 0.012664912499999974
drivable area 0 0 0 0
drivable area 0 0 0 0
drivable area 0 0 0 0
lane 0 0 0 0
lane 0 0 0 0
lane 0 0 0 0
lane 0 0 0 0
lane 0 0 0 0
lane 0 0 0 0
lane 0 0 0 0
lane 0 0 0 0
lane 0 0 0 0