traffic light 0.327687890625 0.4452317722222222 0.006034767187500023 0.01966887083333333
traffic light 0.33774583671874997 0.4452317722222222 0.008046357031250029 0.014304634722222273
car 0.31360676484375 0.5113907083333333 0.013075331249999999 0.02682119166666668
car 0.2572822625 0.49529799583333334 0.05733029453124998 0.09476820694444446
car 0.14563905625 0.4827814388888889 0.11667217968749999 0.1627152263888889
car 0.102389884375 0.5167549458333334 0.04425496484375 0.057218541666666706
car 0.05813491875 0.5256953458333333 0.03922599140625001 0.04112582499999999
car 0.0054547039062499995 0.5310595833333334 0.028541143749999998 0.03754966666666664
car 0.327687890625 0.5113907083333333 0.014081124218750008 0.035761587500000046
car 0.3387516296875 0.5006622333333334 0.05431291328125001 0.08761589166666665
car 0.44737745390625 0.4774172013888889 0.14483443203124996 0.1645033027777778
person 0.60830460078125 0.4470198513888889 0.06135347499999995 0.23781455972222226
person 0.65255956640625 0.45417216805555555 0.10661423515625001 0.2574834333333333
drivable area 0 0 0 0
drivable area 0 0 0 0
lane 0 0 0 0
lane 0 0 0 0
lane 0 0 0 0
lane 0 0 0 0