car 0.40375971953125 0.4987927847222222 0.023218318749999956 0.029136712499999995
car 0.43927008984375 0.5015677152777778 0.016389401562499996 0.02428059583333335
car 0.45429370546875003 0.49913965694444445 0.017755185937499984 0.026708654166666672
car 0.46521997578125 0.4967115972222222 0.03414458671874998 0.048561188888888926
car 0.4215149046875 0.5039957777777778 0.02731567031250002 0.041277012499999995
car 0.2548893203125 0.5112799541666667 0.024584101562499995 0.02913671388888888
car 0.2316710015625 0.5112799541666667 0.02458410234374999 0.02428059583333327
truck 0.00085359453125 0.4942835388888889 0.0792154421875 0.11411879722222228
car 0.28357077343750003 0.4748590638888889 0.12565207890625 0.19910087916666663
car 0.4870725109375 0.4890805458333333 0.08058122499999998 0.1189749152777778
traffic light 0.29176547421875 0.4745121888888889 0.008194700781249998 0.0388489513888889
traffic light 0.44336743984375 0.4405193555555556 0.009560484375000034 0.021852533333333292
traffic light 0.45839105859374996 0.43323517638888887 0.00819470156250004 0.02913671388888888
traffic sign 0.332738978125 0.42837905694444445 0.02321831875 0.048561190277777735
traffic sign 0.32317849453125 0.3069760819444445 0.03687615390625001 0.08498208194444443
traffic sign 0.59496940546875 0.45023159305555555 0.016389401562499996 0.02428059583333335
person 0.593603621875 0.4769402472222222 0.019120968749999977 0.07457612638888891
traffic sign 0.11282780156250001 0.27138992222222225 0.06582522265624999 0.15433417916666664
drivable area 0 0 0 0
drivable area 0 0 0 0
drivable area 0 0 0 0
lane 0 0 0 0
lane 0 0 0 0
lane 0 0 0 0
lane 0 0 0 0
lane 0 0 0 0
lane 0 0 0 0
lane 0 0 0 0
lane 0 0 0 0
lane 0 0 0 0