traffic sign 0.7318702203125 0.21140609722222223 0.038232396093749975 0.06562495555555554
traffic light 0.2229838515625 0.4739059166666667 0.01186522656250002 0.028124981944444412
traffic light 0.30867715234375004 0.47859341388888893 0.011865225781249978 0.021093736111111067
traffic light 0.3244974546875 0.49499965277777774 0.007910150000000015 0.023437483333333377
traffic sign 0.15574756953125 0.4504684333333333 0.014501942968750004 0.03984372222222221
car 0.1597026453125 0.5160933875 0.02109373593749999 0.016406240277777723
car 0.20980026640625 0.5067183944444444 0.017138658593750033 0.02343748472222226
car 0.1952983234375 0.5114058916666667 0.018457018749999988 0.028124980555555526
car 0.060825759374999996 0.5160933875 0.054052697656249996 0.04218747499999998
car 0.26121624765624996 0.5043746458333334 0.019775376562500037 0.028124981944444412
car 0.29285685 0.5043746458333334 0.01186522656250002 0.018749988888888916
truck 0.30340371796875 0.4903121555555555 0.014501943749999979 0.03749997500000006
car 0.28099162421875 0.5067183944444444 0.01977537734374999 0.03046872916666664
car 0.2229838515625 0.5020308958333334 0.03691403750000002 0.056249962500000014
drivable area 0 0 0 0
drivable area 0 0 0 0
drivable area 0 0 0 0
lane 0 0 0 0
lane 0 0 0 0
lane 0 0 0 0
lane 0 0 0 0
lane 0 0 0 0
lane 0 0 0 0
lane 0 0 0 0