traffic light 0.27657235859374996 0.3517105263888889 0.011990131250000013 0.0213157902777778
traffic light 0.3684967 0.34638158055555557 0.008992599218750019 0.019539473611111153
traffic light 0.533361009375 0.39434210555555554 0.010990953906250045 0.01776315833333339
traffic light 0.23660525234375 0.323289475 0.008992598437500022 0.02842105138888892
traffic sign 0.21961923203125 0.34815789722222223 0.028976151562499997 0.04796052777777777
traffic sign 0.53036347734375 0.3872368458333333 0.02198190859375009 0.017763156944444504
traffic sign 0.54135443125 0.4085526333333333 0.022981085937500013 0.014210526388888903
traffic sign 0.52336923359375 0.4511842125 0.03796875078125002 0.06750000138888884
person 0.17865294921875 0.43875000277777776 0.017985197656250018 0.09236842222222223
person 0.163665284375 0.44407895000000003 0.02098272968749999 0.09059210555555555
person 0.83811018984375 0.44407895000000003 0.034971216406250075 0.08703947222222218
car 0.20263321250000002 0.47960526666666664 0.04096628281249996 0.03907894722222222
car 0.253591271875 0.44052631805555553 0.06894325703125 0.10302631666666666
car 0.5283651218750001 0.4653947388888889 0.10191611874999999 0.1421052638888889
car 0.58831578046875 0.45651315972222223 0.24979440937499992 0.2504605277777777
car 0.29455755546875 0.44052631805555553 0.2268133234375 0.30907894861111107
car 0.7491833796875 0.4209868458333333 0.24979440937499992 0.48493421111111107
drivable area 0 0 0 0
drivable area 0 0 0 0
drivable area 0 0 0 0
lane 0 0 0 0
lane 0 0 0 0
lane 0 0 0 0
lane 0 0 0 0
lane 0 0 0 0