0 0.35832827109375 0.28734271944444445 0.007651137499999993 0.03230480277777781
0 0.48935399999999996 0.24823690555555555 0.011476707031250033 0.023803537500000024
0 0.61464137734375 0.2992444888888889 0.012433098437500067 0.03400505416666668
0 0.36597940859375 0.28734271944444445 0.008607529687499981 0.022103286111111113
0 0.50274349140625 0.24653665277777778 0.00669474531250005 0.03230480416666666
1 0.6778908007812501 0.3873175902777778 0.05929631562499997 0.05950884583333331
1 0.41985617109374995 0.4077206222222222 0.025822588281249993 0.03230480277777777
1 0.46098103515625005 0.41112112777777776 0.018171451562499996 0.01870278055555556
1 0.32230416796875 0.4077206222222222 0.05451435390624999 0.054408088888888845
0 0.48680362343750005 0.3842571277777778 0.0057383539062499265 0.013602022222222211
0 0.5614022140625 0.3893578875 0.00669474531250005 0.013602022222222211
