3 0.0066425796875 0.3453007069444445 0.049142946874999996 0.2246534722222222
3 0.500412190625 0.24545471944444444 0.17200031484374997 0.4139448236111111
3 0.63965053984375 0.13104785833333332 0.17434045624999994 0.5096305624999999
3 0.9661001164062499 0.17057022916666667 0.03276196484375014 0.17889072777777776
3 0.95790962578125 0.17889072777777776 0.028081683593750028 0.06448386666666665
3 0.68177306640625 0.2350540958333333 0.021061262499999955 0.056163366666666666
3 0.6969839773437501 0.24337459444444443 0.010530632031249976 0.08320498888888891
3 0.7086846796875 0.2350540958333333 0.011700701562500004 0.08320498888888891
1 0.149391140625 0.3725932208333333 0.051483086718749994 0.06007272500000001
1 0.3108608234375 0.33698020833333336 0.05616336796875001 0.08320498888888889
1 0.26639815703125 0.3453007069444445 0.036272175 0.05408324444444443
1 0.19385380624999998 0.37442245277777775 0.03393203593750001 0.039522370833333376
1 0.21257492890625002 0.3661019541666667 0.02808168437499998 0.03328199444444443
1 0.2336361921875 0.35362120555555554 0.023401403125000008 0.03744224722222225
1 0.2523573140625 0.34946095694444446 0.011700701562500004 0.03744224444444448
1 0.36468405078125 0.33698020833333336 0.03744224609375002 0.05200311805555553
1 0.35532348984375 0.30161808749999997 0.03159189453124998 0.03536212083333336
1 0.395105875 0.17057022916666667 0.13923834999999998 0.25169509305555554
1 0.29096963046875 0.34322058194444444 0.021061264062499994 0.02704162083333337
1 0.309690753125 0.33281995833333333 0.014040841406250015 0.02912174861111111
0 0.29749033984375 0.2984979 0.004680280468749976 0.02080124722222223
0 0.31153118203124996 0.0031201875 0.017551053125000004 0.06864411527777778
0 0.566606478125 0 0.01638098359375002 0.07800467777777778
0 0.29046991875 0.0031201875 0.019891192968750016 0.06656399166666667
3 0.626718815625 0.2733878111111111 0.009360561718750039 0.058243494444444446
1 0.0019496156250000001 0.2668807263888889 0.031193850781249997 0.2131579819444444
2 0.051664815625000006 0.3847241625 0.020470964843749995 0.041591802777777784
1 0.9553116890625001 0.41245203055555557 0.04386635312499987 0.2148909736111111
1 0.051664815625000006 0.41245203055555557 0.030219043749999997 0.020795901388888892
