0 0.31132716953125 0.2240237847222222 0.014001486718749989 0.0497830625
0 0.5106424484375001 0.12299345 0.014825102343750007 0.06735355555555557
0 0.46232360078125 0.32114956666666666 0.008236167968749975 0.020498908333333312
0 0.49115019140625 0.33579164305555553 0.008236167968750064 0.02049890972222224
0 0.5471561351562501 0.31968535972222223 0.008236168749999972 0.019034699999999995
0 0.5553923046875 0.34311268194444444 0.008236168749999972 0.01757049305555556
0 0.49664096015625 0.12518975972222224 0.013177870312499973 0.06442514027777778
0 0.19602081093749998 0.270146325 0.026355739843749993 0.04246202499999999
0 0.58916059609375 0.11079171805555556 0.10048125624999997 0.0351409861111111
0 0.60069123046875 0.32895867083333336 0.011530635937500033 0.021963115277777785
0 0.6245761203125 0.30553134583333336 0.013177870312499973 0.016106286111111087
0 0.58257166171875 0.3436007486111111 0.0057653179687499724 0.017570491666666674
1 0.3352120578125 0.3777655944444444 0.02196311953125001 0.04905095972222229
1 0.5636284734375 0.37483718194444443 0.006588934375000033 0.020498908333333312
1 0.56692294140625 0.3763013888888889 0.01647233593749995 0.03074836250000001
1 0.361567796875 0.3506777541666667 0.043651692968749954 0.07028197083333332
1 0.321210571875 0.38289032083333335 0.03541552499999998 0.0629609333333333
1 0.261086540625 0.392407675 0.06836019921875 0.07321038611111111
1 0.3368592921875 0.3645877277777778 0.17048868828124997 0.25623635138888884
1 0.5757081796875 0.3821582194444444 0.02553212109374998 0.033676779166666726
1 0.5427635046875 0.3755692833333333 0.014825103125000006 0.023427323611111144
1 0.5180549984375 0.3784977013888889 0.013177870312499973 0.01610628333333332
1 0.48263947421875003 0.3755692833333333 0.018943188281249947 0.023427323611111144
1 0.508171596875 0.3784977013888889 0.010707017968749977 0.01610628333333332
1 0.7569038859375 0.0010929402777777777 0.24131973749999994 0.5926432944444444
0 0.7957785859375 0.27527105416666664 0.010707019531249973 0.03221256944444444
