0 0.5900915390625 0.3436364472222222 0.007003461718749993 0.03735178750000002
0 0.6491207046875 0.3205139083333333 0.01100543828124998 0.02490119305555554
0 0.6621271296875 0.32584987777777774 0.01600790937499994 0.012450597222222252
0 0.6461769203125 0.3525297277777778 0.019952188281250026 0.03379447500000003
0 0.53506435234375 0.4076680819444445 0.011005437499999982 0.017786565277777715
0 0.536064846875 0.4236759902777778 0.010004942968750008 0.010671940277777736
0 0.48904161484374997 0.3329645041666667 0.014006920312499994 0.017786570833333334
0 0.6651286140625 0.37743092222222224 0.012005931249999957 0.023122534722222178
1 0.48270046953124995 0.4307906166666667 0.06236882656250007 0.06749029305555554
1 0.32195906015625 0.41300405138888885 0.17908848359375001 0.2792490819444445
