traffic sign 0.5855324304687499 0.17156237500000002 0.025048810937500044 0.09609368333333335
traffic sign 0.5591652609375 0.21609359444444445 0.02373045234374995 0.03281247777777775
traffic sign 0.51697778984375 0.22078109166666668 0.040869112499999985 0.0374999736111111
car 0.30867715234375004 0.29578104027777774 0.036914036718749973 0.02812498194444445
car 0.34690954765625 0.29578104027777774 0.022412093749999994 0.02812498194444445
car 0.4998391296875 0.29343729166666666 0.01713865937500003 0.028124980555555564
car 0.46951688515625 0.2840622972222222 0.031640603124999965 0.0398437236111111
car 0.5815773546874999 0.27468730416666665 0.01713865937500003 0.03281247777777779
traffic sign 0.3859245171875 0.17048248055555557 0.054575184374999974 0.05405542083333334
drivable area 0 0 0 0
lane 0 0 0 0
lane 0 0 0 0
lane 0 0 0 0
lane 0 0 0 0