traffic sign 0.918959640625 0.36734710416666666 0.041326549218749876 0.0903061638888889
traffic light 0.1156557921875 0.35115323333333337 0.023685617187499997 0.045935743055555554
traffic light 0.66306511328125 0.46102061666666666 0.009470667187500049 0.019897968055555517
traffic light 0.5976314109375 0.46255122916666663 0.010331636718750037 0.02142857916666669
car 0.612149509375 0.5341839138888889 0.011192607031250024 0.01836735416666665
car 0.6026788421875 0.5403063652777778 0.008609697656250059 0.016836741666666672
car 0.5975130234375 0.5403063652777778 0.00860969765624997 0.018367355555555537
car 0.57771071875 0.5357145263888888 0.02152424453124997 0.027551031944444464
car 0.5647961718750001 0.5326533 0.016358424999999954 0.0397959375
car 0.54585483671875 0.5295920749999999 0.024107153906249935 0.04897961250000004
car 0.5251915625 0.5295920749999999 0.030994912500000017 0.04897961250000004
car 0.51572089453125 0.5341839138888889 0.032716851562499996 0.055102065277777806
car 0.50108440859375 0.5295920749999999 0.025829092968750002 0.0719388055555556
car 0.4580359203125 0.5188777833333333 0.054241094531249964 0.09489800138888893
car 0.39346318671875 0.5112247194444445 0.08007018906249996 0.12397964722222225
car 0.6264170195312501 0.5376824666666666 0.010331637499999945 0.01224490555555554
car 0.638470596875 0.5346212416666667 0.013775516406250077 0.03367348472222223
car 0.685823934375 0.5376824666666666 0.005165818750000018 0.02448980694444442
car 0.6884068437499999 0.5330906277777777 0.019802304687499994 0.03826532361111114
car 0.69185072265625 0.5376824666666666 0.015497457031249962 0.032142873611111136
car 0.6935726625 0.5407436930555556 0.01463648515624998 0.02908164583333333
car 0.70218236015625 0.5315600152777777 0.018941335937500005 0.0459183875
car 0.70993108828125 0.5315600152777777 0.02152424375000006 0.05357145416666671
car 0.71940175546875 0.5284987888888889 0.04563139843749999 0.0658163569444444
car 0.7516266132812499 0.5208457249999999 0.07232146093749998 0.09489800138888893
car 0.7817605546874999 0.5330906277777777 0.09040182656250009 0.10714290555555558
car 0.8412858570312499 0.5265308486111111 0.15583552890625008 0.1622449708333333
person 0.341374515625 0.5081634930555556 0.023246182812499995 0.03520409722222221
car 0.30263087578125003 0.5265308486111111 0.129145465625 0.14540822638888887
car 0.65218460390625 0.5066328805555556 0.036160730468750034 0.07346942083333335
traffic light 0.13359944140625 0.3434972763888889 0.03373406171875 0.06717305277777778
bike 0.28174792109375 0.5293376666666666 0.051593821875000015 0.10973538611111111
person 0.973655053125 0.5089217805555555 0.025121110156250025 0.09569946527777778
drivable area 0 0 0 0
lane 0 0 0 0
lane 0 0 0 0
lane 0 0 0 0
lane 0 0 0 0
lane 0 0 0 0
lane 0 0 0 0