1 0.35450821328125 0.3179605263888889 0.023980263281250025 0.02486842083333332
1 0.34151890390625 0.34282894722222224 0.05495476953125 0.05861842361111111
1 0.3684967 0.3694736875 0.06894325703125 0.037302630555555535
1 0.14368173203125 0.39434210555555554 0.4676151351562499 0.33572368750000003
1 0.4394383125 0.3303947388888889 0.06994243515624995 0.05861842083333334
1 0.26658058203125 0.3303947388888889 0.013988486718749993 0.028421052777777806
1 0.2445986734375 0.32684210555555554 0.026977796875000015 0.04440789444444447
1 0.21862005390625 0.33572368750000003 0.04196546171875002 0.05151315833333329
1 0.17165870546875 0.34638158055555557 0.06094983671874998 0.07638157916666669
0 0.45242762187499996 0.2238157888888889 0.04496299296875002 0.08171052777777778
1 0.360678903125 0.37086022916666667 0.03411827421875002 0.027727868055555563
