traffic light 0.509807334375 0.08391890416666667 0.027706921093749948 0.1404729513888889
traffic light 0.5436713492187499 0.4998647791666667 0.01539273437500004 0.038310808333333314
traffic light 0 0.1422972736111111 0.014161303125 0.14047294861111112
traffic light 0.268654503125 0.5418242319444444 0.009235640624999996 0.018243240277777774
traffic light 0.30559706484375 0.5472972055555556 0.008209456250000002 0.012770266666666667
car 0.262497409375 0.5783107138888889 0.03181165078124999 0.03831080277777777
car 0.389744009375 0.5746620638888889 0.05541384218750003 0.07662160972222219
car 0.35382763125 0.6020269277777778 0.019497462499999996 0.0273648611111111
car 0.3456181734375 0.5801350375 0.018430034374999994 0.030645793055555575
car 0.338434896875 0.5710134180555555 0.01770316015625002 0.025704922222222218
traffic sign 0.43900075859375 0.4688512722222222 0.01601418359375 0.04349212499999998
traffic light 0.53279809140625 0.10218742916666668 0.022412094531250037 0.12187491666666668
traffic light 0.49192897890625 0.0951561875 0.022412094531250037 0.12187491527777777
traffic sign 0.6303566179687501 0.03890622361111111 0.14238271484374998 0.06562495416666668
car 0.8742529351562499 0.7349994944444446 0.12524405468750005 0.26249981944444445
traffic sign 0.40096224453125 0.5451558777777777 0.01186522656250002 0.02109373472222226
traffic sign 0.32054237812499997 0.5404683777777778 0.014501942968750025 0.014062493055555573
traffic sign 0.24275922890624999 0.5404683777777778 0.015820302343750026 0.016406238888888917
drivable area 0 0 0 0
lane 0 0 0 0
lane 0 0 0 0
lane 0 0 0 0
lane 0 0 0 0
lane 0 0 0 0
lane 0 0 0 0
lane 0 0 0 0
lane 0 0 0 0
lane 0 0 0 0
lane 0 0 0 0