car 0.3633569 0.3293347194444444 0.0206684734375 0.027217747222222262
car 0.32967493984375 0.33205649444444446 0.013013483593750009 0.029939518055555562
car 0.02500630078125 0.34294359166666666 0.029088966406249993 0.04763105694444446
car 0.00051033125 0.33477826944444444 0.026026970312499998 0.05715726388888886
car 0.44756179921875 0.32343755 0.021433974218749974 0.035383069444444436
car 0.4621062828125 0.3193548875 0.031385463281250026 0.0626008125
traffic sign 0.46134078359375 0.24495970833333333 0.008420489843750012 0.027217744444444452
traffic sign 0.467464775 0.2667339055555556 0.006889493749999964 0.024495969444444418
car 0.30364797109374997 0.3356855236111111 0.02679246953125003 0.02993951944444441
car 0.40010085625 0.3193548763888889 0.051288439062499955 0.07348791250000003
car 0.481243759375 0.3016633416666667 0.07425341249999998 0.09934477083333333
car 0.23322205468749999 0.31799398888888886 0.07042591640625 0.08845767638888889
car 0.107680203125 0.32298391388888886 0.12936934765625002 0.13881050138888892
traffic sign 0.0648122546875 0.2726310847222222 0.013013484374999995 0.05035283055555557
drivable area 0 0 0 0
drivable area 0 0 0 0
lane 0 0 0 0
lane 0 0 0 0
lane 0 0 0 0
lane 0 0 0 0
lane 0 0 0 0
lane 0 0 0 0
lane 0 0 0 0
lane 0 0 0 0