0 0.00119586640625 0.19399611666666666 0.03707186015625 0.11055121250000002
0 0.34321367812500003 0.0005314958333333333 0.025113196093749977 0.053149620833333334
0 0.516614315625 0.44698831388888893 0.00956693203124992 0.021259848611111052
0 0.40420286796875005 0.44698831388888893 0.007175199218750006 0.021259848611111052
1 0.47715072265625 0.5043899041666666 0.025113195312500024 0.029763787500000027
1 0.46638792421874997 0.5277757375000001 0.009566932031250008 0.042519695833333294
1 0.4783465890625 0.5150198277777778 0.026309063281250024 0.04251969722222218
1 0.480738321875 0.5213977819444444 0.03348426093750003 0.04677166666666663
1 0.42572846484375004 0.47462611666666665 0.04424705859374996 0.1084252277777778
0 0.65653069375 0.39171270555555554 0.014350397656250014 0.0467716680555556
0 0.674468690625 0.45549225277777783 0.019133864062500016 0.025511819444444386
1 0.70107671953125 0.4788780861111111 0.13034944609375004 0.14669295277777783
0 0.7895708390625 0.0005314958333333333 0.025113195312500024 0.08291340972222222
0 0.75937521015625 0 0.028700795312500027 0.09407483055555556
0 0.24897940546875003 0.4549607555555556 0.011958664843749967 0.04889765138888886
2 0.2929872859375 0.54000015 0.014350397656250014 0.017007879166666604
2 0.28581208671875 0.5442521180555555 0.020329729687499975 0.042519697222222264
2 0.27265755625 0.54000015 0.027504928906250024 0.05527560555555553
2 0.25711129140625 0.5463781041666667 0.028700795312499982 0.046771668055555514
2 0.21884356484374998 0.5463781041666667 0.051422257812500004 0.06377954583333331
3 0.0753395875 0.5272442402777778 0.017937996874999994 0.08291340972222222
0 0.0633809234375 0.5017324222222223 0.019133863281249996 0.021259847222222246
1 0.29856800234374997 0.47196863472222217 0.15426677578125 0.22960636250000005
1 0.51183085078125 0.4379528777777778 0.198513834375 0.2955118930555556
3 0.9392335578125 0.5004568513888888 0.02032972968750002 0.10417325694444446
3 0.8399766398437499 0.5166143152777778 0.017937996875000018 0.09566931944444446
3 0.85791463671875 0.5144883319444444 0.02630906328125011 0.09992128611111113
3 0.89020303203125 0.5102363611111111 0.015546264062500014 0.10204727361111113
3 0.89379059375 0.5059843916666666 0.021525596875000018 0.11480318055555559
