0 0.3548196984375 0.3285935166666667 0.006591792187500012 0.028124980555555526
0 0.48270046953124995 0.33796851111111115 0.00659179296875001 0.02578123194444441
0 0.27703654843750003 0.4106247111111111 0.009228509374999971 0.018749986111111148
0 0.3587747734375 0.3309372666666667 0.010546868749999971 0.028124980555555526
0 0.64881363671875 0.31453102638888886 0.013183584375000024 0.01874998750000003
0 0.6448585625 0.2887497944444445 0.018457017187500036 0.035156224999999985
0 0.3587747734375 0.30515603333333335 0.1081053953125 0.05156246388888886
0 0.52225122421875 0.36609349166666666 0.017138657812499947 0.016406240277777803
0 0.5552101859375 0.4082809625 0.011865225781250021 0.01874998750000003
1 0.4589700171875 0.4364059430555556 0.025048810156249955 0.04218747083333333
1 0.4774270359375 0.4364059430555556 0.026367169531249957 0.06796870277777774
1 0.4932473375 0.41531220694444443 0.05800777265625001 0.09609368472222223
1 0.3007670015625 0.44343718749999994 0.023730453124999995 0.049218718055555555
1 0.4049173203125 0.4387496916666667 0.018457018750000033 0.02578123194444441
1 0.42732941484375003 0.4364059430555556 0.01713866015624994 0.018749987499999954
1 0.3772317921875 0.4387496916666667 0.027685528125000004 0.0374999736111111
1 0.32845252890625 0.43171844444444446 0.04877926328125 0.07499994861111109
1 0.2493510203125 0.44343718749999994 0.05800777265625001 0.06796870555555559
1 0.53279809140625 0.42703095 0.08305658281250006 0.11249992222222219
1 0.71736827734375 0.3309372666666667 0.28212871171875004 0.40781221805555556
