traffic sign 0.79194191015625 0.1608628625 0.0977007867187499 0.06448381805555553
traffic sign 0.81066301875 0.2211864375 0.0631837414062499 0.08008474166666665
traffic sign 0.72646677109375 0.3957434361111111 0.009945589062499937 0.04888289583333337
traffic sign 0.73933753203125 0.4706278708333333 0.008775519531249998 0.04056239999999999
traffic sign 0.7340722203125 0.5111902708333333 0.014625866406250054 0.05616332638888895
traffic sign 0.7048204890624999 0.43110553055555556 0.031006835937500022 0.15808936111111113
traffic sign 0.4631524390625 0.43647920277777774 0.003510208593749997 0.013520800000000024
traffic sign 0.09536064765624999 0.44757318333333335 0.010530623437500008 0.01352080138888883
traffic sign 0.0742994 0.3893297333333333 0.023401386718749993 0.028081662499999993
traffic sign 0.07897967734375 0.42053158194444445 0.014040830468749998 0.014560863888888933
traffic light 0.50937625546875 0.4305854986111112 0.005805257031249944 0.023921415277777747
traffic light 0.28105064296875 0.40562402222222227 0.005850346875000012 0.024961476388888886
traffic light 0.25179891171875 0.46490753055555556 0.00585034609374997 0.02080123194444441
traffic light 0.2759023421875 0.40562402222222227 0.005265311718749999 0.022881355555555496
traffic light 0.20979342812500001 0.42330506805555557 0.005265311718749999 0.020801233333333297
traffic light 0.4947053 0.4545069138888889 0.00819048437499994 0.014560863888888855
traffic light 0.5005556453125 0.3910631583333333 0.006435381250000027 0.022881355555555573
traffic light 0.43152155703124995 0.4274653138888889 0.005265311718749999 0.023921415277777747
traffic light 0.43678686874999995 0.42850537499999997 0.004095243750000055 0.022881354166666687
traffic light 0.26069144140625 0.4628274097222222 0.004680277343749983 0.021841294444444513
person 0.5702787671875 0.5528685722222223 0.013455796093750028 0.08104896944444444
person 0.5135141609375 0.5319915041666666 0.008775519531249998 0.03952234027777774
person 0.49596312109375 0.5080700888888889 0.008775518749999999 0.056163324999999986
person 0.4848474625 0.5101502125 0.009945589062500027 0.06032357361111112
person 0.50473863984375 0.5070300263888889 0.010530624218749996 0.06448381527777775
person 0.58839859453125 0.5267911972222222 0.025741524218749933 0.10504622083333327
person 0.6287659859375 0.5371918138888888 0.026326559374999992 0.12064714444444447
person 0.9183581335937501 0.6016756319444444 0.05499325781250004 0.22257318055555558
person 0.8692152249999999 0.5382318722222222 0.0696191226562501 0.302657925
person 0.96550566328125 0.566833598611111 0.03334697421874999 0.2766563819444444
car 0.1316327953125 0.5030431458333333 0.053823187499999994 0.05304314305555562
car 0.204177090625 0.4968027736111111 0.047387806249999984 0.013520800000000024
car 0.37929746796875 0.5130970625 0.008190484374999984 0.01768104722222219
car 0.3863178828125 0.5006163236111111 0.020476212500000025 0.035362093055555495
car 0.39041312499999997 0.5037365083333334 0.014040831249999997 0.03016178749999996
car 0.40152878359375005 0.5058166319444445 0.03159187109374999 0.013520800000000024
car 0.39099816171875 0.5141371222222222 0.04680277109374997 0.0364021555555556
car 0.36116139375 0.5058166319444445 0.008190485937499981 0.03536209444444446
car 0.3365899375 0.4912557680555556 0.026911593750000008 0.058243449999999954
car 0.2646306765625 0.5110169388888889 0.020476212500000025 0.02808166388888896
car 0.2751125421875 0.4955893486111111 0.07254429609374999 0.0956856666666667
car 0.13316850234375 0.5047270388888888 0.15269404296875003 0.18513096527777784
car 0.30165847890625 0.5464780944444444 0.18545598281250003 0.2683358888888889
car 0 0.5051727833333334 0.144284159375 0.1570492986111111
traffic light 0.8728838679687501 0.32068565416666667 0.053823187499999925 0.08008474166666665
drivable area 0 0 0 0
drivable area 0 0 0 0
lane 0 0 0 0
lane 0 0 0 0
lane 0 0 0 0
lane 0 0 0 0
lane 0 0 0 0
lane 0 0 0 0
lane 0 0 0 0
lane 0 0 0 0
lane 0 0 0 0