2 0.00028677343750000003 0.30589122083333337 0.048177867968749996 0.1539652472222222
2 0.0020074101562499998 0.38338366250000006 0.048177867968749996 0.11827794027777772
2 0.26182376640625 0.3517749013888889 0.033839216406250025 0.0836102666666667
2 0.25264702890625 0.3793051125 0.055060420312500025 0.06729606805555556
2 0.1775124984375 0.3945996736111111 0.06194297265624997 0.05302114583333335
3 0.19701306406250002 0.3374999791666667 0.019500564843750002 0.09992446527777778
3 0.296810075 0.3405588916666667 0.013191559375000005 0.06525679444444445
3 0.2910746140625 0.34463744305555555 0.011470921093749985 0.05506041944444446
3 0.6288932296875 0.3497356277777778 0.01835347343749998 0.09176736527777779
1 0.49238927343750005 0.35687309166666664 0.02523602578124997 0.047922958333333314
1 0.487227359375 0.3670694638888889 0.006882552343749992 0.02753020972222223
1 0.56350898203125 0.36095164027777776 0.01892701953125 0.03466767083333337
1 0.5663767125 0.3670694638888889 0.021221203124999997 0.040785495833333366
1 0.57325926484375 0.3701283763888889 0.019500564843750023 0.03976585833333333
1 0.58071536328125 0.36095164027777776 0.020074111718750044 0.05913896805555557
1 0.5933333765625 0.35687309166666664 0.05391332812499998 0.07341389444444443
1 0.65986471640625 0.28345919722222224 0.10094410234374998 0.2171827666666667
1 0.00143386484375 0.5057401513888888 0.14109232656249998 0.21514348749999995
1 0.7304108796875 0.14886705972222222 0.26956663828125 0.5342899986111111
1 0.30082489687499997 0.3385196166666667 0.13937168828125004 0.1468277861111111
1 0.5021395562500001 0.3558534527777778 0.06309006406249998 0.08972809166666665
1 0.46313842578125 0.3660498277777778 0.029250847656250033 0.03568730972222222
0 0.24977929921875003 0.1549848861111111 0.010323828906249988 0.05098187083333333
0 0.6701885453124999 0.08666917916666667 0.013765104687500074 0.05709969444444444
0 0.65068798046875 0.08666917916666667 0.017779926562499958 0.05913896805555555
0 0.7504849914062499 0.14886705972222222 0.013191557812500055 0.049962233333333356
0 0.69891125859375 0 0.021175792968749985 0.03328121944444445
0 0.22913164218749998 0.02549093611111111 0.022368295312499998 0.07035498055555557
0 0.22052845078125 0.2069863902777778 0.023515387499999995 0.015294561111111094
0 0.23027873515625 0.23961479027777777 0.027530209375000014 0.0193731097222222
