car 0.33677560703125 0.368351975 0.010517664062500032 0.00934903472222225
car 0.335723840625 0.3533935208333333 0.010517664843749986 0.014958456944444422
car 0.330465009375 0.3739613972222222 0.009465898437500009 0.014958456944444422
car 0.34518973984375 0.38518023749999997 0.02524239374999997 0.02617729722222227
car 0.31889557890625003 0.38891985277777774 0.012621196093749986 0.024307490277777788
car 0.31468851249999996 0.394529275 0.013672963281250006 0.022437683333333305
car 0.28103198671874996 0.3758312041666667 0.04101889062500001 0.05983382361111104
car 0.2745110375 0.38144062638888887 0.03912570781250002 0.059833823611111114
car 0.36412153515625 0.32534641388888885 0.07783071562500003 0.13275629583333337
car 0.2513721765625 0.3758312041666667 0.03260476015624998 0.07666208611111106
car 0.18237630859375 0.37022178333333333 0.08729661328124998 0.10844880555555557
car 0.326468309375 0.38518023749999997 0.011569430468750008 0.01682826250000002
car 0.3959900609375 0.2982342138888889 0.39546417734375 0.2729918194444444
car 0.7041576242187501 0.2851455652777778 0.05364008828125 0.09909977083333328
person 0.74307298203125 0.30197382777777776 0.03260475937500003 0.1065789986111111
traffic light 0.5647985734375001 0.1336912 0.02419062656249995 0.08414131388888886
traffic sign 0.51431378359375 0.0009349041666666668 0.07046835078124998 0.03178671805555555
traffic light 0.57152987109375 0.2412051027777778 0.03260476015625002 0.043005558333333326
car 0.82262596171875 0.45062348333333335 0.17655214531250002 0.3926594666666666
drivable area 0 0 0 0
lane 0 0 0 0
lane 0 0 0 0
lane 0 0 0 0
lane 0 0 0 0
lane 0 0 0 0
lane 0 0 0 0
lane 0 0 0 0
lane 0 0 0 0
lane 0 0 0 0
lane 0 0 0 0