traffic light 0.4357960453125 0.033438300000000004 0.023909804687500015 0.04080606666666667
traffic light 0.61591656875 0.19496232083333334 0.02199702031250004 0.03910581249999999
traffic light 0.665330184375 0.17115878055555556 0.01625866796874993 0.027204044444444443
traffic sign 0.242923615625 0.24653665277777778 0.021997020312499994 0.013602022222222211
traffic sign 0.4778773171875 0.06687660694444444 0.045906825000000054 0.02550379305555555
traffic light 0.11381067109375001 0.2822419611111111 0.010520313281250004 0.015302275000000008
traffic light 0.19510400703125 0.2658061888888889 0.01147670703125001 0.01700252638888888
traffic sign 0.19701679140625 0.28564246666666665 0.008607528906250028 0.015302275000000008
car 0.6710685390625 0.19666257222222222 0.3272060203125 0.42846370694444447
car 0.2961627859375 0.2992444888888889 0.15971749531249996 0.22783387083333334
car 0.25535671328125 0.3094460041666667 0.011476707031250033 0.010201516666666698
car 0.20753710625 0.3111462597222222 0.009563921093750016 0.010201515277777773
car 0.21710102734375 0.31454676527777775 0.00860753046874998 0.013602020833333325
car 0.22666494843749999 0.31794726805555557 0.009563921093750016 0.013602020833333325
car 0.23622887109375 0.3128465125 0.017215059375000008 0.015302273611111082
car 0.11189788515625002 0.31794726805555557 0.017215059374999987 0.018702781944444444
drivable area 0 0 0 0
lane 0 0 0 0
lane 0 0 0 0
lane 0 0 0 0
lane 0 0 0 0
lane 0 0 0 0
lane 0 0 0 0
lane 0 0 0 0