1 0 0.44741153055555555 0.09401838203125 0.13903036388888887
1 0.70967143984375 0.45776486111111114 0.28889935624999996 0.36606397916666655
1 0.508752234375 0.4932619736111111 0.008111643750000041 0.025513549999999992
1 0.55742210390625 0.4988083972222222 0.010607535156249969 0.03660639583333333
1 0.566157721875 0.49437125972222223 0.013103427343749984 0.047699245833333334
1 0.5755173109375 0.48882483472222227 0.011855480468750023 0.055464240277777715
1 0.57988512109375 0.4866062638888889 0.02371096093749996 0.06433851805555556
1 0.5923645750000001 0.4866062638888889 0.04055822499999993 0.06877565555555552
1 0.6079638921875 0.49104340416666664 0.034942470312499994 0.08874278333333337
1 0.62044334609375 0.4732948472222222 0.10981919296875002 0.17046009999999998
1 0.52206364921875 0.4958502972222222 0.021215071093749937 0.03216925833333338
1 0.44781089765625 0.4880853041666667 0.02870274453124999 0.03771568194444441
1 0.48150542421875003 0.4858667361111111 0.02995068906249996 0.03660639583333333
