1 0.66539208359375 0.42850569722222226 0.11700701718750003 0.10400623611111107
1 0.6127389265625001 0.42850569722222226 0.062013718750000016 0.08736523888888886
1 0.5823171015625 0.42850569722222226 0.050313017968750005 0.07488449027777777
1 0.562425909375 0.4389063208333333 0.03159189453125002 0.060323618055555604
1 0.54721499609375 0.45138706944444446 0.03744224609374998 0.04368261944444443
1 0.53200408515625 0.4493069430555555 0.029251753906249966 0.04160249444444446
1 0.5144530320312499 0.4451466944444445 0.024571474218750035 0.03744224583333333
1 0.49456183984375 0.4451466944444445 0.024571474218749945 0.03328199444444443
1 0.4840312078125 0.44306656805555555 0.019891192968750016 0.03536212083333336
1 0.47584071640625 0.4493069430555555 0.01872112187500008 0.024961497222222247
1 0.417337209375 0.4576274430555556 0.019891192968749926 0.016640997222222214
1 0.40329636640625 0.45346719305555555 0.01287077187500003 0.02080124722222223
1 0.4629699453125 0.45138706944444446 0.010530630468749979 0.014560872222222245
0 0.31203089453125 0.3827429527777778 0.017551052343750005 0.033281995833333314
0 0.51679317265625 0.4118646986111111 0.010530630468749979 0.01456087361111113
0 0.51796324296875 0.3806628277777778 0.008190490625000013 0.031201870833333267
0 0.8713244328125 0.2662559666666667 0.026911613281249913 0.024961495833333323
0 0.49456183984375 0.4160249486111111 0.008190491406249922 0.0228813722222222
0 0.45360938359374997 0.40770444861111116 0.007020421093749984 0.01872112222222218
0 0.40212629609375006 0.42018519722222225 0.008190491406249922 0.022881373611111085
