traffic sign 0.1504741359375 0.27234355555555556 0.029003886718749983 0.0726562
traffic sign 0.07664606093750001 0.19499985833333333 0.06723628359374999 0.03515622638888887
traffic sign 0.8847998031250001 0.38484347916666667 0.014501942968749936 0.056249962500000014
person 0.51038599765625 0.48796840694444443 0.03295896093749997 0.13828115555555556
person 0.48665554609374995 0.48562465972222224 0.025048810937500044 0.1476561444444444
person 0.47347196093750005 0.48328091111111116 0.02373045312499995 0.14765614861111104
car 0.0001812703125 0.47156216944444446 0.23334944921875 0.24609358333333328
car 0.98103997109375 0.6309370597222222 0.01845701953125012 0.18984361944444444
drivable area 0 0 0 0
lane 0 0 0 0
lane 0 0 0 0