car 0.486229415625 0.5894204833333333 0.007013536718750046 0.013602012500000014
car 0.490692575 0.5894204833333333 0.008926320312500024 0.017002515277777755
car 0.45052413593749996 0.5882869833333333 0.010201509375000039 0.01700251388888895
car 0.44414819296874997 0.5871534791666666 0.010839103125000004 0.021536519444444478
car 0.43203390234374994 0.5882869833333333 0.014027073437500004 0.02380351805555555
car 0.4160940453125 0.5871534791666666 0.01912782734374998 0.029471026388888946
car 0.3969662171875 0.5826194777777778 0.02741655390625004 0.041939534722222206
car 0.49770611249999996 0.5848864791666667 0.010839101562500009 0.026070520833333354
car 0.50599483828125 0.5860199805555556 0.014027074218750001 0.026070520833333274
car 0.517981603125 0.5837529791666667 0.01912782734375007 0.03400502638888885
car 0.533921459375 0.5894204833333333 0.014664667968749967 0.030604524999999997
car 0.542847778125 0.5860199805555556 0.01912782812499998 0.041939534722222206
car 0.5562372585937501 0.5644834625 0.03889325156250001 0.07594456111111114
car 0.575237559375 0.5735514694444445 0.07077296406249997 0.08501256944444444
car 0.62688269609375 0.5588159569444444 0.06822258750000003 0.12355160138888889
car 0.68626399453125 0.5293449333333333 0.16832488750000002 0.19269515972222223
car 0.00042506093749999994 0.566750463888889 0.10479293828124998 0.08904181111111108
car 0.463913615625 0.5894204833333333 0.014664668749999965 0.017002515277777755
car 0.346851284375 0.5860199805555556 0.05674588906249998 0.05780854861111106
car 0.08621691406250001 0.5696904819444444 0.170875265625 0.18136014861111108
car 0.7314623171875 0.7737206472222221 0.001275188281250017 0.020403018055555656
car 0.80223528125 0.5379524555555555 0.19574144140625 0.2380351958333333
traffic sign 0.6740646734375 0.48015100000000005 0.01721504453125 0.03513852916666664
drivable area 0 0 0 0
lane 0 0 0 0