0 0.57796854609375 0.3389998847222222 0.021093745312499922 0.011249998611111107
0 0.5051951367187499 0.3352498847222222 0.01687499453125003 0.00937499722222223
0 0.506249821875 0.34837488055555554 0.03691405078125003 0.03749998194444445
0 0.55792949140625 0.34837488055555554 0.04218748749999994 0.04312498194444447
0 0.46195296328125 0.41774985555555555 0.021093743750000015 0.016874997222222198
0 0.43769515937500003 0.41874984444444446 0.01160155859374994 0.02062498888888887
0 0.619101346875 0.40187485 0.005273435937500004 0.03374998749999997
1 0.562148240625 0.43937485000000004 0.01054687109375001 0.024374990277777737
1 0.56953105078125 0.4412498486111111 0.00843749765625006 0.026249991666666656
1 0.55054668203125 0.4356248527777778 0.013710933593749974 0.0506249819444444
1 0.575859171875 0.43749985138888886 0.023203117968749964 0.0318749888888889
1 0.59378885546875 0.4356248527777778 0.015820306249999926 0.04687498472222218
1 0.6022263515625 0.4337498527777778 0.03480467499999999 0.06374997500000003
1 0.69534016640625 0.43714270833333335 0.036914048437500034 0.06562497638888887
1 0.49464826328125 0.43687484722222225 0.06644528984375002 0.09187496944444441
1 0.6212107203125 0.43687484722222225 0.08226559531250004 0.09937496388888892
1 0.76675754375 0.4424998416666667 0.13394526562499998 0.11249996249999994
