traffic sign 0.47375661328124996 0.3725932208333333 0.06336251015625001 0.0589217194444445
traffic sign 0.45913449531249995 0.3847241625 0.010722886718750057 0.015596926388888871
car 0.4094192953125 0.40378707222222227 0.013647310156250026 0.02252889305555554
car 0.42306660546875 0.3847241625 0.03606788984374996 0.05025676249999999
car 0.31681254999999997 0.3517973208333333 0.07408539609375002 0.10224651111111112
car 0.0009748078125000001 0.4055200638888889 0.133548675 0.09358155277777777
drivable area 0 0 0 0
lane 0 0 0 0
lane 0 0 0 0
lane 0 0 0 0
lane 0 0 0 0