car 0.71327413984375 0.3363081986111111 0.28573087812500003 0.47745753611111114
car 0.27995854375 0.3957997125 0.10468218359374996 0.1250847222222222
car 0.40008563984374995 0.40800309999999995 0.04633473671875006 0.057966094444444456
car 0.46100723828124995 0.40952852361111114 0.023167366406250077 0.024406775000000006
car 0.6257529703125 0.4202064875 0.15101692031249997 0.17999996805555551
car 0.57832400390625 0.39427428888888894 0.10577641171875003 0.14927834583333327
car 0.5674055234375001 0.3957997125 0.05062499062499999 0.10830506944444443
car 0.5450962046875001 0.3881725972222222 0.03432202812499998 0.0823728652777778
car 0.5365156984375 0.4034268305555555 0.01801906406249998 0.05338981666666669
car 0.5245029890625 0.4034268305555555 0.01630296093750001 0.04423728055555556
car 0.48331655625 0.4064776763888889 0.012012708593750077 0.027457622222222255
car 0.029407744531250002 0.3896980208333334 0.11755294374999999 0.13576268611111106
car 0.15427302734374998 0.44407895000000003 0.05189315859375001 0.05392413333333334
car 0.20788228671875003 0.44585526527777775 0.04131261562499997 0.04452070000000003
car 0.24906871953124998 0.4415624166666667 0.030889825000000037 0.051864390277777755
drivable area 0 0 0 0
drivable area 0 0 0 0
lane 0 0 0 0
lane 0 0 0 0
lane 0 0 0 0