1 0.391627703125 0.32773613472222224 0.027222901562500023 0.06367930416666666
1 0.36727036874999996 0.3302833083333333 0.03581960781249997 0.07386799027777782
1 0.32858519296875 0.3251889652777778 0.0501474515625 0.08915102361111112
1 0.41455225078125 0.3302833083333333 0.03868517578124999 0.08150950555555561
1 0.5291749968749999 0.32773613472222224 0.06304250937500004 0.09679254027777774
1 0.18817233125 0.33283048055555553 0.05014745156250002 0.08150950694444445
1 0.0936085671875 0.3353776527777778 0.10602603828124998 0.09679254027777774
1 0.21539523359374999 0.32094368333333334 0.130383371875 0.1630190138888889
1 0.4274473125 0.32094368333333334 0.11318995937500001 0.1630190138888889
0 0.6294698976562499 0.1986794222222222 0.04011796015625002 0.030566066666666655
0 0.540637271875 0.22754736111111112 0.022924548437500025 0.05349061249999999
0 0.47329640859375 0.2784908013888889 0.012895058593749998 0.02037737638888891
0 0.4804603296875 0.2988681805555556 0.014327843749999935 0.015283033333333328
0 0.47329640859375 0.3039625222222222 0.012895058593749998 0.012735861111111134
0 0.3314507625 0.2988681805555556 0.014327842968749982 0.01783020555555556
0 0.31425735 0.3039625222222222 0.014327842968749982 0.017830204166666676
0 0.18960511640625 0.24028321944444445 0.02292454765624998 0.04330192777777779
0 0.15665107578124998 0.258113425 0.014327842968750004 0.04839627083333333
0 0 0.16386805833333332 0.016238215625 0.028018894444444442
0 0.0004775875 0.2088681125 0.01719341171875 0.022924548611111106
0 0.5148471531250001 0.0008490444444444444 0.017193412499999994 0.06537743194444444
0 0.4432079375 0.28018893194444444 0.008596706249999997 0.03056606527777777
0 0.385896565625 0.28018893194444444 0.010029489843749984 0.03056606527777777
0 0.22542472421875 0.030566066666666666 0.017193412499999994 0.05858495833333333
0 0.65382723203125 0.2317926611111111 0.018626195312500027 0.04330192500000002
0 0.48905703515625004 0 0.022924549218749934 0.06028306666666666
0 0.00763072421875 0.36948673055555553 0.036722798437499996 0.018652849999999985
