0 0.7574224265625 0.4546269791666667 0.026353615624999983 0.04511565416666667
0 0.18935560703125 0.4615678486111111 0.054659349999999975 0.03817478472222228
0 0.4607002390625 0.4858608930555555 0.011712718749999951 0.024293043055555567
0 0.56416258203125 0.5483287222222222 0.007808478906250027 0.020822611111111104
1 0 0.532711763888889 0.033186034375 0.019087393055555502
1 0.03806633359375 0.5361821999999999 0.01854513671875 0.012146522222222227
1 0.06149176953125 0.5292413291666667 0.022449375781250003 0.019087393055555502
1 0.08784538515625 0.5240356791666666 0.048802990625 0.0294986958333334
1 0.146408975 0.5223004583333334 0.04977905078125 0.026028263888888858
1 0.21668528203125 0.5188300263888889 0.01952119765624998 0.01908739027777781
1 0.24108677890625 0.5223004583333334 0.018545135937500002 0.015616958333333347
1 0.32112368359375 0.5188300263888889 0.02537755546875 0.01908739027777781
1 0.41092118828124996 0.5170948055555555 0.03513815390625004 0.04511565416666667
1 0.45679599921875 0.5170948055555555 0.04294663359374997 0.05552695972222218
1 0.4528917609375 0.5275061111111111 0.09565386406250002 0.13014130972222226
