0 0.090077121875 0.3394141027777778 0.08541177187500001 0.06762762361111112
0 0.0556253140625 0.3024103083333333 0.03086307734375 0.017863902777777774
0 0.00107661875 0.3177222236111111 0.08397628046875 0.09825144722222222
0 0.1453435625 0.3215502 0.03014532890624999 0.01811617638888888
0 0.0477301078125 0.5078451597222222 0.029427584375000003 0.05231570972222228
1 0.0218912515625 0.5142251250000001 0.03490936953125 0.07273159444444441
1 0.000358871875 0.5206050902777778 0.025838857812499998 0.06507563611111114
1 0.06938211093749999 0.5082705083333333 0.12991202578125 0.1837429736111111
1 0.38160161484375 0.5554822416666666 0.027992092968750003 0.05741968055555557
1 0.42394862812499995 0.5172024555555556 0.07536332812500009 0.15439513888888892
1 0.46294616250000004 0.5359170069444444 0.15503313359374998 0.21819477777777768
1 0.1769512953125 0.44761830138888886 0.2110173203125 0.31772222499999997
1 0.6026673742187499 0.0025608430555555555 0.39619578515625004 0.9965504277777778
