car 0.41888511796875 0.5215912791666667 0.014040843749999966 0.014560870833333281
car 0.42824568125000007 0.5215912791666667 0.015210911718749998 0.014560870833333281
car 0.43760624140625 0.5215912791666667 0.014040843749999966 0.018721120833333296
car 0.4469668015625 0.5278316513888889 0.014040842968749967 0.014560875000000017
car 0.47738862734375004 0.5299117805555555 0.016380981249999937 0.01872112222222226
car 0.6131167671875 0.5387523069444444 0.050313017968750005 0.03952237222222226
drivable area 0 0 0 0
drivable area 0 0 0 0
lane 0 0 0 0
lane 0 0 0 0
lane 0 0 0 0
lane 0 0 0 0
lane 0 0 0 0
lane 0 0 0 0