traffic light 0.54070824140625 0.31453102638888886 0.009228510156250013 0.03281247777777779
traffic light 0.44578643281249997 0.3614059958333333 0.009228510156250013 0.02578123194444449
traffic light 0.5354348078125 0.31453102638888886 0.006591792187500012 0.03046872916666668
traffic light 0.23748579374999998 0.2817185486111111 0.009228510156250013 0.025781233333333337
traffic light 0.22562056875 0.2770310527777778 0.01186522499999998 0.03046872916666668
traffic sign 0.1689311546875 0.2817185486111111 0.04614254531249999 0.025781233333333337
traffic sign 0.63958512734375 0.31453102638888886 0.025048810937500044 0.02343748472222226
traffic sign 0.6527687125 0.3426560069444444 0.01713866015625003 0.018749988888888878
traffic sign 0.55389182734375 0.3285935166666667 0.032958962499999966 0.018749987499999992
traffic sign 0.45765165859375 0.3590622458333333 0.009228510156250013 0.02578123194444449
traffic sign 0.44446807499999996 0.3824997319444445 0.01186522656250002 0.018749986111111068
traffic sign 0.3548196984375 0.3567184972222222 0.014501943749999979 0.028124980555555606
car 0.33108924609375 0.41531220694444443 0.013183584374999979 0.03046872916666664
car 0.32054237812499997 0.40593721388888887 0.015820301562500028 0.03984372222222221
car 0.46028837578125004 0.4106247111111111 0.025048810156249955 0.05156246250000002
car 0.5288430164062501 0.41999970416666665 0.01713866015624994 0.042187469444444445
car 0.539389884375 0.41531220694444443 0.058007771875000017 0.07968744583333331
car 0.59739765625 0.43171844444444446 0.025048810156250045 0.05156246527777779
car 0.6132179585937501 0.41765595555555557 0.04614254609374999 0.08437494027777777
car 0.6435402031249999 0.41531220694444443 0.08305658281250006 0.11015617500000004
car 0.6817725984375 0.42937469722222227 0.1028319609375 0.11718741944444441
car 0.29285685 0.40593721388888887 0.03295896171875001 0.03984372222222221
car 0.36272984921874996 0.42703095 0.072509715625 0.08906243611111112
car 0.46160673515625 0.42703095 0.08437494218749997 0.11953116666666665
car 0.7516455976562499 0.4364059430555556 0.16743152421874993 0.1406249027777777
car 0 0.3871872263888889 0.03577694921875 0.10546867638888884
drivable area 0 0 0 0
drivable area 0 0 0 0
drivable area 0 0 0 0
drivable area 0 0 0 0
drivable area 0 0 0 0
lane 0 0 0 0
lane 0 0 0 0
lane 0 0 0 0
lane 0 0 0 0
lane 0 0 0 0
lane 0 0 0 0
lane 0 0 0 0
lane 0 0 0 0
lane 0 0 0 0
lane 0 0 0 0
lane 0 0 0 0