traffic sign 0.24342871015625 0.5216734680555556 0.013778985156249979 0.02313508194444446
traffic sign 0.07195691484375 0.45725812499999996 0.021433975781250003 0.03266129444444448
traffic sign 0.36794991171875 0.4912803041666666 0.019137477343749997 0.027217745833333376
traffic sign 0.37024640937500003 0.4463710236111111 0.01913747499999996 0.03538307083333336
traffic sign 0.27481417578125 0.5293851486111111 0.01377898203125003 0.0190524222222222
traffic sign 0.2755796734375 0.48583675694444445 0.014544482031250005 0.04082661805555558
person 0.30773063359375 0.5525202333333333 0.020668475781249994 0.07893146527777775
person 0.31691662578125 0.5497984583333333 0.014544482031250005 0.0843750097222222
person 0.32227511875000003 0.5470766819444445 0.021433974999999973 0.08845767222222223
person 0.39729402812500003 0.5525202333333333 0.016075479687500005 0.07348791388888887
traffic sign 0.85931524765625 0.4335418236111111 0.04210244999999997 0.07893146527777782
car 0.19476483984374998 0.5402722680555556 0.09339088671875002 0.11431453055555557
car 0.00032806718750000004 0.45162016666666666 0.22811873046875003 0.4314012680555556
drivable area 0 0 0 0
lane 0 0 0 0
lane 0 0 0 0
lane 0 0 0 0
lane 0 0 0 0
lane 0 0 0 0
lane 0 0 0 0
lane 0 0 0 0
lane 0 0 0 0
lane 0 0 0 0
lane 0 0 0 0
lane 0 0 0 0
lane 0 0 0 0
lane 0 0 0 0
lane 0 0 0 0