car 0.301537228125 0.3504635611111111 0.09152731484375001 0.11980132083333331
car 0.4503948390625 0.37013243611111113 0.024139071874999994 0.03576159027777774
car 0.4956555984375 0.36834435694444445 0.01106374062500004 0.017880794444444428
car 0.2824271296875 0.36298011944444447 0.03017384062499997 0.03933774583333331
traffic sign 0.11144203671875 0.24139071805555556 0.04123758125000001 0.09298012916666663
drivable area 0 0 0 0
lane 0 0 0 0
lane 0 0 0 0
lane 0 0 0 0
lane 0 0 0 0
lane 0 0 0 0
lane 0 0 0 0