0 0.13273957265625 0.23275866944444445 0.012085546093749988 0.05927237916666669
0 0.0874187734375 0.001406248611111111 0.045320799218750006 0.04693593611111112
0 0.76320223984375 0.32586213888888893 0.011078416406250024 0.050132637499999945
0 0.75010956328125 0.31153852916666663 0.012085547656250029 0.05729444027777776
0 0.77428065625 0.3921088361111111 0.025178221093749988 0.02506631805555557
0 0.11158986562499999 0.40285154444444443 0.015106932812499996 0.030437672222222212
0 0.1428108609375 0.4046419958333333 0.011078417968749999 0.02685676805555551
0 0.41574278203125 0.41896560555555556 0.005035642968749965 0.017904513888888907
0 0.47012773984375 0.42075605694444446 0.005035644531249961 0.0161140625
1 0.45804219375 0.4601459861111111 0.014099803906250052 0.021485415277777756
1 0.46811348359375 0.4601459861111111 0.02014257500000003 0.030437672222222212
1 0.4761705140625 0.4690982416666667 0.03021386484375004 0.03580902638888885
1 0.89110760390625 0.4547746333333333 0.10876991640624993 0.2076923527777778
1 0.44797090390624994 0.4726791458333333 0.021149706250000032 0.04834218472222223
3 0.31100138125 0.4655173388888889 0.016114061718749982 0.060875344444444424
3 0.29891583359374996 0.47626004861111115 0.008057031250000036 0.030437672222222212
3 0.50940576484375 0.4708886944444444 0.004028516406249949 0.014323609722222288
3 0.5174627953125001 0.4708886944444444 0.005035644531249961 0.016114061111111116
1 0.3130156375 0.4100133513888889 0.17121190703124997 0.2936340138888889
3 0.33114395625 0.4673077916666667 0.00805703203124999 0.03401857500000002
1 0.2229838515625 0.4744695986111111 0.07794623984375 0.09646750833333337
0 0.12166115468750001 0.31690988194444447 0.03827089531249998 0.01969496388888889
0 0.11461125234375 0.3545093597222222 0.02215683359375 0.01790451250000002
0 0.5164556671875 0.4135942541666667 0.009064158593750005 0.012533159722222189
0 0.5184699242187499 0.4279178638888889 0.011078417968750021 0.010742708333333361
