traffic sign 0.32591006171875 0.3482530930555556 0.042339285937500026 0.01942447777777774
traffic light 0.4105886359375 0.3336847388888889 0.008194700781250041 0.0364208930555555
traffic light 0.697403165625 0.31911637916666663 0.009560484374999945 0.03642089583333335
traffic light 0.2494261859375 0.4405193569444445 0.012292050781250018 0.021852533333333292
traffic light 0.80666584453125 0.4380912958333333 0.008194700781250041 0.02185253611111114
traffic sign 0.71788991796875 0.3385408555555556 0.04233928671875002 0.01942447777777782
traffic sign 0.77661860625 0.37738980833333335 0.024584103124999944 0.01456835694444444
traffic sign 0.2644498046875 0.3385408555555556 0.015023617187500005 0.014568358333333324
traffic sign 0.25625510390625 0.3361127944444445 0.01365783437500001 0.04127701388888888
traffic light 0.040461315625 0.38953010694444445 0.013657834375000006 0.03399283333333329
traffic light 0.69057424765625 0.3215444402777778 0.00819470156250004 0.0388489513888889
traffic light 0.321812709375 0.4405193569444445 0.006828917187500005 0.026708652777777706
car 0.3067890921875 0.4842244263888889 0.05053398906249997 0.12140297500000001
bus 0.51302239765625 0.4720841291666667 0.04097350312499994 0.021852533333333292
car 0.51438818046875 0.49150860416666664 0.04780242109374999 0.06798566944444444
car 0.5580932515625 0.48642125416666665 0.03141301875 0.05607660277777779
car 0.5895062703125 0.4842244263888889 0.009560484374999945 0.04856118888888885
car 0.5990667562499999 0.49150860416666664 0.02321831953125004 0.043705072222222204
car 0.614090375 0.4987927833333333 0.030047235937500007 0.0364208930555555
car 0.63730869296875 0.4987927833333333 0.025949885937500028 0.04127700972222222
car 0.6482349617187501 0.4817963666666667 0.09150749218750001 0.1068346180555555
car 0.9801203453125 0.43080711666666666 0.01912096796874998 0.04856118888888885
car 0.9364152750000001 0.4550877111111111 0.05053398828124998 0.03642089027777773
car 0.9418784070312499 0.4745121888888889 0.055997121875000035 0.05584536944444444
car 0.6851111140625 0.4696560680555556 0.31413019921874996 0.2913671430555556
car 0.33820211171875003 0.44271618055555556 0.20350173750000003 0.3353034458333333
person 0.08416638671875 0.46479995138888885 0.02185253359375 0.1311152152777778
person 0.055484933593749994 0.45994383194444444 0.024584100781250007 0.13839939305555554
traffic light 0.79437379296875 0.4405193569444445 0.009560483593749947 0.021852533333333292
traffic sign 0.72198726875 0.35553727222222226 0.017755185156250075 0.04856118888888889
drivable area 0 0 0 0
drivable area 0 0 0 0
drivable area 0 0 0 0
drivable area 0 0 0 0
lane 0 0 0 0
lane 0 0 0 0
lane 0 0 0 0
lane 0 0 0 0
lane 0 0 0 0
lane 0 0 0 0
lane 0 0 0 0
lane 0 0 0 0
lane 0 0 0 0
lane 0 0 0 0
lane 0 0 0 0
lane 0 0 0 0
lane 0 0 0 0
lane 0 0 0 0
lane 0 0 0 0
lane 0 0 0 0
lane 0 0 0 0
lane 0 0 0 0
lane 0 0 0 0
lane 0 0 0 0
lane 0 0 0 0
lane 0 0 0 0