1 0.46797688125 0.46082481805555553 0.01739691015625002 0.028865984722222276
1 0.2192010671875 0.42783512083333336 0.09626290156250002 0.1525773472222222
1 0 0.41752584305555557 0.24819591718749998 0.24329900972222226
1 0.28475250546875 0.43395625694444445 0.18904642265625 0.2618557125
0 0.0040823578125000004 0.17003868749999998 0.03363402421875 0.19175260833333335
3 0.9342371484375 0.39684284722222224 0.05219073046874989 0.2865979875
0 0.48734545546875 0.4461856444444445 0.006958764843749954 0.01855670416666663
0 0.5256186578125 0.44041244027777776 0.01948452500000002 0.04907218194444446
0 0.54533515625 0.4255670833333333 0.009278352343750029 0.014432994444444427
0 0.5383763921875 0.3843299625 0.010438146093749979 0.030927841666666626
0 0.17976807109374998 0.37443305 0.013917528125 0.03917526527777777
0 0.6021650625 0.3653608944444444 0.02319588046874994 0.049484544444444445
0 0.49314440781249996 0.41360831111111107 0.020876292187500044 0.010309280555555567
0 0.49314440781249996 0.38268047222222223 0.01623711484374999 0.014432993055555541
3 0.670137584375 0.47796602638888885 0.031747875781250025 0.09152540694444447
