traffic light 0.7304461867187501 0.2686606180555555 0.008437495312499977 0.011249994444444451
traffic sign 0.559532509375 0.22470695138888888 0.0063281218750000255 0.02812499027777776
traffic sign 0.74093869609375 0.2659569388888889 0.013710932031249979 0.011249995833333335
traffic sign 0.76308712578125 0.2659569388888889 0.006328121093749939 0.018749990277777802
car 0.6447151828125001 0.30241060694444444 0.02742186718749995 0.04312498333333335
car 0.6373323734375 0.3080356055555556 0.021093741406250022 0.0506249819444444
car 0.72065265546875 0.3005356069444444 0.013710932812500066 0.024374991666666665
car 0.72803546640625 0.30241060694444444 0.010546869531250013 0.02999998888888891
car 0.73330890234375 0.3005356069444444 0.014765619531249996 0.04312498472222224
car 0.7449104601562501 0.2949106083333333 0.012656246874999954 0.056249980555555565
car 0.7501838960937499 0.2930356097222222 0.044296859375000074 0.07312497500000004
car 0.70377766171875 0.30241060694444444 0.01160155781249994 0.02062499166666668
bus 0.71432453359375 0.29678560833333334 0.009492185156249989 0.024374991666666665
car 0.6057185054687501 0.31283192083333333 0.040298347656249955 0.05743028333333338
car 0.69136840078125 0.30720692222222223 0.021093741406250022 0.026249991666666656
car 0.76308712578125 0.3034569263888889 0.08332028281250006 0.08999996805555557
car 0.47515753828124996 0.32408191805555553 0.11390621015624998 0.14062495138888892
bus 0.6686716406250001 0.29705346388888887 0.022148431249999944 0.03187499166666667
car 0.48169106796875 0.3036982125 0.025741542968749975 0.016640997222222214
person 0.3319220859375 0.34322058194444444 0.01638098281249998 0.033281995833333355
drivable area 0 0 0 0
drivable area 0 0 0 0
drivable area 0 0 0 0
lane 0 0 0 0
lane 0 0 0 0
lane 0 0 0 0
lane 0 0 0 0
lane 0 0 0 0
lane 0 0 0 0
lane 0 0 0 0