1 0.0409419296875 0.42631596527777776 0.13257386640625 0.14210532083333333
1 0.25158077734375 0.4404510222222222 0.05740634453125 0.06445624722222223
1 0.4240414140625 0.43324793194444444 0.028269427343750042 0.04505778611111108
1 0.31486293515625 0.4419128888888889 0.03021904218749998 0.034659834722222234
1 0.36847736484375 0.4315149402777778 0.028269427343749997 0.02946085694444444
1 0.95628649765625 0.3899231388888889 0.04289154531250006 0.11784343749999995
1 0.027294619531249998 0.44364588194444443 0.05263962421875 0.10744548749999999
1 0.34508197734375 0.4384469069444445 0.018521349218750018 0.02946085972222221
1 0.4133185265625 0.43324793194444444 0.011697695312499956 0.027727868055555563
1 0.3967467921875 0.4297819486111111 0.016571733593750037 0.027727866666666677
1 0.44646199375 0.42804895833333334 0.016571732031249998 0.0329268416666667
1 0.4630337265625 0.4315149402777778 0.00877327109374999 0.02079590000000001
0 0.40357044843749995 0.3899231388888889 0.008773270312500081 0.034659834722222234
0 0.44158795390625 0.37432621250000003 0.0048740398437500335 0.017329916666666632
0 0.46205891875000005 0.38645715555555554 0.011697695312499956 0.0051989736111111365
0 0.5390687390625 0.3015405597222222 0.017546540625000072 0.02772786944444445
0 0.5429679703125 0.33446740277777776 0.012672502343749947 0.01906291111111109
0 0.5449175859375 0.3552633041666667 0.010722885937499971 0.027727866666666677
0 0.5244466210937501 0.3517973208333333 0.015596925781249915 0.0398588111111111
