car 0.2416901015625 0.41165281666666664 0.13176008906249997 0.15385004305555558
car 0.42337433906250005 0.3880901986111111 0.30013667421875 0.4139404930555555
bus 0.68309095703125 0.0801561875 0.3164145609375 0.546332275
car 0 0.4537496875 0.12942115234375 0.08906243888888889
car 0.44985544765625 0.43382940138888887 0.025728299218750018 0.05544145694444443
traffic light 0.40073778203125 0.17464059027777779 0.014813264843750052 0.06098560416666666
traffic light 0.59331021640625 0.2397843013888889 0.014033620312499995 0.045739204166666644
traffic light 0.415551046875 0.18018473472222224 0.014813264062499965 0.0512833472222222
traffic light 0.39305209375 0.18018473472222224 0.008465334375000032 0.0512833472222222
traffic light 0.584214071875 0.2439424111111111 0.009875791406250034 0.04019505555555559
traffic light 0.60812348203125 0.2411703375 0.010915036718750049 0.042967129166666694
traffic light 0.141115834375 0.3187883777777778 0.02572830156250001 0.03880901805555553
traffic sign 0.28690953984375 0.12197120416666667 0.014033618749999999 0.06791578472222225
traffic sign 0.20504676484375 0.12612931666666666 0.014033618749999999 0.07068785694444443
traffic sign 0.14579370625000002 0.12751535 0.0194911375 0.0651437138888889
traffic sign 0.1364379609375 0.2134496097222222 0.038982273437500006 0.02079054583333332
traffic sign 0.6853083843750001 0.2675050305555556 0.019491137499999932 0.03880901805555553
traffic sign 0.628394265625 0.36591361527777777 0.008576099999999975 0.030492801388888876
person 0.40853423671875 0.4282852555555556 0.017931846093750002 0.06652974999999996
person 0.24870691015625002 0.4366014722222223 0.014033618749999999 0.047125237499999965
person 0.2268768375 0.4366014722222223 0.010915036718750003 0.04296712916666665
lane 0 0 0 0
lane 0 0 0 0
lane 0 0 0 0
lane 0 0 0 0
lane 0 0 0 0
lane 0 0 0 0
lane 0 0 0 0
lane 0 0 0 0
lane 0 0 0 0