traffic sign 0.5744427875 0.2785933222222222 0.048338019531249984 0.08039011111111113
traffic sign 0.5837985328124999 0.36036947083333337 0.03040617421874998 0.06514371111111106
car 0.6488181914062501 0.4195730277777778 0.010915037499999957 0.018018472222222214
car 0.55370144296875 0.4320473541666667 0.02260971718749998 0.03880901944444446
car 0.47027937578124995 0.4057126611111111 0.08498135781250005 0.12751535138888892
car 0.28193928828125003 0.4253151833333333 0.11460788671874997 0.11226895138888895
drivable area 0 0 0 0
drivable area 0 0 0 0
lane 0 0 0 0
lane 0 0 0 0
lane 0 0 0 0
lane 0 0 0 0
lane 0 0 0 0
lane 0 0 0 0
lane 0 0 0 0
lane 0 0 0 0
lane 0 0 0 0
lane 0 0 0 0
lane 0 0 0 0
lane 0 0 0 0
lane 0 0 0 0