1 0.41701042031249996 0.43894154722222223 0.04234701171875006 0.07017960694444443
1 0.422034640625 0.45935743333333334 0.025121109375000027 0.052315708333333315
1 0.371792421875 0.43766555416666664 0.05957291718750004 0.09442347083333338
1 0.3595907390625 0.4478734972222222 0.05957291718750004 0.09952744305555557
1 0.32226794921875 0.4478734972222222 0.07033910625000002 0.11611535138888895
1 0.47371235390625 0.4044897388888889 0.0078952046875 0.01913989305555551
1 0.46797038437499994 0.41469768194444445 0.010048444531250044 0.022967872222222182
1 0.49596247812499994 0.4095937097222222 0.007895206249999998 0.015311912500000031
1 0.49955120859375 0.41469768194444445 0.012919428124999932 0.011483934722222245
1 0.5074464132812501 0.4465975027777778 0.010766189843749973 0.03700379305555551
1 0.51390612734375 0.4402175402777778 0.020096886718750005 0.0561436861111111
1 0.51677711328125 0.4491494902777778 0.015072664843749983 0.0548676930555556
1 0.5275433015625001 0.4465975027777778 0.017943649218749958 0.06507563611111106
1 0.534003015625 0.41342168888888886 0.07105685312499999 0.13270325833333338
1 0.45289771874999996 0.4236296319444444 0.022250125000000055 0.021691877777777792
1 0.49883346093750003 0.4215880361111111 0.022250125781249963 0.023733476388888876
1 0.1728332359375 0.43843115694444446 0.19092043281249998 0.21564279444444445
1 0.5655838390625 0.4086367138888889 0.12775878359375 0.165879075
1 0.71032929453125 0.005529295833333333 0.28781614062499994 0.8770324458333333
0 0.40767972031250005 0.38279786111111114 0.010766189843749973 0.006379963888888875
0 0.5296965390625 0.371313925 0.008612952343750013 0.006379962499999989
