0 0.10960875546875 0.008320497222222221 0.022231332812500004 0.052003118055555554
0 0.8081406421875 0.004160247222222222 0.02691161484374991 0.018721125
0 0.33309215546875 0.14144848055555556 0.019891192968750016 0.04576274583333332
1 0.5967357859375 0.2856704625 0.028081684374999936 0.04784287083333333
1 0.00702042109375 0.3140988347222222 0.035102104687499996 0.037442244444444446
1 0.18955136640625 0.30161808749999997 0.03159189453125 0.03120186944444446
1 0.22348340234375003 0.2974578402777778 0.0327619640625 0.027041619444444442
1 0.2492249453125 0.2974578402777778 0.023401404687500005 0.029121745833333337
1 0.31591894531250003 0.2995379638888889 0.019891192187499972 0.01456087361111109
1 0.33464006796875 0.2974578402777778 0.016380981249999982 0.018721120833333337
1 0.35570133046875 0.2974578402777778 0.014040842968750012 0.01456087361111109
1 0.3872932234375 0.2953777138888889 0.018721122656249988 0.017161029166666668
1 0.41303476874999995 0.29381762083333335 0.016380982031250026 0.018721122222222223
1 0.43175589140625004 0.29381762083333335 0.019891192968749926 0.01456087361111109
1 0.45515729453125 0.28549711944444445 0.02574154453125006 0.0228813722222222
1 0.56397381953125 0.2926042125 0.011700702343750003 0.0228813722222222
1 0.5709942421875 0.28012346250000003 0.024571473437500036 0.05408324444444443
1 0.60656437578125 0.2946843375 0.039314356249999974 0.050616370833333355
1 0.4439246203125 0.2849770888888889 0.10647638515624998 0.14768885694444442
1 0.04025041328125 0.24129446944444446 0.1485989109375 0.13520810833333335
3 0.6826189367187501 0.28913733888888893 0.018721122656249988 0.09568573611111107
3 0.26607395624999997 0.2808168416666667 0.059673577343750006 0.06864411666666663
3 0.2684140953125 0.26001559305555555 0.026911614843749997 0.13936835694444444
0 0.8253674882812501 0.11856710833333334 0.023401404687500005 0.01872112361111111
0 0.83121783828125 0.1372882347222222 0.033932035156250075 0.020801245833333346
0 0.84217621328125 0.19771340277777777 0.036876153906250056 0.04127701111111111
