car 0.42169328906250003 0.49881390694444444 0.016380978124999945 0.008842166666666726
car 0.44041441015625005 0.49673378472222224 0.009360561718749948 0.011391038888888892
car 0.40180209609375 0.4904934194444444 0.01755105312499996 0.01872111666666664
car 0.365529921875 0.48633317361111106 0.029251752343749972 0.027041619444444442
car 0.24150248203125 0.4800927888888889 0.04446266484375001 0.045762744444444475
car 0.18416904375 0.48425304305555555 0.05031301875000001 0.04992299444444441
car 0.6159249359375 0.4821729111111111 0.01638097890625003 0.02288137777777782
car 0.63230591875 0.4800927888888889 0.011700700781250007 0.02912174722222218
car 0.64283655234375 0.48841328749999996 0.017551054687500046 0.024961497222222247
car 0.6603876023437499 0.48841328749999996 0.019891189843750025 0.033281994444444504
car 0.6802787953125 0.4925735361111111 0.04095245625000006 0.02912174444444449
car 0.71655096953125 0.4717722930555555 0.062013718750000016 0.062403737500000035
car 0.7539932164062499 0.4717722930555555 0.09430765703124999 0.08320499166666669
car 0.8260695374999999 0.478012675 0.1649798921875 0.12480748194444441
car 0.80266813515625 0.4988139194444445 0.038612312499999926 0.06448386805555555
car 0.29415563906250003 0.48633316111111113 0.03744224609374998 0.03536212083333336
car 0.462645740625 0.4800927888888889 0.024571476562500028 0.029121752777777805
car 0.45094504296875 0.4904934111111111 0.009360560156250041 0.01456087361111113
car 0.5211492507812501 0.49465366250000004 0.025741543749999974 0.012480747222222198
car 0.590183390625 0.4925735375 0.018721124218749986 0.016640995833333328
car 0.07535251796875 0.46553191666666666 0.10530631875 0.08320499166666669
truck 0.00046802734375 0.38357500833333336 0.0351021046875 0.13936835694444444
drivable area 0 0 0 0
drivable area 0 0 0 0
drivable area 0 0 0 0
lane 0 0 0 0
lane 0 0 0 0
lane 0 0 0 0
lane 0 0 0 0
lane 0 0 0 0
lane 0 0 0 0
lane 0 0 0 0