truck 0.44371353828125004 0.5452944888888889 0.022334574218749913 0.031764726388888914
car 0.5122062320312499 0.5558827291666667 0.007444858593750059 0.031764729166666686
car 0.477959884375 0.5611768541666666 0.013400746093750016 0.015882361111111166
car 0.49136063046875 0.5585297944444445 0.01042279921875 0.023823547222222175
car 0.50178343125 0.5585297944444445 0.013400743750000022 0.02647060416666665
car 0.45115839609375 0.5691180347222222 0.020845601562499993 0.018529423611111106
car 0.41095616171874993 0.5585297944444445 0.026801489062500038 0.039705912499999996
car 0.5151841734375 0.5532356722222223 0.025312517968750024 0.03970590694444446
car 0.53751874921875 0.5373533083333334 0.05360297812499999 0.07676475694444444
car 0.2948163765625 0.5558827291666667 0.09231624062499999 0.1138236083333333
car 0.089338296875 0.5691180347222222 0.11167287031249998 0.07676475694444444
person 0.77724317734375 0.5294121277777778 0.022334574218750004 0.09529418055555554
traffic sign 0.71023945625 0.40500027777777775 0.04020223359375006 0.029117666666666667
traffic sign 0.68790488203125 0.4235297013888889 0.01935663046874998 0.018529423611111106
traffic sign 0.689393853125 0.44205912500000005 0.022334572656250006 0.021176486111111042
traffic sign 0.68790488203125 0.45529442777777773 0.022334574218750004 0.021176484722222236
traffic light 0.6313239601562499 0.48176503472222226 0.017867660156250055 0.02647060416666665
traffic light 0.44520250937499994 0.34676494305555555 0.01935663125000007 0.03176472638888887
traffic light 0.44669148203125 0.3838237916666667 0.023823544531250018 0.018529423611111106
traffic light 0.4050002765625 0.26735312499999997 0.017867660156249965 0.04764709305555558
traffic light 0.5643202375 0.2647060625 0.01637868906249995 0.03705884722222221
traffic light 0.49880548750000003 0.5161768222222223 0.010422800781249996 0.02117648611111112
traffic light 0.16676481875 0.2170589722222222 0.03871326171874998 0.07147063750000003
traffic light 0.29928329296875 0.5135297624999999 0.026801488281250042 0.026470605555555613
drivable area 0 0 0 0
lane 0 0 0 0
lane 0 0 0 0
lane 0 0 0 0
lane 0 0 0 0
lane 0 0 0 0
lane 0 0 0 0