0 0.4504525703125 0.49743499305555555 0.01123150859374995 0.04215282083333333
0 0.18579901796875 0.5739756444444445 0.011855482031249998 0.015529987499999957
0 0.03346052578125 0.40647364166666666 0.014351371875000001 0.04548067638888887
0 0.04905984375 0.40647364166666666 0.01497534453125 0.04769924722222222
0 0.2013091796875 0.44640789305555556 0.014975344531250023 0.054354955555555605
0 0.19943726171875 0.5029814194444444 0.016847263281250014 0.03105997222222222
0 0.18009410859375 0.5040907027777778 0.014351372656250017 0.02995068749999995
0 0.44385628906249996 0.5406971 0.008111646093750036 0.02218569583333334
0 0.419253940625 0.597270625 0.006239727343750001 0.011092847222222228
0 0.24810713125 0.4448232069444445 0.018719181250000005 0.028841404166666647
0 0.7443437226562499 0.3350040138888889 0.028702743749999992 0.03327854444444441
0 0.746215640625 0.36717327222222224 0.029326717187499973 0.05435495277777776
1 0.413549040625 0.6161284819444445 0.01747123593750004 0.02218569583333334
1 0.39857369609375 0.6105820583333333 0.016223288281250036 0.03105997222222222
1 0.37486273359375 0.6105820583333333 0.023086989843750017 0.03549711250000003
1 0.33867231796874997 0.6116913430555556 0.02183904296875001 0.03882496805555549
1 0.30872162890625 0.6094727736111112 0.03369452421874999 0.04548067638888887
1 0.28376272109375 0.6161284819444445 0.03119863515625001 0.04326210694444449
1 0.23010106953124998 0.6094727736111112 0.05865343203125004 0.05546424027777779
1 0.41731293750000004 0.33677886805555557 0.45300417421874994 0.46811817777777787
