1 0.37460749765625 0.4608761041666667 0.03670694453125001 0.06525679305555557
1 0.45834521875 0.4713638111111111 0.016059289062499982 0.024471300000000046
1 0 0.31637892777777776 0.24039772578125002 0.5412817986111111
0 0.5088172695312501 0.40377640972222223 0.017206381250000024 0.04719465277777775
0 0.55240676953125 0.4448532388888889 0.016059289062500072 0.0203927472222222
1 0.47475898984375 0.4687796569444444 0.008371065625000007 0.02763780416666669
0 0.46280032421875 0.4305119305555556 0.0047834656250000055 0.019133863888888904
0 0.47475898984375 0.4326379152777778 0.007175199218750006 0.019133863888888904
0 0.31212114921875 0.3922442027777778 0.015546264062500014 0.03401575972222225
0 0.313317015625 0.42838594583333334 0.015546264843750013 0.02551181805555558
