0 0.2187062515625 0.19677840416666667 0.0224584046875 0.09731975555555555
0 0.2446737828125 0.2042645388888889 0.019651103125000003 0.09108130694444444
0 0.196949671875 0.2117506736111111 0.019651103906249977 0.08109979583333334
0 0.6552415164062501 0.38517946666666664 0.011931027343749978 0.023706093055555596
0 0.64050318828125 0.3614733722222222 0.014738327343750069 0.07361365972222218
0 0.6676738375 0.3518483416666667 0.013334677343749934 0.057393701388888885
0 0.8438319546875 0.3465011041666667 0.016141978125000022 0.07111828194444449
0 0.8206717257812499 0.23670445694444445 0.032283957031249956 0.06987059166666666
0 0.8550611578125 0.5179692541666666 0.004912775781249934 0.021210715277777816
0 0.8543593328125001 0.5878398472222222 0.010527377343749932 0.042421430555555556
0 0.31204901015625 0.5393582055555556 0.005614600000000003 0.01746764861111111
1 0.44790230546875 0.6701873305555556 0.018949278906250023 0.01497227083333333
1 0.4331639765625 0.6676919527777778 0.016843803125 0.021210715277777816
1 0.4727669546875 0.6600275819444444 0.03088030625 0.043669123611111145
1 0.40749721718750004 0.6575322041666667 0.02596753046874998 0.04491681111111111
1 0.38503881171875 0.6366779611111112 0.02807300703125004 0.07236596805555556
1 0.330998275 0.6366779611111112 0.06456791484374999 0.09981513055555556
1 0.53873851953125 0.6154672444444445 0.04842593593750007 0.06737521388888888
3 0.5471604218749999 0.6741086333333334 0.00631642500000007 0.022458405555555554
1 0.12325803125000001 0.6076246361111111 0.20282746796874998 0.27110501805555554
0 0.16817484062500002 0.6217056902777778 0.007018252343749998 0.018715336111111074
1 0.49773188984375 0.6528979194444444 0.047022285156250024 0.0711182819444444
0 0.58626212109375 0.561638375 0.00982554999999996 0.02495378472222222
0 0.59047307109375 0.590335225 0.007018252343750042 0.009981515277777773
1 0.55233639296875 0.6375691583333334 0.10597559687500002 0.15720883333333324
0 0.0448411609375 0.1178434375 0.08188385937499999 0.1403723291666667
0 0.0009748078125000001 0.1473042972222222 0.034118274999999997 0.06585368472222222
