truck 0.0007993296875 0 0.27411888828125 0.494518925
car 0.38456064453125 0.29959905694444444 0.149235525 0.2598931583333333
car 0.52872013046875 0.3573530916666666 0.06395808281250001 0.11370325833333336
truck 0.33380026171875 0.34291458333333336 0.04771476015624998 0.0794117986111111
truck 0.28056906796875 0.3663771611111111 0.028866211718750014 0.050534780555555554
car 0.32466339375 0.36457234583333337 0.009136869531250013 0.05775403611111108
car 0.37948460625 0.36096272083333336 0.018273737499999988 0.04512034027777771
drivable area 0 0 0 0
drivable area 0 0 0 0
drivable area 0 0 0 0
lane 0 0 0 0
lane 0 0 0 0
lane 0 0 0 0
lane 0 0 0 0
lane 0 0 0 0
lane 0 0 0 0
lane 0 0 0 0