0 0.194639790625 0.28598684305555555 0.009991776562499988 0.04973684444444445
0 0.36649834531250003 0.2877631597222222 0.009991774218749994 0.04440789444444447
0 0.620289465625 0.22203947500000001 0.01298930937499998 0.04440789305555555
0 0.7661694 0.2700000013888889 0.009991774218750037 0.046184211111111116
0 0.4883980171875 0.3517105263888889 0.00399671015625005 0.01776315833333331
0 0.1646644625 0.1953947375 0.016986019531250007 0.053289476388888896
0 0.38048683203125 0.2930921055555556 0.009991776562499988 0.040855265277777754
0 0.67424505703125 0.30375000138888886 0.010990954687499953 0.03730263194444446
0 0.6732458796875 0.3730263180555556 0.011990132031249967 0.02131579027777772
0 0.76517022265625 0.37657894999999997 0.010990953906250045 0.02486842083333332
0 0.1766545953125 0.3907894763888889 0.01199013124999999 0.030197369444444414
0 0.19064308203125 0.3907894763888889 0.009991774218749994 0.02486842083333332
0 0.10271544921875 0.17940789583333333 0.028976149218750004 0.05506578888888889
0 0.18864472578125 0.3446052666666667 0.018984374999999987 0.015986841666666703
0 0.24959456171875 0.3019736875 0.043963815625 0.02486842083333332
0 0.55634209609375 0.246084825 0.034391458593750014 0.0700993888888889
0 0.542353609375 0.13144736805555557 0.029975328125000013 0.05328947361111111
0 0.54934785390625 0.07282894722222222 0.022981085156250015 0.05861842361111111
0 0.535359365625 0.03730263194444444 0.04796052656249996 0.028421051388888893
0 0.6922302546875 0.255789475 0.02797697500000007 0.031973684722222215
0 0.7641710445312501 0.3179605263888889 0.023980263281249935 0.01953947361111111
0 0.753180090625 0.3446052666666667 0.023980263281250025 0.015986841666666703
0 0.8530978546875 0.31263158055555557 0.02198190781250009 0.014210527777777749
1 0.41845558203125 0.39789473888888893 0.022981085937500013 0.06394736944444443
1 0.38947943046875 0.42809210555555555 0.029975328906250008 0.033750004166666674
1 0.44943008906250004 0.4085526333333333 0.018984374999999963 0.033750000000000016
1 0.4684144640625 0.4227631597222222 0.020982730468749988 0.03552631666666662
1 0.53635854375 0.4227631597222222 0.043963815625 0.04973684305555553
1 0.50238650390625 0.4121052666666667 0.029975328906250008 0.03907894722222222
1 0.6192902874999999 0.4174342125 0.08992598515625003 0.05328947222222216
3 0.7891504859375 0.4209868458333333 0.014987664062500006 0.04440789305555555
3 0.94602137421875 0.43164473888888893 0.017985198437500037 0.04085526388888883
1 0.2326085421875 0.4085526333333333 0.1618667765625 0.14565789583333336
0 0.0009748078125000001 0.12130942083333333 0.0087732703125 0.027727868055555563
0 0 0.23222089166666665 0.009748078125 0.027727866666666677
