0 0.43387110078125 0.09489391944444445 0.012085547656250029 0.05550399027777778
0 0.32711543984375 0.12175068888888887 0.00906416015625 0.0662466986111111
0 0.31402276640625 0.12533159305555555 0.013092676562499994 0.05908489305555553
0 0.44696377578125 0.09847482222222222 0.013092674999999953 0.05908489305555555
0 0.4237998125 0.10563662777777778 0.00906416015625 0.0501326361111111
0 0.2858231578125 0.2363395722222222 0.013092674999999998 0.01790451250000002
0 0.727952728125 0.17904513055555557 0.018618642968749998 0.06803714999999996
0 0.6483895484375 0.29900536666666666 0.00906416015625 0.02506632083333334
0 0.6423467765625 0.1718833263888889 0.019135446874999927 0.0519230902777778
0 0.0541835203125 0.2900531125 0.02114970625 0.025066316666666644
0 0.02094826796875 0.21843505833333335 0.013092676562499999 0.05908489305555555
0 0.26265919453125003 0.37599477638888884 0.010071288281249969 0.01074270555555559
0 0.1518750203125 0.001790451388888889 0.01812831718750001 0.03759947777777778
0 0.17000333828125 0.003580902777777778 0.020142577343750002 0.0179045125
1 0.1760461125 0.38673748194444446 0.026943435937499993 0.041641575000000035
1 0 0.3276525888888889 0.13777521640624998 0.4422414736111111
1 0.28903390703125 0.20232099722222224 0.31822754921875 0.5271374402777778
0 0.7506687210937499 0.17586086805555556 0.039607721093750034 0.07041372638888889
0 0.7260846187500001 0 0.05053398828124998 0.037461476388888894
0 0.22484208359375 0.3215444388888889 0.017755185156249985 0.02428059583333331
