car 0.43747431328125 0.5430928944444444 0.01043814531249998 0.012371134722222225
car 0.44907225234375003 0.5410310347222222 0.013917528125 0.016494851388888856
car 0.45487122265625 0.5472166041666666 0.015077321874999949 0.026804129166666732
car 0.48734545546875 0.5492784555555555 0.008118557812499993 0.024742272222222222
car 0.49407224609375 0.5534021708333333 0.015309295312500026 0.032577301388888855
car 0.507061953125 0.5430928944444444 0.038273203124999974 0.05360825694444442
car 0.5242268906249999 0.5554640277777778 0.02667526328125005 0.05319585972222222
car 0.38783512578125 0.5459794777777778 0.010438146093749979 0.030927841666666626
car 0.38203615546875 0.5501031902777778 0.009278351562499986 0.030927838888888854
car 0.37159801171875 0.5418557652777778 0.012757733593749964 0.041237120833333384
car 0.35652068828125 0.5501031902777778 0.013917528125 0.037113411111111105
car 0.34608254140625 0.5501031902777778 0.01043814531249998 0.04123711944444442
car 0.32752583749999997 0.5521650472222223 0.02551546953125001 0.043298975000000045
car 0.31128872109375 0.5439176208333333 0.01855670468749997 0.05360825555555561
car 0.28229387265625 0.5356701986111111 0.03015464296874999 0.07216496111111112
car 0.2451804640625 0.5459794777777778 0.0429123765625 0.07835052916666664
car 0.17860827578125 0.5439176208333333 0.07770619843750001 0.08865980972222229
car 0.08930413828125 0.5336083416666667 0.10090207890624998 0.1278350736111111
car 0 0.5150516361111112 0.10786084140625 0.19381446666666668
car 0.644348428125 0.4531959513888889 0.21456189140625 0.2979087347222223
car 0.5406234750000001 0.5529897763888889 0.07058796640624995 0.0762886736111111
car 0.39896913828125 0.5426804944444444 0.02899485078124999 0.037113408333333334
car 0.46507739609375004 0.5447423513888889 0.02319588046874994 0.03917526388888888
traffic sign 0.5265464796875 0.5179382222222222 0.012757733593749964 0.02268041666666668
drivable area 0 0 0 0
lane 0 0 0 0
lane 0 0 0 0
lane 0 0 0 0
lane 0 0 0 0