traffic sign 0.71536695078125 0.1764488597222222 0.047753553125 0.03329223611111111
traffic sign 0.7443936210937501 0.1598027388888889 0.047753553125 0.023304566666666637
traffic sign 0.76218416015625 0.08323059305555555 0.03370838984375002 0.02496918194444444
traffic sign 0.7247303921875 0.2963009125 0.014981507031250008 0.0882244277777778
traffic sign 0.60487833828125 0.34956849305555554 0.014981507031250008 0.03329223749999998
traffic sign 0.60394199296875 0.3029593583333333 0.01966322890625003 0.0466091347222222
traffic sign 0.5365252132812499 0.39451301250000004 0.009363442187500048 0.01831072916666664
traffic light 0.74907534140625 0.08323059305555555 0.014045161718750077 0.07823675833333335
traffic light 0.75469340625 0.29130707777777776 0.021535916406249987 0.04993835555555554
traffic light 0.44382713984375 0.3295931513888889 0.006554408593749983 0.021639954166666638
traffic light 0.500007790625 0.34956849305555554 0.00655440937500007 0.016646119444444493
traffic light 0.03558107890625 0.24969178055555558 0.023408603125 0.039950684722222206
car 0.4466361734375 0.4128237430555555 0.008427094531250035 0.013316898611111109
car 0.43540004296875 0.4111591319444445 0.011236130468750005 0.018310730555555526
car 0.5074985437499999 0.4045006847222222 0.023408604687500036 0.036621462500000014
car 0.51592564140625 0.4128237430555555 0.026217636718750013 0.039950690277777784
car 0.5365252132812499 0.4011714611111111 0.032772046875000085 0.07990136944444441
car 0.5580611296875 0.40283607222222223 0.07022581328124992 0.10487054861111113
car 0.48221725078125 0.4078299083333334 0.02621763906250001 0.04161529305555555
truck 0.3942008984375 0.37953150694444443 0.04213548828125 0.06658447083333338
truck 0.24906755078125 0.3345869861111111 0.10018882656249999 0.129839725
car 0.1348335609375 0.3861899541666666 0.13576990546874998 0.11818744305555558
car 0.26592174609375 0.36288538750000005 0.12078839921875 0.15980274027777772
person 0.74626630859375 0.4011714611111111 0.020599571875000056 0.13816278472222218
person 0.7013217890625 0.4161529680555555 0.019663228125000033 0.059926025000000036
person 0.665740709375 0.4061652972222222 0.023408604687500036 0.1032059347222222
person 0.79870158359375 0.4128237430555555 0.027153981250000035 0.12318127916666666
person 0.7228577046875 0.4061652972222222 0.035581077343749976 0.15314429444444444
person 0 0.34790388055555554 0.01966322734375 0.14315662083333333
drivable area 0 0 0 0
lane 0 0 0 0
lane 0 0 0 0
lane 0 0 0 0
lane 0 0 0 0
lane 0 0 0 0
lane 0 0 0 0
lane 0 0 0 0
lane 0 0 0 0
lane 0 0 0 0
lane 0 0 0 0
lane 0 0 0 0
lane 0 0 0 0
lane 0 0 0 0
lane 0 0 0 0
lane 0 0 0 0