car 0.06409812109375 0.4000879430555555 0.062336911718749985 0.055803272222222235
car 0.00101963359375 0.4214501236111111 0.042824769531249994 0.058912388888888896
car 0.2312027765625 0.3942597944444444 0.019118201562499992 0.01495468194444448
car 0.18761327890625 0.3942597944444444 0.02141238515624999 0.017673715277777783
car 0.3364803421875 0.3996978611111111 0.019118201562499992 0.020392748611111088
car 0.35253963046875 0.3969788263888889 0.01376510468750003 0.023111783333333354
car 0.36706946406249996 0.3942597944444444 0.012235649999999997 0.02447129861111108
car 0.48024921562499995 0.3874622125 0.021412385156250036 0.04078549583333329
car 0.49019068046875003 0.39290027777777775 0.051236777343750005 0.04758307916666667
car 0.5560268125000001 0.38649277638888885 0.07188443749999998 0.06253776250000002
car 0.6363232578125 0.38649277638888885 0.10706192734375 0.11283987222222222
car 0.7054616257812499 0.38066462777777776 0.19041728437500005 0.16042295277777777
bus 0.36898128515625 0.34123865 0.06500188437500003 0.0883685777777778
traffic sign 0.30198692578125 0.2964011569444444 0.04129531484375 0.04078549722222225
drivable area 0 0 0 0
drivable area 0 0 0 0
lane 0 0 0 0
lane 0 0 0 0
lane 0 0 0 0
lane 0 0 0 0
lane 0 0 0 0