person 0.57274457265625 0.46551695694444445 0.013092665624999977 0.07829148888888887
traffic light 0.28732448359374996 0.2391064375 0.010712180468749999 0.05501563888888891
traffic light 0.5320382734375 0.35971765 0.008331696874999928 0.04443570972222217
traffic light 0.8403110093749999 0.4485890708333333 0.009521938281250008 0.019043876388888888
traffic light 0.2106728734375 0.3872254680555556 0.01118827734375003 0.04655169722222223
traffic light 0.77794232421875 0.3110499694444444 0.007141452343750032 0.03808774861111112
traffic light 0.30422591015625 0.24545439583333334 0.008331696093750018 0.040203736111111096
traffic light 0.2816113078125 0.24545439583333334 0.005951211718749993 0.038087752777777775
traffic light 0.63725567890625 0.20948263055555555 0.02142436015625 0.09310339166666665
traffic light 0.79174914140625 0.3152819402777778 0.008331694531250022 0.029623804166666663
traffic sign 0.20948263046875 0.3152819402777778 0.017853633593749984 0.03808775138888889
traffic sign 0.49918758125 0.4337771652777778 0.01785363281250003 0.014811905555555506
traffic sign 0.60440502265625 0.30566065138888887 0.06327246406249998 0.11542059861111108
traffic sign 0.78722623515625 0.3385577875 0.04760968906250005 0.019043876388888926
traffic sign 0.8336456828125 0.3872254680555556 0.01785363281250003 0.012695918055555526
traffic sign 0.8312651976562501 0.41050131805555556 0.010712180468749999 0.012695915277777756
traffic sign 0.5382275476562499 0.3512537055555556 0.015473149218750048 0.008463944444444454
car 0.32112735625 0.46974893055555555 0.0107121796875 0.02327585000000004
car 0.30684444765625 0.4760968888888889 0.016663392187499994 0.029623806944444435
car 0.2997029953125 0.4760968888888889 0.011902421093749994 0.03173979166666664
car 0.29018105781250003 0.47398090138888893 0.013092664062499981 0.03385577916666662
car 0.2556640328125 0.4485890708333333 0.035707267187500016 0.059247612499999984
car 0.24019088515624998 0.4676329444444444 0.02737557031250004 0.040203736111111096
car 0.20448361796875 0.4612849861111111 0.034517024218749984 0.04866768194444451
car 0.48252418906249994 0.47398090138888893 0.01785363359375003 0.021159863888888866
car 0.49680709765625003 0.46974893055555555 0.02618532968749996 0.0359717652777778
car 0.5337046062499999 0.48879280416666665 0.009521937500000011 0.019043876388888888
car 0.52418266796875 0.4866768208333333 0.00833169531250002 0.023275848611111153
car 0.54441678515625 0.49090879444444446 0.01190242265624999 0.02115985972222221
car 0.5563192078125 0.49090879444444446 0.010712180468749999 0.02115985972222221
car 0.5694118718750001 0.48456083333333333 0.032136540625 0.0359717652777778
car 0.5955972015625 0.48456083333333333 0.03927799375000003 0.04655169722222223
car 0.6360654359375 0.49090879444444446 0.014282907031249969 0.029623804166666663
car 0.30628901015625 0.3554856791666667 0.19400948203124999 0.3787615263888889
car 0 0.3181032583333333 0.24439639765625 0.4549370291666667
car 0.8899044328124999 0.4302505263888889 0.10831204140625009 0.3025860222222223
traffic sign 0.69882263984375 0.22924548888888888 0.015760627343749965 0.05349061388888891
drivable area 0 0 0 0
lane 0 0 0 0
lane 0 0 0 0
lane 0 0 0 0
lane 0 0 0 0
lane 0 0 0 0
lane 0 0 0 0
lane 0 0 0 0
lane 0 0 0 0
lane 0 0 0 0
lane 0 0 0 0
lane 0 0 0 0
lane 0 0 0 0
lane 0 0 0 0
lane 0 0 0 0
lane 0 0 0 0