traffic sign 0.1307812046875 0.42107127916666665 0.01898436796874998 0.013124991666666672
traffic sign 0.52207012890625 0.43794627222222227 0.01160155859374994 0.011249991666666641
traffic sign 0.51679669453125 0.4623212625 0.015820307031250015 0.014999994444444473
traffic sign 0.50624982265625 0.46794626111111115 0.010546870312500012 0.011249997222222181
car 0.30339833671875 0.5293748208333333 0.00949218437499999 0.01499999027777774
car 0.31394520703125 0.5274998180555556 0.008437495312499977 0.01687499305555554
car 0.32238270390625 0.5293748208333333 0.00949218437499999 0.01499999027777774
car 0.327656140625 0.5293748208333333 0.009492185156249989 0.016874990277777772
car 0.3339842625 0.5274998180555556 0.010546872656249961 0.018749993055555574
car 0.3403123859375 0.5256248194444444 0.017929681250000006 0.02062499166666672
car 0.35613269375 0.512499825 0.033749985937499984 0.03749998750000003
car 0.38777330781249997 0.514374825 0.021093742968750016 0.03374998749999997
car 0.24960929296874998 0.5049998277777777 0.036914049218750036 0.04874998333333333
car 0.27914053359375 0.5256248194444444 0.006328122656249979 0.031874990277777786
car 0.26015616328125 0.5162498236111112 0.016874994531249986 0.04312498611111108
car 0.4360076609375 0.5054499013888889 0.048261024218750045 0.0566749069444445
car 0.48030452109375005 0.5133748277777778 0.012656243749999962 0.02999998888888887
car 0.47924983359375 0.5133748277777778 0.040078109375000004 0.06374997638888884
car 0.4957029515625 0.501562325 0.11707027109375004 0.12562495555555558
car 0.40243848125000004 0.5174998097222223 0.024257805468749984 0.03749998749999995
car 0.22253898515624998 0.5140176777777778 0.04851560703125002 0.05624998055555552
car 0.13871234296874999 0.5153318527777777 0.07382809921875 0.07312497222222226
car 0.5842966703125 0.4949998277777778 0.24785147499999996 0.21374992361111111
car 0.8351950164062499 0.48048810833333333 0.16347650546875006 0.44437484444444453
drivable area 0 0 0 0
lane 0 0 0 0