3 0.164076640625 0.34201753472222224 0.032118578125000005 0.12507552222222224
3 0.12889915078125 0.3760054513888889 0.02141238593749999 0.10196374027777774
3 0.09448638828125 0.3828030319444444 0.019118200781249994 0.10876132361111111
3 0.09219220546875 0.39911722916666664 0.024471297656250002 0.09380664166666672
0 0.82898112265625 0.3104229361111111 0.01529456249999992 0.0258308125
0 0.9171797429687499 0.3158610013888889 0.013000376562500016 0.02039274722222224
0 0.9393568562500001 0.33081568333333333 0.02753020937499997 0.01631419861111109
0 0.9696910843750001 0.3552869791666667 0.013765105468749895 0.02990936388888888
0 0.97504418046875 0.3851963458333333 0.011470921093750164 0.019033231944444475
1 0.8832608984375 0.3905696875 0.014529832812499954 0.024471297222222195
1 0.87637834609375 0.4000863027777778 0.01605928984374998 0.021752265277777776
1 0.86337796796875 0.4068838847222222 0.019118201562499947 0.020392748611111164
1 0.85420123203125 0.3837721041666667 0.022177114062500003 0.03806646388888887
1 0.8970260039062501 0.4041648527777778 0.017588745312500008 0.023111780555555583
1 0.9138500203125 0.3973672694444445 0.01682401718750004 0.025830813888888887
1 0.9245562125 0.40824340277777776 0.031353849999999996 0.03670694583333337
1 0.7823167953125 0.4096029194444445 0.017588745312500008 0.04486404722222217
1 0.74790403359375 0.3973672694444445 0.038236403124999985 0.05981872777777776
1 0.702785078125 0.3946482375 0.053530963281249996 0.07613292500000005
1 0.6201944484374999 0.3878506541666667 0.08717899843749999 0.09924470555555555
1 0.26497826875 0.3167673527777778 0.33724507109374996 0.3276434861111111
1 0.9425560039062499 0.40785495833333335 0.030589122656249933 0.05709969444444446
1 0.9570858382812499 0.40241689305555556 0.04233306953125009 0.08700905833333333
1 0.98538077421875 0.4323262597222222 0.013765105468749895 0.06661630972222225
0 0.97647706640625 0.3331081041666667 0.011470920312500077 0.009516615277777755
0 0.98106543359375 0.3562198847222222 0.01835347343749998 0.012235648611111098
0 0.66523274921875 0.12918062500000002 0.026765480468750002 0.11827793888888888
