car 0.394199234375 0.5161360736111111 0.32232489921875 0.44676295138888883
car 0.00221937734375 0.5549850236111111 0.013657834375 0.053417311111111115
car 0.8244210289062501 0.5331324902777778 0.1734545015624999 0.44919100972222226
car 0.23440256796874998 0.5428447277777778 0.14887039921875003 0.10926267777777778
car 0.17021074453125 0.5404166680555555 0.06282603984374999 0.0752698458333333
car 0.39829658515625 0.5501289069444444 0.06146025546874996 0.07041372500000007
car 0.6577954453125 0.5258483111111112 0.16116244921874995 0.1262590958333333
car 0.79847114296875 0.5598411444444444 0.054631339843750036 0.07769790416666669
person 0.11421362187499999 0.5303575569444444 0.03277880312500001 0.14325551111111115
traffic sign 0.062313850000000004 0.24870265416666668 0.05463133906249999 0.0679856638888889
traffic sign 0.8257868125 0.394386225 0.02458410234374995 0.026708654166666672
traffic sign 0.8039342765624999 0.41623875972222224 0.036876153906250056 0.02913671388888888
traffic sign 0.835347296875 0.41866681944444445 0.020486752343750147 0.012140298611111117
traffic sign 0.44336743984375 0.3458250347222222 0.016389401562499996 0.041277009722222265
traffic sign 0.0650454171875 0.3659210541666667 0.043705071093750006 0.04338040138888886
traffic sign 0.051387582031250004 0.3239724986111111 0.0259498875 0.031564773611111124
traffic sign 0.8257868125 0.4675748833333333 0.02458410234374995 0.016996416666666726
traffic light 0.02543769609375 0.3947331 0.03004723671875 0.04613313055555553
traffic light 0.45292792421875 0.4044453375 0.012292050781250018 0.0364208930555555
traffic light 0.37917561640624997 0.210200575 0.019120968750000022 0.08255402361111111
traffic light 0.7861790914062501 0.36559638333333333 0.010926267968749936 0.04856118888888885
traffic light 0.6673559296875 0.47728712083333336 0.010926267187500028 0.02913671388888888
traffic light 0.5881404875 0.48699935972222225 0.008194700781249953 0.02913671388888888
traffic light 0.54033806640625 0.48699935972222225 0.0054631335937499696 0.021852534722222178
traffic light 0.43380695546875003 0.49913965694444445 0.010926267968749936 0.038848952777777786
traffic light 0.84081043046875 0.5012208416666667 0.017755184375000076 0.026708654166666672
traffic light 0.36005464765625 0.2077725152777778 0.01775518437499999 0.08012596388888886
traffic light 0.77661860703125 0.35588414583333333 0.009560484375000034 0.06312954722222225
lane 0 0 0 0
lane 0 0 0 0
lane 0 0 0 0
lane 0 0 0 0
lane 0 0 0 0
lane 0 0 0 0
lane 0 0 0 0
lane 0 0 0 0
lane 0 0 0 0
lane 0 0 0 0
lane 0 0 0 0
lane 0 0 0 0
lane 0 0 0 0