0 0.24785147578125 0.3149998902777778 0.015820306250000016 0.05062498333333332
0 0.3997264234375 0.2081249277777778 0.01792968125000005 0.08062496805555554
0 0.2446874140625 0.3693748694444444 0.018984369531250024 0.044999984722222226
0 0.38074205390625 0.2174999236111111 0.015820307031250015 0.0618749791666667
0 0.41871079062499994 0.22874992083333331 0.01898436875000007 0.071249975
0 0.2446874140625 0.42562485138888884 0.027421865624999996 0.022499990277777788
0 0.31746082656249996 0.2849999 0.026367177343750027 0.06374997638888888
0 0.5842966703125 0.5756247986111112 0.012656246093750045 0.016874995833333312
1 0.66023414375 0.6318747805555556 0.04007811171875 0.0599999791666667
1 0.6085544742187501 0.6281247805555555 0.016874993749999945 0.058124979166666674
1 0.8521872015625 0.6568747625 0.023203117187500056 0.029999990277777756
1 0.8732809445312499 0.6568747625 0.02847655312500006 0.03374998749999997
1 0.89542937421875 0.6643747569444445 0.036914049218749946 0.037499988888888836
1 0.8205465875 0.6531247638888888 0.012656246093749957 0.018749993055555574
1 0.77519504140625 0.6512497625 0.026367178125000112 0.016874991666666655
1 0.80182289765625 0.6484568041666666 0.02003905624999991 0.022499990277777788
1 0.8313541375 0.6559568013888889 0.02214842968749995 0.031874990277777786
1 0.6161979625 0.6409568069444445 0.06433591640624998 0.06937497638888886
1 0.53076830546875 0.6128318152777777 0.07910153437499998 0.08999996944444445
1 0.06960935078125 0.43687484722222225 0.37124986796875004 0.5081248222222222
1 0.69820288046875 0.5643748027777777 0.08121090937499993 0.1462499472222222
1 0.9217965523437501 0.641249775 0.07699216093749986 0.12562495694444445
3 0.45773421484375004 0.6037497888888889 0.00843749765624997 0.026249988888888885
3 0.44296859531250005 0.5999997902777777 0.014765618749999997 0.07687497222222224
3 0.02425780390625 0.5718748013888889 0.023203117187500004 0.08812496805555554
1 0.07213578046875 0.5857512027777777 0.034118274999999997 0.10917847916666672
3 0.0019496156250000001 0.5649553027777777 0.01852134921875 0.0987805277777778
