traffic light 0.45042926640625 0.429868425 0.007993421093750008 0.035526313888888855
traffic light 0.33052795 0.5488815819444445 0.01698602031249998 0.01953947361111111
traffic light 0.46541693124999994 0.4263157916666666 0.010990953125000046 0.04618420972222223
traffic light 0.24859538359375 0.45473684583333335 0.015986842187500017 0.04618420972222223
traffic sign 0.241601140625 0.5044736875 0.02098272968749999 0.021315788888888913
traffic sign 0.34251808203125 0.5222368458333334 0.020982729687500035 0.010657894444444416
traffic sign 0.3215353515625 0.5328947402777777 0.026977796093750016 0.012434211111111104
traffic sign 0.77016611015625 0.4511842125 0.01698601953124994 0.02664473749999993
traffic sign 0.7681677546875 0.4902631611111111 0.02797697499999998 0.02842105277777773
traffic sign 0.7371932484375 0.47250000277777776 0.03397203984375006 0.01776315833333339
traffic light 0.22408830234375002 0.5240131611111111 0.02051037109374998 0.028421052777777806
person 0.8411077226562499 0.5773026347222222 0.0229810851562501 0.06572368472222223
person 0.8171274593750001 0.5755263194444444 0.022981085156249925 0.033750000000000016
person 0.78915048515625 0.5861842138888889 0.014987664843750003 0.014210526388888903
person 0.7677074257812501 0.5912594097222222 0.00799342109374992 0.012434211111111104
person 0.7337353859375 0.5912594097222222 0.011990131250000058 0.008881579166666695
car 0.43691313828125 0.5870168611111111 0.049958882031249985 0.07105263055555555
car 0.33999290859375 0.5585958083333333 0.10091694062499998 0.15809210694444448
car 0.6707207054687501 0.5834642319444444 0.030974507031250022 0.06039473472222225
car 0.6996968570312501 0.5958984402777777 0.19184210625000003 0.2131578958333334
bus 0.477879421875 0.3987273875 0.18784539453125 0.25578947500000004
car 0.22608665703125 0.5905694916666667 0.16686266640625003 0.19006579027777779
car 0.46189257968749997 0.5657010708333333 0.29875411406249996 0.39434210694444444
car 0 0.4715563333333333 0.23208172343750003 0.5257894777777777
car 0.15791887109375 0.5961491541666667 0.05556404687499998 0.06238770138888891
drivable area 0 0 0 0
lane 0 0 0 0
lane 0 0 0 0
lane 0 0 0 0