traffic light 0.5394522976562499 0.6654024013888888 0.00959715000000001 0.046919401388888976
traffic light 0.32111713359375 0.8040279027777777 0.023992875781250023 0.02559240138888899
traffic sign 0.429085071875 0.6845967027777777 0.05758290000000006 0.02559240138888891
traffic sign 0.333113571875 0.7251180027777778 0.019194299999999977 0.01066350000000003
traffic sign 0.34031143515625 0.7379142041666666 0.0263921640625 0.021326998611111175
car 0.7529888859375 0.9170610027777777 0.044386820312499964 0.06611369861111124
car 0.78657891015625 0.9234591027777778 0.029991094531249908 0.0533175
car 0.8105717859375 0.8978667041666667 0.039588244531250004 0.09170610000000007
person 0.7277963671875 0.8658762027777779 0.029991096093749992 0.1316231125
person 0.7050031359375 0.9042648013888889 0.029991094531249995 0.09323451388888897
person 0.69300669921875 0.8701416013888889 0.021593586718749957 0.07677720138888888
car 0.67381239921875 0.8680089027777778 0.031190736718749966 0.07464450138888894
car 0.313919271875 0.6867294041666667 0.38868457734375006 0.31076991111111113
person 0.28272853671875 0.8765397013888888 0.01919430000000002 0.0789099000000001
person 0.2875271109375 0.8701416013888889 0.03119073671875001 0.1236966
person 0.24074100390625 0.8658762027777779 0.020393943749999987 0.11090039999999987
person 0.203552046875 0.8786724027777778 0.032390381249999975 0.11090040138888892
person 0.18675703359375 0.8744070041666666 0.02159358750000002 0.09810420000000006
person 0.139970928125 0.8445492027777778 0.06358111875000001 0.1535544
person 0.10997983359375 0.8402838041666666 0.04198753203124998 0.15721551111111123
person 0.018806909375 0.8530800013888888 0.014395725781249999 0.034123200000000034
person 0 0.8360184013888889 0.01400833359375 0.059715601388888866
car 0.069191946875 0.9149283041666667 0.0359893125 0.07037910000000001
car 0 0.9127956027777778 0.09678375234375 0.08530799999999993
traffic light 0.02600477265625 0.6909948027777778 0.03478966796875 0.04691940138888889
traffic light 0 0.6824640013888889 0.017607265625 0.046919401388888976
traffic sign 0 0.6206157027777778 0.049997646875 0.038388598611111116
traffic sign 0 0.5843598013888889 0.049997646875 0.040521300000000024
truck 0.8307471054687501 0.3951559791666667 0.16874988437499994 0.6023433361111111