car 0 0.44537547222222224 0.39146766718750003 0.3520686305555556
car 0.5048276953124999 0.3191163777777778 0.30320393203125 0.446762951388889
car 0.351859946875 0.4696560680555556 0.17345450156250003 0.11897491527777772
car 0.8531024828125 0.41381069861111114 0.07511809140625 0.036420894444444386
car 0.9118311718750001 0.40167040416666666 0.04916820546874998 0.038848952777777786
car 0.7889106578125 0.41138264166666666 0.05736290703124993 0.058273429166666724
car 0.51165661328125 0.44780353333333334 0.02458410234374995 0.03156477361111109
car 0.3354705453125 0.5012208416666667 0.03551037031250002 0.026708654166666672
car 0.3641519984375 0.49150860416666664 0.028681452343750014 0.019424476388888934
bus 0.3179056609375 0.4745121888888889 0.03258850312499999 0.04127701111111111
bus 0.41605176953124995 0.4429474152777778 0.02321831953125004 0.02913671388888888
traffic light 0.59871601484375 0.2438465361111111 0.01537435937499998 0.048908063888888895
traffic light 0.612724590625 0.241418475 0.013657833593750012 0.046133131944444454
traffic light 0.4228806875 0.41866681944444445 0.008194701562499952 0.02185253611111114
traffic light 0.355957296875 0.41866681944444445 0.006828917187500005 0.02185253611111114
traffic sign 0.79778814375 0.18314504861111108 0.06077747109375009 0.05263603888888891
traffic sign 0.83124994609375 0.2147098222222222 0.025949886718749936 0.04127701111111111
traffic light 0.8412939734375 0.21713787916666666 0.03912417812500006 0.060701487500000005
truck 0.0001812703125 0.3531092125 0.05803523046875 0.1991008791666667
person 0.9637309437500001 0.35553727222222226 0.03576604609374989 0.1796764041666666
lane 0 0 0 0
lane 0 0 0 0
lane 0 0 0 0
lane 0 0 0 0