traffic light 0.26862239140625 0.4922447930555555 0.0041326515625000225 0.020204079166666687
traffic light 0.30788258671875 0.4922447930555555 0.004132652343749976 0.014693877777777765
traffic light 0.3120152390625 0.49836725694444445 0.0041326515625000225 0.018367347222222226
car 0.2582907625 0.5375509166666667 0.02169642343750002 0.0202040777777778
car 0.29445146796875 0.5412243833333333 0.020663260937500018 0.0202040777777778
car 0.3275126859375 0.5357141819444444 0.015497445312500035 0.022040811111111145
car 0.43978307499999997 0.49897949444444445 0.09195151093750002 0.14510201249999993
drivable area 0 0 0 0
drivable area 0 0 0 0
drivable area 0 0 0 0
lane 0 0 0 0
lane 0 0 0 0
lane 0 0 0 0
lane 0 0 0 0
lane 0 0 0 0