traffic light 0.16866117187500002 0.2540131597222222 0.008992599999999995 0.033749999999999974
traffic light 0.4034679171875 0.27355263333333335 0.006994243749999995 0.02486842083333332
traffic light 0.08073354140625 0.3446052638888889 0.015986842187500006 0.021315788888888913
traffic light 0.41445887187499997 0.3268421083333333 0.011990131250000058 0.01953947361111111
traffic light 0.50755926328125 0.3090789486111111 0.014810793750000073 0.03019737083333334
traffic sign 0.5033856812499999 0.24868421249999997 0.016986020312500027 0.02486842083333336
traffic sign 0.48939719453124997 0.2842105277777778 0.022981085156250015 0.017763159722222196
person 0.3545915140625 0.3499874333333333 0.006910943749999987 0.038848952777777786
person 0.94202466484375 0.3268421083333333 0.05795230234375008 0.2700000013888889
car 0.00079933046875 0.47250000138888887 0.03097450625 0.14921052638888888
car 0.208628278125 0.3676973708333333 0.11990131640624999 0.0230921055555556
car 0.3914777859375 0.3446052638888889 0.11290707265625 0.15098684444444446
car 0.00079933046875 0.3748026333333333 0.12489720390624999 0.1758552638888889
car 0.45442597734375 0.37125 0.15687088906249996 0.1723026333333333
car 0.11170804765625 0.26289473888888887 0.29775493593749996 0.5897368458333332
traffic light 0.17665459375 0.25223684305555555 0.010990953906249979 0.031973684722222256
drivable area 0 0 0 0
drivable area 0 0 0 0
drivable area 0 0 0 0
lane 0 0 0 0
lane 0 0 0 0
lane 0 0 0 0
lane 0 0 0 0
lane 0 0 0 0
lane 0 0 0 0
lane 0 0 0 0
lane 0 0 0 0
lane 0 0 0 0
lane 0 0 0 0
lane 0 0 0 0