0 0.44270976484375 0.32527568055555556 0.007175199218750006 0.01913386527777779
0 0.39128750703125 0.32527568055555556 0.005979331250000009 0.01700787916666668
1 0.41436773281250006 0.3762993152777777 0.020329731249999927 0.029232288888888923
1 0.44797158671875004 0.37417333194444446 0.01435039921875001 0.04039371388888884
1 0.43840465625 0.37842530138888886 0.017937996875000018 0.02551182083333335
1 0.45275505390625004 0.37417333194444446 0.021525596875000018 0.04677166666666663
1 0.4611261203125 0.3635434083333334 0.04424705937499995 0.07015749444444444
1 0.48265171406249996 0.36141742222222223 0.05620572421875005 0.10417325833333327
1 0.5065690468749999 0.35716545555555557 0.096865184375 0.14031499583333332
1 0.5357481796875 0.37204734861111116 0.07653545546875007 0.1615748472222222
1 0.57959664140625 0.33236231666666666 0.25352369296875 0.2870079527777778
1 0.7097467523437501 0.2540551902777778 0.28939968671874994 0.5910237847222223
1 0.03587599453125 0.29593709166666665 0.43051193046874997 0.35929143611111114
