0 0.5706164 0.2163329736111111 0.009360562499999947 0.03744224027777779
0 0.63915082890625 0.23609415972222222 0.014040839843749976 0.0540832375
0 0.55841598671875 0.24233453194444443 0.007020420312499986 0.029121747222222223
0 0.42034770703125 0.29433765 0.011700702343750003 0.016640999999999986
0 0.4507695328125 0.3858631388888889 0.009360558593749957 0.020801248611111114
0 0.8474233171875 0.2776966527777778 0.008190490625000102 0.027041622222222252
0 0.4180075671875 0.3151388986111111 0.04446266640625005 0.07488449583333336
0 0.36886461953125 0.3962637611111111 0.015210911718749998 0.027041622222222214
0 0.42268784765625 0.3879432652777777 0.011700698437500013 0.016641000000000065
1 0.35014349765624997 0.36506189166666664 0.062013718750000016 0.02912175694444446
1 0.68712370546875 0.4066643875 0.023401400781250015 0.018721118055555527
1 0.83806275625 0.308898525 0.01872111874999991 0.024961497222222247
1 0.5981983726562501 0.3983438875 0.07371441796874993 0.05616336666666671
1 0.62628005703125 0.4087445111111111 0.07254435 0.05200312083333335
1 0.5864976703125 0.37754264027777773 0.04797287968749995 0.03744224583333333
1 0.4285381984375 0.40250413611111113 0.05499329999999993 0.027041622222222214
1 0.40981707421875 0.4087445111111111 0.07371442421874992 0.06240374166666669
1 0.37120476015625 0.41498488611111106 0.10062603671874996 0.0811248694444445
1 0.25770795390625 0.42330538472222223 0.032761968749999995 0.043682622222222196
1 0.22026570859375 0.42330538472222223 0.03861231640625 0.047842872222222214
1 0.2658984453125 0.41290476111111113 0.12168729765625001 0.1289677263888889
1 0.0248639921875 0.41498488611111106 0.08775525937499999 0.07904473888888891
1 0.4800212859375 0.3463407694444444 0.12051722578125004 0.1331279902777778
1 0.00029251718749999996 0.37754264027777773 0.08190491250000001 0.2184130986111111
1 0.050605534375000004 0.4045842625 0.23401403359375 0.23297397361111105
