traffic sign 0.40746967968750003 0.6117460791666667 0.016571732812499997 0.025994876388888914
car 0.540043546875 0.6238770194444445 0.07018616484375002 0.0831836041666666
car 0.61022971171875 0.6342749722222222 0.05556404687500001 0.05892171944444442
car 0.12871105625 0.7018569125 0.030213865624999992 0.030437672222222288
car 0.02094826796875 0.7072282666666666 0.059420603125000006 0.04297083194444456
drivable area 0 0 0 0
lane 0 0 0 0
lane 0 0 0 0
lane 0 0 0 0
lane 0 0 0 0
lane 0 0 0 0