0 0.52786176484375 0.18018473055555553 0.03430440078124999 0.024948658333333363
0 0.49355736328125 0.20374735 0.07250703203124997 0.07761803888888888
0 0.3384079109375 0.21067753194444447 0.07172738515624996 0.07623200555555557
0 0.49043878046874995 0.3229464819444444 0.019491135937500025 0.026334691666666684
0 0.46549012578125 0.34235099166666666 0.010135391406249994 0.01663243750000001
0 0.4405414703125 0.32710459166666667 0.013253972656249946 0.011088287499999992
0 0.42806714218749997 0.33819288194444447 0.023389364843750027 0.01663243750000001
0 0.41715210546875003 0.35205324722222225 0.008576101562499971 0.009702249999999977
0 0.39298309531250003 0.34650910138888885 0.00857610234374997 0.01801847361111114
0 0.3578990484375 0.35205324722222225 0.00935574531250003 0.01247432638888889
0 0.5491349484375 0.3172043305555555 0.00779645468750001 0.013860366666666677
1 0.5836621015625 0.33245073194444447 0.028846883593749963 0.02079054583333332
1 0.35990384609375 0.36848767916666664 0.03976191953125001 0.027720726388888926
1 0.337628253125 0.37541785972222225 0.018711494531249963 0.02494865694444444
1 0.309561015625 0.37541785972222225 0.02728759296875003 0.026334693055555566
