1 0.06577265624999999 0.49535446666666666 0.031092528906250007 0.014881894444444457
1 0.27744102187499997 0.48685053055555555 0.026309061718750026 0.021259847222222246
0 0.3814814046875 0.4762206041666666 0.011958664843750012 0.0212598513888889
0 0.44964579374999997 0.4634646944444444 0.009566931250000011 0.021259850000000018
0 0.3348426125 0.4655906805555555 0.007175200781250002 0.019133863888888904
0 0.69121082265625 0.2125984861111111 0.023917328124999936 0.05314962083333334
0 0.70197361953125 0.4230709833333333 0.01674213046874993 0.019133863888888904
0 0.8052965125 0.37417333194444446 0.08131891953124999 0.04677166666666663
0 0.8029047789062499 0.2997638625 0.08490652109375016 0.07015749722222225
3 0.64624623515625 0.30826780277777777 0.013154531249999924 0.034015758333333326
3 0.6565306921875 0.340157575 0.013154531250000013 0.055275606944444416
3 0.6421802960937499 0.33377961944444445 0.015546264062500014 0.07015749722222221
3 0.6804480242187501 0.38692924166666665 0.015546263281250017 0.08291340833333333
3 0.65892242734375 0.3911812111111111 0.021525596875000018 0.08078742222222222
1 0.42812019765625 0.4974804513888889 0.010762799218750008 0.019133866666666676
1 0.39224420390625003 0.49535446666666666 0.016742129687500017 0.023385833333333356
1 0.40539873359375 0.5017324236111111 0.015546264062500014 0.02551181805555558
0 0.40420286796875005 0.4634646944444444 0.010762800000000006 0.01700787916666668
1 0.44605819531249996 0.4889765111111111 0.013154529687500017 0.023385833333333356
1 0.45921272578125 0.4996064375 0.011958666406250007 0.019133863888888904
1 0.47236725703125 0.4996064375 0.009566931250000011 0.021259850000000018
1 0.47954245546875 0.5059843916666666 0.021525595312500024 0.02551182083333335
1 0.34321367812500003 0.4889765111111111 0.04783465859375 0.06377954444444443
