traffic sign 0.7625860375 0.4037911916666666 0.04078788671874989 0.05545019861111113
traffic sign 0.7301956546875 0.2950234888888889 0.033590026562499986 0.06403875694444443
traffic sign 0.77698176328125 0.1286728875 0.050385036718750074 0.04691940555555555
traffic sign 0.770102615625 0.03562496805555555 0.05405269765625 0.09609368472222223
traffic sign 0.6090316359375 0.5168242902777778 0.034789668750000044 0.029857801388888876
motor 0.6258266492187501 0.6533170902777777 0.05278432578124992 0.07677720138888897
motor 0.6409034859375 0.6473432986111111 0.05800777265625001 0.09609368333333335
car 0.6786109734375 0.6234592930555556 0.14515689375000013 0.14075819861111105
person 0.5394522976562499 0.5872033944444445 0.027591805468750064 0.13009469861111103
person 0.36670359765625 0.5466820916666667 0.023992875781249978 0.12796200138888886
car 0.40029362187500006 0.5914687930555556 0.046786106249999994 0.07251180000000003
truck 0.23474278359374998 0.47843569166666666 0.14635653828125003 0.20900459861111112
truck 0 0.43578169027777774 0.187956678125 0.28578180000000003
drivable area 0 0 0 0
lane 0 0 0 0
lane 0 0 0 0
lane 0 0 0 0
lane 0 0 0 0
lane 0 0 0 0
lane 0 0 0 0