0 0.45344204843749997 0.2688912013888889 0.04366016953125005 0.020790555555555555
0 0.67057342421875 0.3042351472222222 0.007796459374999998 0.021483575000000008
0 0.5968968890624999 0.34235116805555554 0.018321678125000053 0.011781313888888907
0 0.8706305625 0.04296715138888889 0.031185835156249907 0.059599595833333324
0 0.8632239265624999 0.10118070972222222 0.036643356250000106 0.06514374444444446
0 0.8963588765624999 0.22037990000000002 0.03937211718750007 0.07415298611111112
0 0.28825241015624997 0.21445555277777778 0.017152209375000015 0.06722279861111112
0 0.40402982187500003 0.2643528888888889 0.012864157031249945 0.03880904166666666
0 0.55878952890625 0.2657389277777778 0.010525218750000054 0.043660169444444424
0 0.5712638640625001 0.26504590833333336 0.010135395312499984 0.03811601944444444
0 0.6258823921875 0.32949663333333334 0.00623716796874998 0.02356263194444447
0 0.84418323828125 0.19297197777777775 0.015592917968750087 0.054748465277777804
0 0.47346162343750003 0.3475151166666667 0.005457521093750017 0.019404519444444466
0 0.48047843593749995 0.3509802097222222 0.005847344531249998 0.017325465277777813
0 0.5681885984374999 0.3523662458333333 0.005067697656250036 0.015939429166666682
0 0.5366129390625 0.32949663333333334 0.004288052343749982 0.01801848333333334
0 0.42287124687500005 0.16525123611111112 0.01403362578124998 0.05336242777777777
1 0.509186728125 0.3749230402777778 0.014423448437500052 0.020097537499999953
1 0.51074601953125 0.3770020972222222 0.028457075000000033 0.02702772361111114
1 0.55011813671875 0.3783881333333333 0.0155929171875 0.022176593055555572
1 0.56142300234375 0.37908115138888887 0.017542032812499997 0.025641688888888896
1 0.5699991062499999 0.3860113375 0.020660616406250033 0.030492816666666697
1 0.5735075125 0.38809039305555554 0.03586371015625005 0.053362429166666676
1 0.58247343984375 0.40888095 0.04443981562500001 0.07415298472222215
1 0.71501323984375 0.3984856708333333 0.042490700781250015 0.06791582083333339
1 0.6180252984375 0.3867043569444445 0.10759113046875006 0.12543635972222217
1 0.7735646507812499 0.39779265277777776 0.10057431875000011 0.10048769027777776
1 0.3726707296875 0.4081879305555555 0.18399642734375 0.25572384861111114
