car 0.05381399140625 0.5086418736111111 0.08371065234375 0.07440947083333332
car 0.22362703046875 0.4427363444444445 0.009566931250000011 0.014881894444444457
car 0.31690461640625 0.4342324055555556 0.011958665625000009 0.010629923611111123
car 0.2846162203125 0.49163399305555555 0.014350398437500012 0.008503938888888897
car 0.2666782234375 0.487382025 0.010762798437500009 0.014881891666666687
car 0.28700795390625 0.47675209999999996 0.011958665625000009 0.010629925000000009
car 0.52857298125 0.40659460138888887 0.011958664843750012 0.012755909722222233
car 0.51183085078125 0.4108465708333333 0.010762796093749926 0.010629925000000009
car 0.54531511171875 0.40446861666666667 0.009566930468750012 0.017007876388888912
car 0.54770684453125 0.4108465708333333 0.014350397656250014 0.0212598513888889
car 0.5524903101562499 0.4257284638888889 0.022721464843750018 0.03401575833333336
car 0.5752117734375 0.4108465708333333 0.014350398437500012 0.02338583472222224
car 0.60510843515625 0.42998043472222225 0.029896660156249942 0.03826772638888885
car 0.48671765546875 0.42147649305555557 0.08131891796874999 0.1254331069444444
drivable area 0 0 0 0
drivable area 0 0 0 0
lane 0 0 0 0
lane 0 0 0 0
lane 0 0 0 0
lane 0 0 0 0