car 0.6042814203125 0.4041059444444444 0.01810430546874997 0.02860926805555558
car 0.5871829140625 0.4041059444444444 0.017098507812500063 0.03576158888888893
car 0.5811481453125 0.40947018194444446 0.015086919531249965 0.030397352777777796
car 0.5560032781250001 0.4112582638888889 0.02816225078125001 0.04112582499999999
car 0.51074251875 0.4112582638888889 0.021121687500000076 0.02324503333333333
car 0.49565559921875 0.4219867388888889 0.01911009843749998 0.0375496680555556
car 0.45240642890625005 0.4201986597222222 0.04928393906249999 0.06615893888888896
car 0.3940703375 0.42377481666666666 0.06839403749999998 0.08582781388888895
truck 0.25929385234375 0.38443707222222223 0.13980545859375 0.17344370138888887
car 0.057129125 0.4559602486111111 0.21322846796875003 0.17880793888888888
car 0.0001812703125 0.5024503111111112 0.07706374765624999 0.09426802916666664
car 0.09233193828125 0.4112582638888889 0.08951572499999999 0.0786754944444444
car 0.5077251351562501 0.40768210416666667 0.054312911718749926 0.07509933472222224
car 0.77325492578125 0.37370859722222227 0.032185429687500024 0.057218540277777744
car 0.8979734640625001 0.37549667499999995 0.06336506328124987 0.0643708583333334
car 0.97843703671875 0.3611920402777778 0.021059953124999885 0.06437085833333332
car 0.8004113820312501 0.345099325 0.09454469843749998 0.14304635138888883
truck 0.61936834140625 0.3772847541666666 0.14584022734374996 0.23960264027777783
traffic light 0.798399790625 0.35403972222222224 0.011063742187499948 0.010728475000000001
traffic light 0.755150621875 0.3182781347222222 0.005028973437500017 0.021456952777777774
traffic light 0.6163509578124999 0.32543045 0.004023178125000015 0.02145695416666666
traffic light 0.6203741375 0.3325827694444445 0.0030173835937500116 0.014304634722222194
traffic light 0.6324436734375001 0.34124976805555557 0.005028973437499929 0.02530650972222222
traffic light 0.65054797734375 0.33794700694444446 0.006034767187500023 0.019668874999999985
traffic light 0.73201734375 0.3361589277777778 0.006034767968749933 0.017880794444444466
traffic light 0.62842049453125 0.38264899444444445 0.005028971875000021 0.014304634722222273
traffic sign 0.9030024375 0.3182781347222222 0.013075331249999956 0.0393377472222222
drivable area 0 0 0 0
drivable area 0 0 0 0
lane 0 0 0 0
lane 0 0 0 0
lane 0 0 0 0
lane 0 0 0 0
lane 0 0 0 0
lane 0 0 0 0