person 0.08375112109375 0.3850030777777778 0.047724109375000004 0.23331787222222217
person 0.13428253203125 0.4012230375 0.04632045781250001 0.17467647777777778
person 0.7320036515624999 0.3861208013888889 0.02526570546875 0.12476891527777778
person 0.6569083625000001 0.38736849166666665 0.018949278906250023 0.10480589166666673
person 0.6421700328125 0.40483614027777776 0.016383209375000086 0.06845395972222224
person 0.62416381015625 0.39842875 0.018949278125000024 0.06238445555555556
person 0.60521453046875 0.39343799444444444 0.018949281250000016 0.06487983611111112
person 0.297815115625 0.43211635833333334 0.010527376562499979 0.06238445277777779
person 0.2893932140625 0.4308686652777778 0.011229200781250004 0.06987059305555555
person 0.24166910390625002 0.4396024916666667 0.014738329687499973 0.1222735375
person 0.22903625234375 0.44209786944444446 0.01122920234375 0.11728278333333332
person 0.2164033984375 0.4383548013888889 0.014738328124999978 0.10730126944444443
person 0.20236689453125 0.4495840041666667 0.019651104687499997 0.11853046527777775
person 0.321677171875 0.4221348430555556 0.015440152343750003 0.06737521527777778
person 0.335713675 0.43461173333333336 0.007720076562499978 0.04741218888888889
person 0.34600710156250003 0.43170044583333333 0.012632853906249996 0.057393704166666656
person 0.26880633515625 0.4217189361111111 0.012632853906249996 0.09108130972222225
person 0.2814391890625 0.42421431249999997 0.009123724999999982 0.08109979722222226
person 0.41478596718749994 0.43045275972222224 0.012632853906250041 0.06612751944444442
car 0.47420716562500004 0.4483363041666667 0.013334676562499936 0.038678362499999966
truck 0.36331879296874997 0.3705636791666667 0.06246243671874998 0.1235212305555555
car 0.45174876171875 0.4454250263888889 0.028073008593749994 0.041173740277777746
car 0.48613819375 0.42421431249999997 0.04351316015625004 0.06737521388888888
traffic light 0.5247385765625 0.4217189361111111 0.005614602343749997 0.023706090277777828
traffic sign 0.77132044609375 0.001663579166666667 0.07860441562500009 0.1335027375
drivable area 0 0 0 0
lane 0 0 0 0
lane 0 0 0 0