1 0.00019491171874999998 0.42620620138888893 0.22063967343750002 0.4366014736111111
1 0.77392810546875 0.5590347055555556 0.22538250078125008 0.28275143194444435
1 0.154889575 0.4883468472222222 0.13565831484375 0.2120635722222222
1 0.26715852578125 0.5243837944444445 0.05223624687499999 0.12335724444444449
1 0.51238302421875 0.5524741277777777 0.03040617499999998 0.0623716375
1 0.5287555796875 0.5552462 0.043660146875000014 0.07484596805555555
1 0.552924590625 0.5552462 0.06159199375000002 0.09009236527777781
1 0.5872289921875 0.5455439458333333 0.07718490312500004 0.1261293152777777
1 0.63338401484375 0.5039628513888889 0.1777591726562499 0.2051333930555556
1 0.42365935312499997 0.5815808930555556 0.01793184765625 0.01940450972222223
1 0.44205899375 0.5422867513888889 0.057693764843750016 0.07422227916666668
0 0.49351559375000004 0.46848031250000005 0.006237164843749987 0.027720729166666618
1 0.27637129765625 0.37469405 0.1093431609375 0.24336745694444442
