1 0.00095639140625 0.42846369999999995 0.033473727343749995 0.15472300138888895
1 0.14345882890625 0.45226723888888887 0.09085725703125003 0.08841314583333333
1 0.23335969374999999 0.47437052638888894 0.034430120312500014 0.05100757916666668
1 0.26683342109375 0.47777103055555553 0.03060454843749998 0.03740556388888889
1 0.29839436328125 0.4811715375 0.02008423749999997 0.027204040277777765
1 0.3060455 0.4641690083333333 0.032517333593749996 0.03230480277777777
1 0.33856283515625 0.4641690083333333 0.021040628125000006 0.030604550000000015
1 0.37394934609375 0.4233629416666667 0.08703168984375002 0.1462217388888889
0 0.46002464296875 0.44206572222222223 0.012433098437499979 0.017002527777777724
0 0.42176895546875004 0.40466016111111114 0.0057383539062499265 0.015302273611111082
1 0.46002464296875 0.4641690083333333 0.023909804687500015 0.04250631944444447
1 0.48010887890625 0.4216626861111111 0.034430118750000016 0.0680101138888889
1 0.50688786015625 0.4369649625 0.04877600156249997 0.08501263888888885
1 0.5556638617187499 0.45906824999999996 0.021040628125000006 0.05950884861111116
1 0.5747917046875 0.4573679986111111 0.05164517968749997 0.08161213472222223
1 0.6149601773437501 0.4488667319444445 0.09372643359374999 0.12241820277777775
1 0.7096430046875 0.4233629416666667 0.1549355328125001 0.20062982777777774
1 0.8664913242187501 0.4658692611111111 0.13293851406249999 0.260138676388889
