traffic light 0.0278667984375 0.1504686388888889 0.0290038859375 0.11015617500000001
traffic light 0.602671090625 0.3239060208333333 0.018457018750000033 0.0749999472222222
traffic light 0.8202002374999999 0.5465621166666667 0.017138660156250117 0.02343748472222226
traffic light 0.14915577734375002 0.5770308458333333 0.021093735156249994 0.032812477777777835
traffic light 0.06609919296875 0.14578114305555556 0.0250488109375 0.11953116805555557
traffic light 0.58948750546875 0.33796851111111115 0.014501943750000024 0.06328120416666662
traffic light 0.62376482578125 0.34031225972222223 0.010546867968749929 0.058593709722222206
traffic sign 0.1452007015625 0.5114058916666667 0.027685528125000004 0.028124980555555526
traffic sign 0.79383306953125 0.4504684333333333 0.031640603125000055 0.02343748194444449
traffic sign 0.7002296171875 0.3614059958333333 0.019775376562500037 0.05624996111111113
traffic sign 0.6409034859375 0.5934370847222222 0.015820301562500028 0.028124980555555526
traffic sign 0.6224464671875001 0.5699996013888889 0.010546868749999928 0.0374999736111111
traffic light 0.5789406382812501 0.5981245819444444 0.009228510156249925 0.023437483333333297
car 0.38646030078125004 0.6309370597222222 0.04350583046874994 0.06796870277777782
car 0.37195835859375 0.6496870458333334 0.021093735156249994 0.04453121944444444
car 0.35086462265625 0.6473433 0.031640603125000014 0.05156246250000002
car 0.30340371796875 0.6426558013888889 0.050097621875 0.05859370972222225
car 0.23484907812500003 0.6379683041666666 0.08041986640624996 0.0914061875
car 0.5881691484375 0.6332808069444444 0.015820301562500028 0.02578123194444449
car 0.565757053125 0.6356245569444444 0.01186522656250002 0.023437483333333377
car 0.598716015625 0.6215620652777777 0.025048810156250045 0.03749997500000006
car 0.6118996 0.628593311111111 0.021093735937499948 0.04218747083333333
car 0.6264015429687501 0.6239058138888889 0.03427732031249997 0.05624996111111113
car 0.64881363671875 0.6356245569444444 0.032958961718750054 0.053906212500000016
car 0.66990737265625 0.6192183166666667 0.07250971640624995 0.08671869166666665
car 0.42732941484375003 0.5793745944444444 0.14106435624999997 0.13828115694444446
car 0 0.6379683041666666 0.2453959453125 0.14765614861111104
drivable area 0 0 0 0
lane 0 0 0 0
lane 0 0 0 0
lane 0 0 0 0
lane 0 0 0 0
lane 0 0 0 0
lane 0 0 0 0
lane 0 0 0 0
lane 0 0 0 0