1 0.427826115625 0.5449190847222223 0.09872036406250002 0.1402062097222222
1 0.57525782578125 0.5321791194444445 0.14497425234375 0.16843955833333332
1 0.5033505984375 0.5356701958333333 0.04291237968750004 0.06597939444444442
1 0.565979475 0.5109279236111112 0.05599425468750008 0.10456358333333332
1 0.1635309546875 0.5521650472222223 0.16164238984374998 0.11716783194444444
1 0.5404640070312501 0.5315464861111111 0.031314436718749936 0.053608256944444495
0 0.24239694609375 0.23463488333333335 0.038273203124999974 0.06914522222222222
0 0.6506444375 0.28865984166666664 0.008118557812499993 0.032989694444444474
0 0.6162353765625 0.3175258236111111 0.019331737499999946 0.012371136111111111
0 0.48595368828124996 0.3395189513888889 0.008118557812499993 0.02886598333333331
0 0.46623719062499996 0.3250859583333333 0.008118557812499993 0.0329896944444444
0 0.49755162734375 0.34158080416666664 0.008118557812499993 0.030927843055555588
0 0.4523196625 0.32852238194444444 0.009278350781250033 0.02886598333333331
0 0.63904649609375 0.29484541111111107 0.010438146093749979 0.024742270833333337
0 0.30734541171875 0.3572901888888889 0.01043814531249998 0.03505155277777779
0 0.523465334375 0.39445864444444445 0.02199702031250004 0.02380353888888891
0 0.36661701562500004 0.3094460055555555 0.00956392187499997 0.025503791666666664
0 0.339838034375 0.3281487861111111 0.01625866718750002 0.006801011111111106
