car 0.84229702421875 0.5247504611111111 0.07568516406249995 0.08073083888888885
car 0.4298128890625 0.4642023305555556 0.02522838750000007 0.07848831666666661
car 0.3995388234375 0.46195980694444444 0.04288825937499996 0.09194345833333337
car 0.36421908203125 0.4642023305555556 0.05928670937499998 0.10315607361111105
car 0.2948410140625 0.4798999944444444 0.12361909921875003 0.13455140277777783
car 0.59127456953125 0.49784018055555557 0.03279690312499994 0.04485046666666664
car 0.5559548265625 0.49784018055555557 0.025228386718750072 0.02691028055555557
car 0.50928230859375 0.49784018055555557 0.03279690468750003 0.029152804166666692
car 0.4424270828125 0.4843850402777778 0.04541109843750002 0.042607941666666704
car 0.62407147265625 0.4933551333333333 0.0277512265625 0.04260794583333336
car 0.6341628273437501 0.5157803666666667 0.023966969531250014 0.02691028055555549
car 0.6505612796875 0.4888700888888889 0.05424103359375003 0.06054812916666666
car 0.670743990625 0.5090527958333333 0.03910400078124994 0.049335513888888884
car 0.00093030078125 0.4888700888888889 0.30400206953125 0.41486681666666664
traffic sign 0.84481986328125 0.4798999944444444 0.017659871874999844 0.029152804166666692
traffic light 0.73255353984375 0.44177709722222225 0.012614194531249989 0.02242523333333332
traffic light 0.65434553984375 0.39916915416666665 0.018921291406250075 0.04036541944444447
traffic light 0.558477665625 0.45298971250000003 0.012614194531249989 0.02691028055555549
traffic light 0.50423663203125 0.39692663055555555 0.013875613281249954 0.03363785138888886
traffic light 0.49666811640624997 0.44850466805555556 0.012614195312499988 0.024667756944444442
traffic sign 0.6089344398437501 0.44177709722222225 0.034058322656249994 0.03139532777777774
traffic sign 0.69975663671875 0.4260794375 0.018921291406249985 0.02466775416666667
traffic sign 0.67578966875 0.40813924583333333 0.026489807031250034 0.02691028055555557
traffic sign 0.45882553359375 0.3946841097222222 0.0277512265625 0.02691028055555557
traffic sign 0.8258985734375001 0.41710934027777774 0.015137032812499918 0.029152804166666692
traffic sign 0.72750786171875 0.473172425 0.01765987187500002 0.015697663888888908
traffic sign 0.9621318664062499 0.47092990138888885 0.025228387499999984 0.02466775416666667
traffic sign 0.960870446875 0.49784018055555557 0.02901264609375005 0.02242523333333332
traffic sign 0.09976109765624999 0.1942942527777778 0.0416912046875 0.10058830416666666
drivable area 0 0 0 0
drivable area 0 0 0 0
drivable area 0 0 0 0
drivable area 0 0 0 0
lane 0 0 0 0
lane 0 0 0 0
lane 0 0 0 0
lane 0 0 0 0
lane 0 0 0 0
lane 0 0 0 0
lane 0 0 0 0
lane 0 0 0 0
lane 0 0 0 0