traffic sign 0.40977631171875 0.3723965597222222 0.010029489843749939 0.022924548611111106
traffic light 0.3874248765625 0.3708682555555556 0.008596707812499993 0.022924548611111106
traffic light 0.10029490156250001 0.2715285513888889 0.008596705468749999 0.03056606527777781
traffic light 0.3945888109375 0.3708682555555556 0.007163921875000057 0.025471722222222187
car 0.17623246953125 0.35660409305555557 0.012895058593749998 0.010188687499999974
car 0.1604718421875 0.35660409305555557 0.012895058593750019 0.012735861111111054
car 0.12608501796875 0.3489625777777778 0.012895058593749998 0.010188686111111128
car 0.12465223437499999 0.36169843888888886 0.014327843750000003 0.012735861111111134
car 0.14327843046875 0.35405692222222224 0.012895058593749998 0.01783020555555556
car 0.13611450859375002 0.3667927833333333 0.021491764062499995 0.01783020833333337
car 0.10889160703125 0.35660409305555557 0.008596705468749999 0.02037737777777772
car 0.0916981953125 0.3515097513888889 0.014327843750000013 0.022924548611111106
car 0.071639215625 0.35405692222222224 0.0200589796875 0.022924548611111067
car 0.030088469531250002 0.35405692222222224 0.017193410937499997 0.015283031944444404
car 0.04011796015625 0.36169843888888886 0.028655685937499998 0.02037737361111114
car 0.14471121484375 0.38462298611111106 0.02292454921875 0.03311323333333339
car 0.11605552890625 0.38717015972222224 0.020058979687500013 0.015283033333333328
car 0.0988621171875 0.37952864444444445 0.017193411718749996 0.028018895833333345
car 0.0745047828125 0.38462298611111106 0.020058980468749998 0.020377375000000027
car 0.04871466640625 0.37952864444444445 0.02149176484375 0.017830205555555523
car 0.134681725 0.39481167361111114 0.014327843750000003 0.020377374999999948
truck 0.1633374109375 0.3820758152777778 0.03295403906249998 0.05603778611111115
car 0.38971733203125003 0.4576419236111111 0.02865568593750001 0.030566063888888884
car 0.3983140375 0.4576419236111111 0.03008847265625003 0.03820758333333332
car 0.4155074484375 0.46783061388888886 0.02579011875000008 0.03566040972222224
truck 0.35103215546875 0.41688717222222227 0.041550745312500005 0.07896233194444441
truck 0.1881723390625 0.14773598194444443 0.18339639140625003 0.40245319305555555
truck 0.43174566406250003 0 0.5682543359375 0.9297178166666668
drivable area 0 0 0 0
drivable area 0 0 0 0
lane 0 0 0 0
lane 0 0 0 0