0 0.0649484640625 0.2525773611111111 0.015077323437500002 0.030927838888888854
0 0.12293816484375 0.35154644999999995 0.009278351562500009 0.022680412499999983
1 0.39780934375 0.37525779444444446 0.008118558593749992 0.018556702777777823
1 0.40476810781249994 0.37113408194444447 0.010438145312500069 0.01649484999999997
1 0.411726871875 0.36288665833333333 0.01043814531249998 0.022680412500000025
1 0.31662376328124997 0.3793815055555555 0.015077322656249992 0.018556702777777823
1 0.30154644140625 0.37525779444444446 0.015077321874999994 0.022680412500000025
1 0.2887887078125 0.37731964999999995 0.015077321874999994 0.02268041666666668
1 0.27139179687500004 0.3731959388888889 0.020876290625000005 0.026804129166666652
1 0.4175258421875 0.3649485138888889 0.017396909375000026 0.026804127777777766
1 0.45579904453125 0.34845366666666666 0.04175258281250001 0.05360825694444442
0 0.45309286406249993 0.3202749638888889 0.013917528125 0.014432991666666695
1 0.09394331484375 0.37525779444444446 0.055670111718750005 0.0639175361111111
1 0.5761856843750001 0.3051546888888889 0.17860827656249995 0.1958763236111111
1 0.013917528125 0.3793815055555555 0.09742269609375001 0.08865980833333341
1 0.7196521796875001 0.3597938736111111 0.27835056171874994 0.25567014583333336
1 0.34677840859375003 0.37422686388888887 0.013917528125 0.01855670416666671
