car 0 0.3827429527777778 0.0737144203125 0.0291217458333333
car 0.15444926171875 0.36402182916666664 0.032761965625 0.03536212083333336
car 0.39431364609375 0.36194170555555555 0.01989119296874997 0.037442244444444446
truck 0.35804147109375 0.3453007069444445 0.02106126328125 0.027041622222222214
truck 0.4118646984375 0.33698020833333336 0.023401403906250007 0.054083245833333356
truck 0.44813687421875 0.3349000847222222 0.024571473437500036 0.0520031152777778
truck 0.173170384375 0.1830509777777778 0.18019080625 0.30161808611111113
car 0.3662319625 0.35986158055555556 0.03510210390624997 0.05200311527777773
car 0.41654497968750004 0.36402182916666664 0.052653157812499976 0.06864411527777779
traffic sign 0.09594575390625 0.195531725 0.07722463046875001 0.08528511388888889
traffic sign 0.28900733125 0.18721122638888887 0.03393203593749998 0.03744224583333333
traffic sign 0.464923678125 0.3290817805555556 0.010331637500000036 0.013775516666666673
traffic sign 0.4769772546875 0.3290817805555556 0.00860969765624997 0.015306129166666654
traffic sign 0.48558695234375 0.3290817805555556 0.010331637500000036 0.015306129166666654
traffic sign 0.49677956015625 0.3260205541666667 0.007748727343749984 0.01989796805555556
truck 0.48903083203125003 0.3535715875 0.005165818750000018 0.012244902777777808
drivable area 0 0 0 0
drivable area 0 0 0 0
drivable area 0 0 0 0
drivable area 0 0 0 0
lane 0 0 0 0
lane 0 0 0 0
lane 0 0 0 0
lane 0 0 0 0
lane 0 0 0 0
lane 0 0 0 0
lane 0 0 0 0
lane 0 0 0 0
lane 0 0 0 0
lane 0 0 0 0
lane 0 0 0 0
lane 0 0 0 0