0 0.27989046640625 0.3269637263888889 0.006117825000000021 0.023111780555555544
0 0.41830624375000003 0.31064952777777777 0.019882928906250007 0.012235648611111098
0 0.46418992734375 0.3079304958333333 0.017588745312500008 0.012235649999999983
0 0.49630850546875005 0.3092900111111111 0.012235649218749955 0.010876131944444447
1 0.17665218046875 0.33444106805555557 0.034412762499999985 0.051661627777777774
1 0.31200904453125 0.23587611805555556 0.08412008593749998 0.20256796388888887
1 0 0.2651057236111111 0.14968595859375 0.1373111722222222
1 0.52424976015625 0.3126888027777778 0.03364803437499999 0.058459212499999955
1 0.40880176640625 0.3299740847222222 0.017588745312500008 0.02719033055555558
1 0.2618428859375 0.35211478194444445 0.026765480468750002 0.021752265277777818
1 0.30619711171874997 0.34803623333333333 0.012235649999999997 0.027190331944444424
1 0.24960723671875 0.3534742986111111 0.010706192968750017 0.014954683333333326
1 0.22513593906249998 0.3534742986111111 0.026765482031250044 0.025830813888888846
1 0.21519447421875001 0.3534742986111111 0.01223564921875 0.021752266666666624
1 0.38909364609375 0.3507552638888889 0.010706193749999971 0.023111783333333354
1 0.3982703828125 0.3575528486111111 0.013765105468750028 0.020392748611111164
1 0.41050603125 0.3575528486111111 0.016059289062499982 0.01767371666666667
1 0.42503586484375006 0.3507552638888889 0.017588744531249922 0.02447129861111108
1 0.44109515312500003 0.34803623333333333 0.010706193750000014 0.025830813888888925
1 0.44874243515625 0.34667671666666666 0.010706192187500019 0.025830813888888887
1 0.45333080234375 0.34259816666666665 0.019118201562500037 0.028549848611111074
1 0.4625075390625 0.34667671666666666 0.01835347265625007 0.028549848611111074
1 0.47397845937499994 0.3507552638888889 0.016059289843750067 0.027190331944444462
1 0.5053323093750001 0.33444106805555557 0.023706570312499942 0.04214501249999998
1 0.5573338171875 0.3412386486111111 0.012235648437499958 0.014954683333333366
1 0.5573338171875 0.3507552638888889 0.019882929687500005 0.027190331944444462
1 0.53286251953125 0.35211478194444445 0.027530210937499966 0.03806646388888891
1 0.57201658203125 0.34803623333333333 0.014529832812499954 0.01903323055555555
1 0.6079587992187501 0.34667671666666666 0.013765105468749983 0.01903323055555559
1 0.61942972109375 0.34259816666666665 0.014529832812499954 0.024471297222222195
1 0.6546072109375001 0.3439576833333333 0.02294184218749997 0.03534742916666664
1 0.6798432359375 0.3412386486111111 0.03670694687499996 0.03534743194444445
1 0.48296823828125 0.3501746347222222 0.02676548203125 0.03806646250000002
1 0.6351491203124999 0.34881511944444443 0.03135384921874999 0.032628397222222265
1 0.787245040625 0.2400537972222222 0.13612159296874998 0.1862537652777778
1 0.9118957140624999 0.33114140416666665 0.03441276250000005 0.03126888194444446
1 0.9440142921874999 0.3392985027777778 0.04511895468750016 0.03262839583333334
1 0.9845448796875 0.34745560277777776 0.014529832031249867 0.027190330555555538
1 0.00042483828125 0.3814435166666667 0.07647280625 0.25694862499999993
