0 0.255902984375 0.4427514138888889 0.013334678125000022 0.02121071527777774
0 0.30503074531249996 0.45398061666666667 0.016141978125000022 0.02620147222222226
0 0.39977713984375 0.40656842916666663 0.014036503124999999 0.02620147222222226
0 0.45802862734375005 0.40656842916666663 0.01614197890624993 0.021210715277777816
0 0.44469395 0.45148523888888886 0.009825551562499956 0.019963026388888888
0 0.41311181796875 0.45023754861111115 0.011931027343749978 0.022458402777777782
0 0.253797509375 0.4140545638888889 0.02175657890624998 0.012476891666666667
0 0.3057325703125 0.43401759166666665 0.014738328124999978 0.012476888888888895
1 0.32839150625 0.48374690972222223 0.03088030703125 0.06113676805555552
1 0.315056828125 0.48499459861111105 0.02947665625 0.06487983611111112
1 0.49221755 0.4899853555555555 0.05474236171875004 0.054898322222222226
1 0.39115472812499996 0.4450685458333333 0.07930624218749997 0.13974118194444446
1 0.264625678125 0.48748997777777775 0.06176061328125 0.07610903750000005
1 0.09829311874999999 0.4812515319444444 0.1424705046875 0.1285119819444444
