1 0.2357437140625 0.6066022069444444 0.016528114843749987 0.026118501388888958
1 0.2541082859375 0.6092140597222222 0.007345828906250018 0.026118505555555536
1 0.2596176578125 0.6108464666666666 0.011018741406249966 0.034280533333333335
1 0.26237234296875 0.5928899958333333 0.03948382968750001 0.07182588055555562
1 0.28808274375 0.5308585541666667 0.12855200234375 0.1860943263888888
1 0.00067719609375 0.6154172027777778 0.034892685156250006 0.14365176111111116
1 0.012614167968750001 0.5370616972222222 0.23047537499999998 0.3623942125
0 0.256862971875 0.4913543194444444 0.023873942968750006 0.016324059722222253
0 0.24951714296875 0.5060459763888888 0.035810916406250025 0.035912938888888926
1 0.49517269921875 0.1608366638888889 0.49951635078125 0.8308948472222222
