0 0.49588405468749996 0.3796872388888889 0.0039550750000000075 0.018749987499999954
0 0.5288430164062501 0.3773434902777778 0.0026367164062499173 0.018749987499999954
1 0.46951688515625 0.400780975 0.013183584374999936 0.02109373472222226
1 0.45105986640625 0.40312472222222223 0.018457018750000033 0.028124983333333374
1 0.43392120624999997 0.40781221944444446 0.01713866015625003 0.028124980555555526
1 0.41546418828125004 0.400780975 0.02373045312499995 0.04218747083333333
1 0.3825052265625 0.400780975 0.031640603125000014 0.0515624638888889
1 0.34559118906249997 0.40312472222222223 0.042187471093750026 0.06562495555555559
1 0.2730814734375 0.3796872388888889 0.072509715625 0.1148436708333333
1 0.09642143828125001 0.38203098750000003 0.18852526093750002 0.17343738055555555
1 0.5209328656250001 0.39843722638888884 0.014501942968749936 0.018749986111111148
1 0.539389884375 0.40781221944444446 0.011865225781250021 0.037499974999999984
1 0.5552101859375 0.39843722638888884 0.014501942968750025 0.053906212500000016
1 0.56707541171875 0.4054684708333333 0.018457018749999943 0.06093745833333336
1 0.58289571328125 0.39140598055555553 0.05537105625000001 0.11015617500000004
1 0.63299333515625 0.39609347777777776 0.13051748828125004 0.17812487777777777
