car 0.38255520625 0.6219788138888889 0.026383117968750015 0.06525679444444445
car 0.34928953671874996 0.6158609916666666 0.04244240703125 0.11419938888888884
car 0.287346565625 0.6138217152777778 0.0814435375 0.14886705972222214
car 0.45482200781250004 0.6240180888888889 0.01835347343749998 0.03262839722222218
car 0.47546966484375003 0.6240180888888889 0.017206382031250023 0.036706948611111144
car 0.49267604687500005 0.6240180888888889 0.03441276171874996 0.042824770833333366
car 0.5282359 0.6199395375 0.029824394531250055 0.055060420833333346
car 0.5970614265624999 0.5995467916666667 0.09750282578125002 0.12847431111111113
car 0.65900439765625 0.5669183944444445 0.22138877109375005 0.21820240277777778
car 0.08201708437500001 0.6077038888888889 0.24891898046875 0.2691842749999999
car 0.0005735468750000001 0.5913896944444444 0.181240546875 0.39765858611111116
person 0.55347192578125 0.5771147694444444 0.02523602578124997 0.14886705972222222
person 0.57641376796875 0.5852718680555555 0.032118578125000054 0.1468277861111112
traffic light 0.24127169453125 0.5472054111111111 0.010323828906249988 0.026510570833333386
traffic light 0.40902026015625 0.5415731319444445 0.010323828125000035 0.03262839722222218
drivable area 0 0 0 0
lane 0 0 0 0