0 0.6969231171875 0.27290326111111113 0.023271173437500004 0.02177419583333331
0 0.694473521875 0.23298390138888891 0.02082157499999999 0.03483871388888886
0 0.5523968906250001 0.3113710097222222 0.025720768749999935 0.010191262499999985
0 0.34908033125000004 0.3375000416666667 0.03429436015624998 0.01741935694444443
0 0.5438233007812501 0.3048387486111111 0.006123992187499994 0.023951615277777765
0 0.39929707265625003 0.32008068472222223 0.00612399218749995 0.026129036111111108
0 0.38337469140625 0.32879036666666667 0.0073487898437500036 0.021774195833333346
0 0.53892410546875 0.30701616805555554 0.0036743953124999786 0.023951615277777803
1 0.5107537382812499 0.4050000513888889 0.007348790625000046 0.01741935694444447
1 0.43971542265624997 0.4071774722222222 0.017147178906250015 0.015241936111111127
1 0.44338981953124995 0.4115323111111111 0.02082157578125008 0.028306454166666682
1 0.410320259375 0.3875806958333334 0.0293951640625 0.05008064999999999
1 0.39317307968750004 0.4180645694444444 0.0220463734375 0.026129034722222222
1 0.35642912421875 0.4115323111111111 0.04286794843749999 0.05443549027777779
1 0.4580874 0.4006452125 0.06001512890625005 0.08056452777777778
1 0.51320333671875 0.4050000513888889 0.028170367187500035 0.03483871388888894
1 0.5413737039062501 0.4180645694444444 0.007348790624999957 0.017419359722222243
2 0.5413737039062501 0.4050000513888889 0.004899193749999942 0.01741935694444447
3 0.5487224937499999 0.4071774722222222 0.006123992187499994 0.017419355555555585
3 0.3417315390625 0.42241940833333336 0.0073487914062500435 0.02395161666666665
1 0.6454815796875 0.37887101666666667 0.06368952421875003 0.0958064652777778
1 0.6724271468749999 0.38975811527777776 0.07593751015625001 0.10233872361111117
1 0.5548464859375 0.3505645625 0.09430948906250007 0.14370969583333337
1 0.28171641171875 0.42677424861111113 0.033069560156249976 0.026129034722222222
1 0.23149967187499998 0.43112908749999995 0.06613912187500004 0.0653225875
1 0.07105106171875 0.42241940833333336 0.12370465312500001 0.11758066111111111
2 0.007361536718750001 0.4920968388888889 0.03306956171875 0.039193554166666665
2 0.01103593359375 0.43112908749999995 0.02939516484375 0.08709678611111116
1 0 0.4376613486111111 0.05022948671875001 0.05879032916666663
1 0.73856626953125 0.0004687430555555555 0.2609307203125 0.5395313263888889
