traffic sign 0.13452348281249998 0.2530167916666667 0.028269427343749997 0.015596926388888911
traffic sign 0.581960284375 0.24261884166666667 0.03606788984374996 0.038125818055555566
traffic sign 0.65702048828125 0.28940961805555554 0.01949615703125005 0.01732991805555556
traffic sign 0.3597040953125 0.31540449444444446 0.022420580468749972 0.013863933333333339
traffic light 0.03801750625 0.2599487583333333 0.0107228859375 0.027727868055555563
traffic light 0.5371191234375 0.22702191666666668 0.009748078124999981 0.0415918013888889
traffic light 0.3733514046875 0.2946085930555556 0.012672502343749992 0.027727868055555563
traffic light 0.52639623671875 0.22528892499999997 0.009748078124999981 0.04505778472222224
traffic light 0.6765166453125 0.3465983458333333 0.013647309374999939 0.022528891666666696
traffic light 0.047765584374999996 0.2668807263888889 0.010722886718750008 0.03292684027777777
car 0.4669329578125 0.4089860472222222 0.030219044531250017 0.034659834722222234
car 0.53224508359375 0.41245203055555557 0.013647310156250026 0.02426188472222219
car 0.450361225 0.4159180138888888 0.015596924218750008 0.019062909722222247
car 0.25150042421875 0.4107190388888889 0.029244235156249986 0.038125818055555524
car 0.28171946718749996 0.4141850222222222 0.014622117968750015 0.027727868055555563
car 0.29634158515625 0.41245203055555557 0.012672502343749992 0.025994876388888914
car 0.5000764249999999 0.41245203055555557 0.012672501562500039 0.02426188472222219
car 0.51469854296875 0.4072530555555555 0.011697693750000049 0.020795901388888892
truck 0.47668103671875006 0.39165613055555554 0.014622117968749926 0.02079590000000001
traffic light 0.4649833421875 0.3656612541666666 0.004874040625000031 0.017329916666666712
traffic light 0.49617719375 0.36739424583333335 0.004874039062500035 0.020795901388888892
car 0.549791625 0.4072530555555555 0.021445772656249938 0.032926843055555585
drivable area 0 0 0 0
drivable area 0 0 0 0
drivable area 0 0 0 0
lane 0 0 0 0
lane 0 0 0 0
lane 0 0 0 0
lane 0 0 0 0
lane 0 0 0 0
lane 0 0 0 0
lane 0 0 0 0
lane 0 0 0 0
lane 0 0 0 0
lane 0 0 0 0
lane 0 0 0 0
lane 0 0 0 0
lane 0 0 0 0
lane 0 0 0 0
lane 0 0 0 0
lane 0 0 0 0