traffic sign 0.6593605046875 0.44343718749999994 0.03295896171874997 0.042187475000000065
traffic sign 0.66067886328125 0.49265590277777777 0.03295896171874997 0.016406240277777803
traffic sign 0.8215185953124999 0.3356247625 0.08964837656250016 0.08906243888888889
traffic sign 0.43392120624999997 0.4481246847222222 0.03295896250000006 0.03749997500000006
traffic sign 0.39832552734375 0.45281218055555555 0.026367169531250047 0.03046872916666672
car 0.34031775546875 0.5020308958333334 0.015820301562500028 0.018749988888888916
car 0.3271341703125 0.5043746458333334 0.014501942968749982 0.02343748472222226
car 0.31131386875 0.5231246319444445 0.018457017968750034 0.021093736111111067
car 0.2045268328125 0.5301558791666667 0.030322245312500006 0.023437483333333297
car 0.41546418828125004 0.5301558791666667 0.019775376562499947 0.03046872638888887
car 0.4088723953125 0.5184371361111111 0.01186522656250002 0.016406238888888838
car 0.42864777265625 0.5114058916666667 0.015820302343750026 0.01874998750000003
car 0.45105986640625 0.5160933875 0.014501943750000024 0.021093736111111067
car 0.42601105546875007 0.5489058652777777 0.026367169531249957 0.028124980555555526
car 0.4774270359375 0.5371871236111111 0.02109373515624995 0.025781233333333375
car 0.75560067265625 0.5184371361111111 0.022412094531250037 0.03281247777777775
car 0.6712257312500001 0.5395308722222222 0.02768552734374996 0.01874998750000003
car 0.0009748078125000001 0.5372274347222222 0.07213578046875 0.1906290902777778
car 0.30316523984375 0.5008346083333333 0.011697694531250002 0.017329918055555598
truck 0.28659350703125 0.49216965 0.013647309374999982 0.027727868055555563
car 0.49325277031250003 0.5181645263888889 0.018521348437499974 0.01906290833333328
car 0.48155507578125 0.5164315347222223 0.011697694531250047 0.015596924999999985
drivable area 0 0 0 0
drivable area 0 0 0 0
drivable area 0 0 0 0
drivable area 0 0 0 0
lane 0 0 0 0
lane 0 0 0 0
lane 0 0 0 0
lane 0 0 0 0
lane 0 0 0 0
lane 0 0 0 0
lane 0 0 0 0
lane 0 0 0 0
lane 0 0 0 0
lane 0 0 0 0