traffic sign 0.6794329257812499 0.4000773166666667 0.00819049140625001 0.020801247222222152
traffic sign 0.75899769609375 0.37511581805555555 0.018721122656249988 0.029121748611111067
traffic sign 0.44658896328125 0.4083978138888889 0.009360559375000044 0.018721123611111147
person 0.0897175609375 0.4021574388888889 0.015210912500000007 0.06656399027777773
person 0.07450664921875 0.4021574388888889 0.015210911718749998 0.06448386944444442
person 0.70283432890625 0.4125580652777778 0.01404084140625006 0.07072423888888887
person 0.852603309375 0.3917568152777778 0.03861231718750009 0.1289677333333333
person 0.59635794375 0.4312791833333333 0.007020421093749984 0.031201873611111115
car 0.4103167859375 0.43335931111111115 0.012870770312500035 0.0166409986111111
car 0.44658896328125 0.43335931111111115 0.011700700781250007 0.0166409986111111
car 0.19619394765625 0.4208785611111111 0.022231332812500004 0.029121748611111147
car 0.1552414921875 0.4125580652777778 0.05967357656250001 0.03536212083333336
car 0.14471085859375 0.4167183138888889 0.033932035156250005 0.029121744444444413
car 0.13067001640625 0.4187984347222222 0.02925175468750001 0.0270416236111111
car 0.11311896562499998 0.4125580652777778 0.03744224453125 0.03536212083333336
car 0.097908053125 0.41047793749999995 0.026911614062499988 0.03536211805555559
car 0.058125667187499994 0.4125580652777778 0.053823227343750016 0.03952236805555553
car 0.01015278984375 0.4063176888888889 0.06669400078125001 0.041602493055555495
car 0.0019622984375 0.4146381875 0.021061261718750002 0.02704162083333333
car 0 0.38759656666666664 0.00664257890625 0.06656399027777782
truck 0.49807204921875003 0.4167183138888889 0.025741542968749975 0.04160249444444438
car 0.34596292890624997 0.4291990625 0.014040841406250015 0.014560872222222245
car 0.37872489296875 0.4291990625 0.018721121875000035 0.02080124722222223
car 0.46414001484374995 0.42295868611111115 0.03159189531250002 0.04992299444444441
car 0.5179632414062499 0.4271189361111111 0.036272176562500036 0.047842866666666595
truck 0.47233050624999995 0.41047793749999995 0.02223133359375007 0.01456087361111113
car 0.32490166640624996 0.4291990625 0.016380982031250026 0.016640995833333328
drivable area 0 0 0 0
drivable area 0 0 0 0
drivable area 0 0 0 0
lane 0 0 0 0
lane 0 0 0 0
lane 0 0 0 0
lane 0 0 0 0
lane 0 0 0 0
lane 0 0 0 0
lane 0 0 0 0
lane 0 0 0 0
lane 0 0 0 0
lane 0 0 0 0
lane 0 0 0 0