car 0 0.5857512027777777 0.12282578828124999 0.37086023194444445
car 0.28756831484375 0.46964075833333335 0.10722886171875001 0.11957642916666668
car 0.7077104960937499 0.46097579861111115 0.2729461968750001 0.2582157694444445
car 0.5887839390625 0.4471118652777778 0.10332963124999991 0.13170737083333328
car 0.543942778125 0.4644417819444444 0.03801750625000002 0.06065471111111115
car 0.53516950703125 0.47137375 0.011697694531249959 0.04332479305555555
car 0.52737104453125 0.46964075833333335 0.016571733593749992 0.032926840277777814
car 0.51664815859375 0.46097579861111115 0.018521347656249975 0.0329268430555555
car 0.38894833046875 0.476572725 0.02631981171875002 0.07798462777777779
car 0.41429333437500004 0.47137375 0.032168659375 0.06238770138888891
car 0.44061314609375 0.47483973333333335 0.014622117968750015 0.04332479305555555
car 0.456210071875 0.4817717 0.012672502343750036 0.027727868055555563
car 0.46790776640625 0.46964075833333335 0.01072288593750006 0.01906290833333336
traffic sign 0.7700981984374999 0.23222089166666665 0.017546541406249984 0.07625163611111113
drivable area 0 0 0 0
lane 0 0 0 0