1 0.34085818515625 0.43866521666666664 0.062165492187500025 0.08161213333333335
1 0.51205238671875 0.4539674916666666 0.00956392187499997 0.01360202222222229
1 0.49923672265625 0.4573679972222222 0.014345882812499955 0.018702779166666676
1 0.38829522890625 0.3910581388888889 0.11189788593750002 0.19552907083333326
1 0 0.42506319444444446 0.086075296875 0.08161213333333335
0 0.5608283882812499 0.4288037583333333 0.010520313281250004 0.013602023611111175
0 0.5130087789062501 0.4322042638888889 0.011476706249999946 0.015302277777777738
1 0.5325191734375 0.4471664805555555 0.011476706249999946 0.011901766666666683
1 0.5267808203125 0.45566774444444447 0.010885484374999966 0.013602023611111097
1 0.5032361859375001 0.4445629694444444 0.009563920312499974 0.011901766666666683
