car 0.33070527421875 0.4774172013888889 0.07845198281249996 0.10192052638888885
car 0.4172036140625 0.4774172013888889 0.034197019531250025 0.05721854166666663
car 0.48533718671875 0.46490064583333335 0.03848066250000004 0.061505240277777776
car 0.55198010078125 0.38443707222222223 0.19713575390625 0.28788078472222217
car 0.96234432265625 0.4443746972222223 0.037152667187499946 0.10992991944444444
car 0.78532446171875 0.4130463416666667 0.21121688046875003 0.1251655583333333
car 0.72899996171875 0.4255628986111111 0.1247185382812499 0.10370860416666672
car 0.72296519296875 0.42735097916666664 0.07644039453125 0.05364238194444448
car 0.83460840078125 0.4148344222222222 0.05129552734375 0.019668874999999985
car 0.9090372046875 0.4045309722222222 0.08782306796874995 0.03891271944444444
car 0.46849914296875 0.4774172013888889 0.019110099218749975 0.03961369444444445
car 0.46347016953125 0.48099336111111113 0.01106374062500004 0.01609271249999998
car 0.445365865625 0.4774172013888889 0.009052151562500032 0.025033109722222235
traffic sign 0.3890413640625 0.4416556138888889 0.013075330468750045 0.025033112499999927
traffic sign 0.56203804609375 0.4130463416666667 0.014081125781250047 0.02860927222222224
traffic sign 0.5338757953125 0.43629137638888893 0.013075330468750045 0.017880793055555542
traffic sign 0.2170504765625 0.4845695180555556 0.00905215078124999 0.01430463611111108
traffic sign 0.29047348671875 0.4756291208333333 0.010057946093749992 0.010728474999999961
drivable area 0 0 0 0
drivable area 0 0 0 0
drivable area 0 0 0 0
lane 0 0 0 0
lane 0 0 0 0
lane 0 0 0 0
lane 0 0 0 0
lane 0 0 0 0
lane 0 0 0 0