0 0.20888069921875002 0.4637838847222222 0.010527377343749977 0.009981511111111117
0 0.2355500546875 0.46877464027777777 0.009123727343749976 0.018715336111111074
0 0.24397195703125002 0.5037099361111111 0.007018251562499999 0.006238447222222258
0 0.224320853125 0.49996686944444446 0.004912776562499976 0.011229202777777737
0 0.26151758593749996 0.4771519736111111 0.02245840390625 0.011229202777777817
1 0.17308761718750001 0.5429230361111111 0.02175657890625 0.01746764861111111
1 0.12606533281250001 0.5341892166666666 0.050531409375 0.03243991805555556
1 0.10290510234375001 0.5404276583333333 0.02947665703125 0.04491680694444445
1 0.07062114453125 0.5479137944444444 0.03298578124999999 0.04242143194444444
1 0.0032459296875000003 0.5104831180555556 0.06737521484375 0.09731975694444443
1 0.0004386296875 0.5354369027777778 0.01263285234375 0.0786044166666667
1 0.20537157265625 0.5316938361111111 0.014036503906249997 0.024953783333333333
1 0.24818290703125 0.5341892166666666 0.018949278906249978 0.02495378055555556
1 0.25941211015625 0.5354369027777778 0.01614197734374998 0.022458404166666668
1 0.2671321875 0.5404276583333333 0.023160230468750022 0.03243991805555556
1 0.28327416640625 0.5454184138888889 0.020352927343749983 0.03743067638888888
1 0.29380154140625 0.5529045499999999 0.01193102890625002 0.029944543055555547
1 0.30152161953125 0.5229600111111111 0.03158213124999998 0.0673752125
1 0.31345264687499996 0.5291984583333333 0.02666935546875 0.07486135
1 0.32819097578125 0.5104831180555556 0.05825148749999998 0.11728278194444444
1 0.37310778359375 0.4867770263888889 0.10457194687500002 0.16219959166666667
1 0.43787622890625 0.4680616861111111 0.17665942812499996 0.23581325277777782
1 0.544195221875 0.44991671250000004 0.43626821953125 0.39052670833333336
1 0.2075998703125 0.5360072625 0.042811334375000024 0.06737521388888888
