0 0.5893149578125 0.5826315819444444 0.011990131250000058 0.044407894444444436
0 0.575326471875 0.5204605291666666 0.010990953906250045 0.051513156944444444
0 0.50338568203125 0.5098026333333334 0.008992597656250023 0.04085526388888883
0 0.5152530039062501 0.5897368472222222 0.009991775781249945 0.014210526388888903
0 0.51725136015625 0.6092763194444444 0.005995066406250071 0.014210526388888903
0 0.47029001171875 0.5826315819444444 0.01199013124999997 0.023092104166666714
0 0.22249395781249998 0.593289476388889 0.00799342031250001 0.01421052499999994
0 0.2444758640625 0.61282895 0.005995065625000029 0.015986843055555512
0 0.28244461484375 0.6075000013888888 0.007993421093750008 0.010657894444444496
0 0.28544214765625 0.6181578972222223 0.007993421093750008 0.0213157902777778
3 0.82699642734375 0.6927631638888888 0.007993421093750008 0.04796052638888892
3 0.617169125 0.6714473722222223 0.012989308593749981 0.05328947361111105
3 0.6011822812500001 0.6678947388888888 0.013988485937499994 0.060394737500000024
1 0.5911905046875 0.6714473722222223 0.03597039531249999 0.031973684722222215
1 0.6621321171875 0.6750000041666666 0.03397203984375006 0.03552631805555559
0 0.67911813671875 0.6323684236111111 0.010990953906250045 0.023092104166666634
0 0.68211566953125 0.6217105277777778 0.011990132031249967 0.008881579166666695
1 0.38947943125 0.6430263194444444 0.018984374999999963 0.03552631805555559
1 0.4034679171875 0.6448026347222222 0.04496299375000001 0.05328947500000002
1 0.43843913515625 0.6359210569444445 0.05395559140625004 0.08703947361111107
1 0.29003402578125004 0.6189905444444445 0.11490542812499997 0.17407895000000007
1 0.46588928984375 0.6349773888888889 0.12989309296874998 0.1794078972222222
1 0.81560146328125 0.7415563375 0.18384868515625002 0.25578947361111104
1 0.8875422531250001 0.7007010708333333 0.11190789531249994 0.10302631666666666
