0 0.16242181796875 0.007499997222222222 0.027421865624999996 0.11999995833333335
0 0.18140618671875 0.03937498611111111 0.027421864843750022 0.1106249611111111
0 0.64926540390625 0.35437487638888887 0.034804675781249995 0.08999996805555553
0 0.599695109375 0 0.07382809921874997 0.1049999638888889
0 0.635554471875 0.29249989722222225 0.03480467421875 0.05999997916666666
1 0.46553889296874995 0.6018747888888889 0.022148428906250038 0.03749998749999995
1 0.44339046328125004 0.6074997875 0.025312491406250005 0.0356249875
1 0.4233514078125 0.6056247875 0.02847655234374997 0.0393749861111111
1 0.39803891640625 0.644999773611111 0.03269530078124996 0.0037499999999999842
1 0.34635924765625 0.5962497916666667 0.05484373046875 0.05624998194444449
1 0.580710740625 0.5737497986111111 0.03058592656250001 0.0356249875
1 0.58703886328125 0.5868747944444445 0.026367178124999936 0.0637499777777778
1 0.562781059375 0.5662498013888889 0.03480467500000008 0.10874996249999995
1 0.473765471875 0.5643748027777777 0.11601558437500001 0.17249993888888887
1 0.27949208984374996 0.6074997875 0.06011716640625 0.06374997777777772
1 0.19828118046875 0.6093747861111111 0.09070309375 0.07499997638888888
3 0.34488269140625 0.5449998194444444 0.05484373124999999 0.2024999291666667
3 0.2755946234375 0.5069677208333333 0.06295994609375 0.25535622638888894
3 0.496054525 0.5118748208333334 0.05800779218749996 0.3037498930555555
