traffic light 0.39423291015625 0.13344608194444446 0.009597149999999966 0.04052129999999998
traffic light 0.5717801859375 0.2827350819444444 0.01799465703124996 0.02772510000000001
traffic light 0.40742899140625 0.13771148194444444 0.005998218750000017 0.0383886
traffic light 0.38583540312500003 0.13557878055555556 0.004798575781249958 0.03412320000000001
traffic light 0.21308670234375 0.22728488194444446 0.00959715000000001 0.0383886
traffic sign 0.5705805421875 0.23337830277777777 0.020393943750000077 0.021327000000000023
person 0.32825250390625 0.3144209041666667 0.017994656250000008 0.08530799861111109
person 0.5081990671875001 0.2930939055555556 0.03359002499999999 0.18981029861111112
rider 0.10391912265625 0.2930939055555556 0.03718895624999998 0.149289
rider 0.6209655796875 0.28882850416666667 0.052784324999999924 0.15781979999999995
bike 0.085924465625 0.3613403041666666 0.06478076328125 0.09170610000000007
bike 0.6041705671875001 0.35707490416666665 0.09237256953124992 0.10450229999999996
traffic sign 0.7325324492187499 0.23124560277777778 0.031190737500000055 0.021327001388888867
person 0.7325324492187499 0.31655360416666667 0.016795012499999994 0.08530799999999997
person 0.76852176171875 0.33574790416666667 0.00959715000000001 0.04265399999999996
person 0.8369014554687499 0.3208190055555556 0.01799465625000014 0.027725099999999968
traffic light 0.9028818617187501 0.09262010277777778 0.041987530468749944 0.06611369999999998
traffic light 0.8548961117187501 0.09262010277777778 0.027591806249999885 0.0725118
car 0.413157309375 0.3412320013888889 0.010796792968749979 0.03412319999999999
car 0.39636229609375 0.3369666013888889 0.021593587499999956 0.03625589999999998
car 0.38556550234375 0.3454974013888889 0.017994657031250007 0.04691940000000001
car 0.341178684375 0.3305685013888889 0.04558646250000002 0.06398100000000002
car 0.31238723359375 0.3305685013888889 0.022793230468750016 0.05758289861111107
car 0.29439257812499997 0.33270120138888887 0.023992875000000025 0.0575829
car 0.25120540234375 0.33270120138888887 0.05758290000000001 0.0725118
car 0.456344484375 0.3454974013888889 0.00959715000000001 0.01919430000000004
car 0.46354234609375 0.3412320013888889 0.013196081250000002 0.02772510000000001
car 0.47313949765625 0.3433647027777778 0.017994656249999963 0.03199049999999997
car 0.485135934375 0.3379333861111111 0.03478966796874996 0.05892171944444446
car 0.8369639492187501 0.3220377013888889 0.1630360507812499 0.1300947
car 0.7385931609374999 0.3412320013888889 0.12236366328125 0.09170609861111115
traffic light 0.44256276171875 0.3015405597222222 0.003899232031250044 0.013863934722222224
drivable area 0 0 0 0
lane 0 0 0 0
lane 0 0 0 0
lane 0 0 0 0
lane 0 0 0 0
lane 0 0 0 0
lane 0 0 0 0
lane 0 0 0 0
lane 0 0 0 0
lane 0 0 0 0
lane 0 0 0 0
lane 0 0 0 0
lane 0 0 0 0
lane 0 0 0 0
lane 0 0 0 0
lane 0 0 0 0
lane 0 0 0 0
lane 0 0 0 0
lane 0 0 0 0