traffic light 0.35532348828125004 0.11856710972222222 0.012870771874999987 0.058243491666666675
traffic light 0.5355142953125 0.18721122777777777 0.015210911718749998 0.049922993055555566
traffic light 0.15290135078125 0.3140988375 0.01053063125 0.027041619444444442
traffic light 0.73559629375 0.3453007069444445 0.014040840624999973 0.027041622222222214
traffic light 0.48871148828125 0.37442245138888886 0.009360561718750039 0.022881372222222276
traffic light 0.7238955929687501 0.34946095694444446 0.010530630468749979 0.02080124722222227
traffic light 0.16343198203125 0.3161789625 0.012870771093749988 0.027041619444444442
traffic sign 0.16226191171874998 0.19137147777777777 0.030421825781250012 0.024961497222222205
traffic sign 0.14939114140625 0.26001559305555555 0.026911613281250003 0.01456087083333332
traffic sign 0.147051 0.2745764666666667 0.03159189296875 0.016640998611111138
traffic sign 0.5635959781250001 0.19137147777777777 0.025741543749999974 0.043682618055555546
traffic sign 0.59869808515625 0.19137147777777777 0.028081683593750028 0.04784286805555556
car 0.47467064609375004 0.40770444861111116 0.010530632031249976 0.0395223708333333
car 0.48169106796875 0.4035441986111111 0.023401403125000008 0.043682618055555546
car 0.46531008515625 0.393143575 0.019891192968750016 0.09360561249999996
car 0.34596292812499996 0.388983325 0.03510210546875001 0.07280436527777781
person 0.36819426328125 0.3869032 0.010530630468749979 0.02080124722222223
car 0.22427563125 0.35986158055555556 0.12636757734374998 0.16016960555555554
car 0.3728745421875 0.35154108055555555 0.09945596406249999 0.19761184999999998
car 0.49339176796875 0.39106345 0.047972876562499954 0.08736524027777783
person 0.093227771875 0.3681820791666667 0.022231332812500004 0.12688760972222224
person 0.114289034375 0.3681820791666667 0.02340140234375001 0.13312798194444445
traffic light 0.7133649617187501 0.2246534722222222 0.011700701562500004 0.04160249305555557
drivable area 0 0 0 0
drivable area 0 0 0 0
drivable area 0 0 0 0
lane 0 0 0 0
lane 0 0 0 0
lane 0 0 0 0
lane 0 0 0 0
lane 0 0 0 0
lane 0 0 0 0
lane 0 0 0 0
lane 0 0 0 0
lane 0 0 0 0
lane 0 0 0 0
lane 0 0 0 0
lane 0 0 0 0
lane 0 0 0 0
lane 0 0 0 0
lane 0 0 0 0
lane 0 0 0 0
lane 0 0 0 0
lane 0 0 0 0
lane 0 0 0 0
lane 0 0 0 0
lane 0 0 0 0
lane 0 0 0 0
lane 0 0 0 0
lane 0 0 0 0
lane 0 0 0 0
lane 0 0 0 0
lane 0 0 0 0