0 0.26199846484375 0.24160523888888888 0.04483396171875 0.08468637222222222
0 0.411912025 0.07223249583333333 0.014010613281249995 0.027398530555555568
0 0.4427353734375 0.019926205555555555 0.1176891484375 0.12453878472222221
0 0.592648934375 0.057287841666666665 0.13450188515625 0.1021218027777778
0 0.724348696875 0.3287823875 0.025219104687499973 0.03736163472222221
0 0.5828415046875 0.3810886763888889 0.01260955078125008 0.017435427777777807
0 0.6122637921875 0.36863479583333336 0.01961485859374994 0.01992620833333329
0 0.72715081953125 0.3736163472222222 0.014010613281249995 0.022416983333333383
0 0.81317597578125 0.2914207527777778 0.033625471093750116 0.042343184722222205
0 0.81878022109375 0.3462178166666667 0.025219102343750067 0.039852409722222266
1 0.56658920625 0.42841341388888887 0.02802122656249999 0.03238008472222226
1 0.5282001140625 0.42592263750000003 0.029422288281249997 0.032380084722222174
1 0.606659546875 0.42841341388888887 0.05744351484374999 0.05728784166666669
1 0.46515235468749994 0.42343185972222225 0.06024563671875001 0.09714025138888883
1 0.9602874124999999 0.49815513055555555 0.03782865546875005 0.15442809305555552
0 0.42788413671875 0.41595953888888887 0.012609551562499988 0.01992620416666671
