0 0.2712054796875 0.1888776361111111 0.017219396875000025 0.0520408416666667
0 0.26173481171875 0.2938776819444444 0.008609698437500013 0.029081645833333367
3 0.1093431609375 0.3428572958333333 0.018080366406249992 0.07653064444444446
3 0.059406914843750006 0.3382654583333333 0.021524244531249993 0.08418371250000002
3 0.0172193953125 0.3352042333333333 0.0309949109375 0.11173474305555556
3 0.74646079453125 0.3198981027777778 0.024107153124999937 0.11326535833333334
3 0.6827490328125 0.35510219861111114 0.019802303906249995 0.08265309999999997
3 0 0.32346953333333334 0.01750638125 0.11632658333333334
3 0.95825935859375 0.3188776930555556 0.040465579687499975 0.18367355138888894
1 0.36964303125 0.3530613888888889 0.018941334375000007 0.02295919583333337
1 0.33348230078125 0.3484695513888889 0.019802303906249995 0.022959195833333328
1 0.33950908984375 0.3530613888888889 0.031855882031250005 0.03520409861111114
1 0.31798484609375 0.3561226166666666 0.02496812343750001 0.03520409861111118
1 0.22500011015625 0.3316328111111111 0.05338012656250002 0.0826530972222222
1 0.52136501796875 0.19220352777777777 0.1618623171875 0.27091848611111113
1 0.2267220359375 0.3428572958333333 0.10503831328125002 0.12551025833333337
1 0.35749698984375 0.04625150555555556 0.18731863125000006 0.4521765638888888
