traffic sign 0.3921698421875 0.16082476805555557 0.07538660937500001 0.08865980833333333
traffic sign 0.39796881328125 0.23917529583333333 0.07538660937500001 0.06185568333333333
traffic sign 0.5103093624999999 0.34639180833333333 0.06162855078125 0.07422681666666667
traffic sign 0.48711348203125004 0.39587635416666667 0.017396909374999936 0.028865984722222196
traffic sign 0.46275780859375004 0.4123712013888889 0.010438146874999976 0.014432993055555541
car 0.1902062171875 0.4458763638888889 0.06378867031249999 0.07628867222222221
car 0.3073454125 0.43969079583333337 0.038273201562499984 0.041237118055555536
car 0.39896913828125 0.42113409166666665 0.03595361562500003 0.05773196527777781
car 0.343299025 0.43969079583333337 0.018556703125000018 0.024742272222222222
car 0.37461346484375 0.43556708055555554 0.01739690937499998 0.024742274999999994
car 0.4302835765625 0.42113409166666665 0.020876292187500044 0.03917526388888888
car 0.4511598671875 0.42731965972222224 0.009278353124999939 0.022680415277777716
drivable area 0 0 0 0
drivable area 0 0 0 0
drivable area 0 0 0 0
drivable area 0 0 0 0
lane 0 0 0 0
lane 0 0 0 0
lane 0 0 0 0
lane 0 0 0 0
lane 0 0 0 0
lane 0 0 0 0
lane 0 0 0 0