traffic light 0.5776222796875 0.39843722777777774 0.005273433593749921 0.032812477777777835
traffic light 0.35086462109375 0.3609372527777778 0.007910150781250014 0.0398437236111111
traffic light 0.44974150859375 0.4687496791666667 0.005273435156250006 0.023437480555555525
traffic light 0.40228060390625 0.47343717361111115 0.005273434375000008 0.023437483333333297
traffic light 0.44051300078125 0.4593746847222222 0.0026367164062500057 0.01874998750000003
traffic light 0.43523956484375 0.47343717361111115 0.002636717187500004 0.018749986111111068
traffic light 0.361411490625 0.45468718611111114 0.005273435156249962 0.01874998750000003
traffic sign 0.21375534218749997 0.31640603055555555 0.02768552890625 0.06093745833333336
traffic sign 0.205845190625 0.39843722777777774 0.019775376562499992 0.011718741666666688
traffic sign 0.21375534218749997 0.4242184569444445 0.0263671703125 0.01640624166666661
traffic sign 0.688364390625 0.34687475972222226 0.027685528906250045 0.06093745833333332
traffic sign 0.6936378249999999 0.40781222083333335 0.021093735156250036 0.018749986111111148
traffic sign 0.69100110703125 0.4242184569444445 0.02241209375000004 0.014062490277777723
traffic light 0.63826676953125 0.38671848472222226 0.006591791406250014 0.03515622638888887
traffic light 0.56707541171875 0.39843722777777774 0.00659179296875001 0.03046872916666672
traffic light 0.34031775625 0.3585935027777778 0.009228507812500019 0.03984372499999998
person 0.16497607890625 0.48281216666666665 0.017138660156250006 0.08437494166666666
person 0.15442921015625 0.48281216666666665 0.014501942968750004 0.07265620138888894
person 0.11356009843749999 0.48281216666666665 0.023730453125000016 0.11953117083333338
person 0.08982964609375 0.4804684194444444 0.01450194374999999 0.08437494027777785
car 0.42469269765625006 0.5015621555555556 0.009228510156249925 0.023437480555555525
car 0.4101907546875 0.5015621555555556 0.014501942968750025 0.03046872916666664
car 0.40359896093750003 0.5039059027777778 0.007910150781250014 0.025781233333333296
car 0.3719583578125 0.49687465833333333 0.009228510937500012 0.02812497916666664
person 0.36668492421875 0.4921871597222222 0.00659179296875001 0.025781233333333375
car 0.34822790625 0.4992184083333333 0.014501943750000024 0.03046872638888887
car 0.31395058593749997 0.5039059027777778 0.030322244531250007 0.046874968055555556
car 0.3772317921875 0.4992184083333333 0.03164060390625001 0.0515624638888889
car 0.452378225 0.5039059027777778 0.013183584375000024 0.018749986111111068
car 0.43523956484375 0.5015621555555556 0.021093736718750034 0.03984372222222221
truck 0.48270046953124995 0.47578092222222224 0.05405269687500001 0.0656249555555555
car 0.46819852578125004 0.5015621555555556 0.009228510937500012 0.02578123194444441
car 0.4642434515625 0.49453090833333335 0.04614254609374999 0.07499994861111109
truck 0.18606981328125 0.48281216666666665 0.09492181015625001 0.1078124277777778
car 0.00018127109375 0.5203121416666667 0.12919913046875 0.15703114444444438
person 0.71868663515625 0.5156246444444444 0.011865225000000024 0.07031245138888885
person 0.7094581265625 0.5015621555555556 0.007910150781250014 0.05624996111111113
car 0.72000499453125 0.47343717361111115 0.27685527812499994 0.2671873152777778
car 0.52884301484375 0.4710934263888889 0.19116197812500008 0.24609357777777774
person 0.32977088671875 0.48515591527777774 0.007910150781249969 0.025781233333333375
person 0.30076700234375 0.49453090833333335 0.006591792187500012 0.04921871944444444
person 0.30735879453125003 0.48749966527777777 0.007910149999999972 0.05859370833333336
person 0.2862650578125 0.49687465833333333 0.01054686718750002 0.06093745833333336
drivable area 0 0 0 0
drivable area 0 0 0 0
lane 0 0 0 0
lane 0 0 0 0
lane 0 0 0 0
lane 0 0 0 0
lane 0 0 0 0
lane 0 0 0 0
lane 0 0 0 0
lane 0 0 0 0
lane 0 0 0 0