1 0.35989312500000004 0.4670613 0.025192519531249992 0.0303909763888889
0 0.29631200703125 0.4030803027777778 0.01079679453125002 0.014928899999999995
0 0.32270416874999996 0.4030803027777778 0.00839750546875 0.01919429999999996
0 0.34549740078125 0.4377366763888889 0.009597149218750012 0.023459698611111118
0 0.39348315078125 0.4420020763888889 0.01079679453125002 0.019372024999999994
0 0.34069882578125 0.41445469861111106 0.009597150781250008 0.01492889861111111
0 0.35149561875 0.41445469861111106 0.009597151562500007 0.01706159861111113
0 0.43786996953125 0.4165873972222222 0.010796794531249976 0.01492889861111111
0 0.44746712109375003 0.4151656013888889 0.009597149218750012 0.02132699999999998
0 0.3718895640625 0.44999970138888884 0.00839750546875 0.015639797222222286
1 0.48585572031249996 0.4613741069444444 0.06478076250000005 0.0774881055555556
1 0.4282728203125 0.46279590138888893 0.03838859921875004 0.02985779999999999
1 0.44986640703124997 0.4521324 0.028791451562500025 0.04052130138888891
1 0.5398396898437501 0.47985750138888894 0.04798574999999996 0.05971559999999998
1 0.5746293578125 0.43293810138888894 0.09717114609374997 0.1991941847222222
1 0.20921787109375 0.45426510277777776 0.07197862499999999 0.03199049722222224
1 0.13555974453125 0.47825797638888895 0.17754727500000003 0.18981030138888885
1 0.41507673984375 0.4905210013888889 0.13915867421875 0.1994074527777778
1 0.5749292687499999 0.4276063527777778 0.09477185703125005 0.1962083972222222
3 0.5473374625 0.43400445 0.043187175 0.25592399861111115
0 0.804960959375 0.3081751513888889 0.028791449218750032 0.04691940277777778
0 0.7509769898437499 0.31244055000000004 0.020393942187499993 0.03412320138888888
0 0.804960959375 0.36362535277777774 0.01679501093749991 0.04265400138888893
1 0.612778015625 0.4180092027777778 0.38388599921875005 0.5246442
3 0.37204750937500003 0.4344624263888889 0.07156350546874997 0.24736867638888885
