traffic light 0.73890434609375 0.4488448583333333 0.017546541406249984 0.05892171944444442
traffic light 0.7252570375 0.5493583777777777 0.01169769374999996 0.03465983333333335
traffic light 0.78959435546875 0.4956356333333334 0.019496156249999962 0.048523769444444455
traffic light 0.34118274609375 0.46097579722222226 0.01657173437499999 0.038125818055555524
traffic sign 0.8363851312499999 0.5944161625000001 0.016571732812499997 0.03292684166666662
traffic sign 0.0994304 0.43671391527777775 0.025345003906249997 0.07278565416666673
traffic sign 0.054589239062499996 0.4037870708333334 0.048740392187500016 0.09184856250000001
car 0.6771766671874999 0.6827987402777778 0.014622117187500016 0.03812581805555561
car 0.649882046875 0.6672018138888889 0.031193851562500007 0.0745186444444444
car 0.604066078125 0.6516048888888889 0.06141289375000003 0.18023114027777767
car 0.7229926359375 0.6724007916666667 0.017546540624999985 0.07278565138888879
car 0.7259170578125 0.6758667736111111 0.030219042968749932 0.09358155277777777
car 0.73663994453125 0.6689348041666666 0.10625405468749997 0.14557130416666664
car 0.82762200546875 0.6654688222222223 0.09065712968750006 0.21315798194444444
car 0.25118563828124996 0.5268294847222222 0.39187275390625 0.4644417819444445
car 0.8750626578125 0.559756326388889 0.12282578906249988 0.4384469069444444
car 0.054274453125 0.5701542777777777 0.07408539609375 0.06758667777777781
lane 0 0 0 0
lane 0 0 0 0
lane 0 0 0 0
lane 0 0 0 0