traffic sign 0.2297740546875 0.35680361388888887 0.009807428906250016 0.022416983333333383
traffic sign 0.3516663890625 0.39665602499999997 0.011208489843750025 0.014944655555555563
traffic light 0.032224410937499996 0.39167447083333334 0.009807428906250004 0.01992620833333329
car 0.029422288281249997 0.4414899861111111 0.04343290000000001 0.027398531944444453
car 0.02241698046875 0.43899920972222223 0.008406367968749998 0.029889308333333354
car 0.0756573109375 0.4315268833333334 0.029422287500000012 0.02490775555555555
car 0.10928278281249999 0.43899920972222223 0.04343289921875002 0.034870859722222196
person 0.09667323125 0.4340176583333333 0.014010612499999997 0.06226939305555561
person 0.08406367890625 0.4315268833333334 0.009807428906250004 0.022416980555555535
person 0.35586957265625 0.4365084347222222 0.011208492187499974 0.03736163472222221
person 0.33345259140625 0.4315268833333334 0.00980742968749997 0.04234318472222216
person 0.28161332421875 0.4365084347222222 0.009807427343749975 0.03736163472222221
person 0.26339952734375 0.43899920972222223 0.012609550781250034 0.032380086111111143
rider 0.20315389062500003 0.43899920972222223 0.012609550781249989 0.024907756944444435
bike 0.20035176640625002 0.4514530888888889 0.018213796874999976 0.02490775833333332
car 0.34326002109375 0.44647153749999996 0.011208489843750025 0.02490775555555563
car 0.95727513984375 0.46141619027777775 0.036427592187500045 0.04732473750000005
person 0.77513716953125 0.42903610833333333 0.01821379765625002 0.07721404305555556
traffic sign 0.9222486062499999 0.2571725875 0.022416981249999957 0.02988930694444443
traffic sign 0.9362592210937499 0.35680361388888887 0.005604244531249946 0.019926208333333365
bus 0.36375052109375 0.03344754583333333 0.35586957265624997 0.66005555
drivable area 0 0 0 0
drivable area 0 0 0 0
lane 0 0 0 0
lane 0 0 0 0
lane 0 0 0 0
lane 0 0 0 0
lane 0 0 0 0
lane 0 0 0 0
lane 0 0 0 0
lane 0 0 0 0
lane 0 0 0 0
lane 0 0 0 0
lane 0 0 0 0
lane 0 0 0 0
lane 0 0 0 0
lane 0 0 0 0
lane 0 0 0 0