traffic sign 0.7398791554687499 0.28074465972222223 0.007417839843750063 0.02079590000000001
traffic sign 0.75645088828125 0.2963415847222222 0.02924423515625003 0.01732991805555556
traffic sign 0.735005115625 0.3292684277777778 0.04386635312499996 0.02252889305555554
traffic sign 0.62680144453125 0.15250327222222224 0.08870751406249999 0.04505778333333331
traffic light 0.12087617343749998 0.18716310694444446 0.017546541406250005 0.06931966805555553
traffic light 0.5858595156249999 0.07798462777777779 0.017546541406249984 0.08838257777777779
traffic light 0.571237396875 0.09184856111111112 0.016571733593749992 0.0814506097222222
traffic sign 0.12380059609375 0.3500643305555556 0.030219044531249996 0.048523768055555534
traffic light 0.769123390625 0.37086022916666667 0.02047096484375004 0.039858809722222256
traffic sign 0.4971520015625 0.4297819486111111 0.01949615703125005 0.013863933333333339
traffic light 0.48545430703125003 0.4228499805555555 0.007798463281250001 0.02252889305555562
traffic sign 0.38114986796875 0.44364588194444443 0.010722885156250018 0.02079590000000001
traffic sign 0.3675025578125 0.4575098166666666 0.00974807890624998 0.012130941666666692
traffic sign 0.3597040953125 0.43671391527777775 0.011697692968750006 0.02252889027777777
traffic light 0.30608966328125 0.4228499805555555 0.007798463281250001 0.019062911111111133
traffic light 0.26709734921875 0.4297819486111111 0.023395388281250006 0.013863933333333339
traffic light 0.24077753828124998 0.4523108402777778 0.008773270312499993 0.0034659819444444098
person 0.6823654921875 0.4505778486111111 0.01754654218749998 0.09358155277777777
car 0.20860887890625 0.49390264305555553 0.009748079687500022 0.029460858333333402
car 0.1764402203125 0.4887036666666667 0.03314346640624999 0.04852376805555549
car 0.15012040859375 0.4887036666666667 0.02924423515625001 0.051989751388888866
car 0.025345003124999998 0.4471118652777778 0.13062425156250002 0.13690634444444444
car 0.0009748078125000001 0.5077665763888889 0.032168658593749996 0.06412069305555555
car 0.215432534375 0.49043665833333333 0.04191673749999998 0.04159180000000002
car 0.43866353046875 0.47830571805555555 0.008773271874999988 0.017329916666666712
car 0.43086506796875 0.4817717 0.01169769374999996 0.03639282638888888
car 0.42209179609375 0.4817717 0.015596925781250003 0.03985880972222217
car 0.40552006484375 0.47830571805555555 0.021445772656249938 0.04852376805555557
car 0.3996712171875 0.4817717 0.019496156249999962 0.055455734722222164
car 0.376275828125 0.4817717 0.034118274999999976 0.053722743055555515
car 0.48447949921875005 0.4817717 0.00877327109374999 0.015596924999999985
car 0.48837873125 0.48350469166666665 0.00877327109374999 0.02426188472222219
car 0.49325277031250003 0.4817717 0.019496156249999962 0.022528891666666655
car 0.49910161640624995 0.4817717 0.025345003906249986 0.038125818055555524
car 0.6804158765625 0.47830571805555555 0.03119385078125001 0.029460858333333326
car 0.70283645703125 0.46097579861111115 0.08968232265624998 0.0502567611111111
truck 0.5244466210937501 0.4072530555555555 0.05848847031249997 0.12997437916666665
car 0.5527160484375 0.4627087902777778 0.08480828281250004 0.10917847916666663
car 0.44061314609375 0.47137375 0.03801750703125002 0.05892171666666665
car 0.25929888671875 0.4488448569444444 0.13257386796874998 0.13170737083333336
traffic sign 0.4969019796875 0.42850569722222226 0.018721122656249988 0.012480747222222198
traffic sign 0.60220829453125 0.42850569722222226 0.012870771874999942 0.0291217458333333
car 0.62911990859375 0.47426844027777776 0.015210912499999996 0.0228813722222222
drivable area 0 0 0 0
drivable area 0 0 0 0
lane 0 0 0 0
lane 0 0 0 0
lane 0 0 0 0
lane 0 0 0 0
lane 0 0 0 0
lane 0 0 0 0
lane 0 0 0 0
lane 0 0 0 0
lane 0 0 0 0