traffic light 0.49632571640625 0.3253599763888889 0.009560482812500038 0.026708655555555558
traffic light 0.38296568671875 0.3326441527777778 0.008194701562499995 0.021852534722222216
car 0.42667075781249997 0.4006298222222222 0.0314130203125 0.038848948611111135
car 0.39935508828125 0.3933456388888889 0.023218320312499995 0.03642089583333327
car 0.38296568671875 0.3909175805555556 0.02458410234374999 0.04613313055555553
car 0.34472374921875 0.4006298222222222 0.0382419375 0.04127700972222222
car 0.3119449453125 0.3957737 0.02594988671874998 0.05341730972222223
car 0.28599506015625 0.3957737 0.03551037031250002 0.06312954861111114
car 0.27233722421875 0.4030578805555556 0.027315669531249975 0.05827342777777776
car 0.21634010234374998 0.3933456388888889 0.06555760781250002 0.07769790694444438
car 0.10161428984375001 0.37489238750000003 0.11609159453124998 0.12140297499999993
car 0 0.37974850694444445 0.10024850703124999 0.1602519291666667
car 0.48949679765625 0.4040291013888889 0.02731566875000002 0.033992831944444406
car 0.45262064453125 0.3991729819444444 0.04097350312500003 0.06312954861111114
bus 0.51134933359375 0.3481837333333333 0.06419182265624998 0.12140297500000005
bus 0.7011932375 0.07138494861111111 0.29637501328125004 0.7138494972222222
person 0.6859647507812501 0.4030578805555556 0.017755185156249985 0.08012596388888882
person 0.66684378125 0.40548593611111117 0.015023619531249999 0.0752698458333333
person 0.653185946875 0.4030578805555556 0.015023617968750003 0.0679856652777777
person 0.6408938953125001 0.4006298222222222 0.016389401562499996 0.0704137236111111
person 0.62723606171875 0.40548593611111117 0.01092626640624994 0.05827342916666664
person 0.61767557578125 0.41277011666666663 0.012292051562500017 0.04613313194444449
person 0.6081150921875 0.4103420583333333 0.01502361562499992 0.05584536805555555
person 0.5753362890625 0.4103420583333333 0.01365783437500001 0.04613312916666664
drivable area 0 0 0 0
drivable area 0 0 0 0
drivable area 0 0 0 0
drivable area 0 0 0 0
lane 0 0 0 0
lane 0 0 0 0
lane 0 0 0 0
lane 0 0 0 0
lane 0 0 0 0
lane 0 0 0 0
lane 0 0 0 0
lane 0 0 0 0