car 0.7296849898437501 0.5969958166666667 0.052653157812499976 0.049922993055555524
car 0.691072675 0.6281976888888889 0.10881652265624994 0.07488448888888889
car 0.6665012015625 0.6406784361111111 0.030421824218749994 0.04784287083333333
car 0.6372494484375 0.6510790597222222 0.03276196406249996 0.04160249305555557
car 0.5143920765625001 0.7446846708333333 0.07605456328124997 0.09152548611111118
car 0.0007312765625 0.7384442972222222 0.13689821015624998 0.16432985555555557
car 0.13060906562500002 0.7301238013888889 0.19774185859375 0.16016960694444451
car 0.40440548359374995 0.7488449194444445 0.10881652187500004 0.09984598611111105
car 0.5670452359375 0.6843610597222222 0.3264495757812499 0.20593234444444447
car 0.7952089203125 0.7218033 0.09711582656250002 0.05200312222222215
drivable area 0 0 0 0
lane 0 0 0 0
lane 0 0 0 0