truck 0.03541409921875 0.35156243333333337 0.2874469765625 0.23491520972222224
car 0.5931470437499999 0.3652912444444445 0.07465041093750005 0.10830506250000001
car 0.69782922734375 0.35308785833333334 0.04719278750000004 0.06864405277777778
car 0.5777021312499999 0.3790200541666666 0.02059321562500003 0.03661016388888893
car 0.67466185859375 0.35308785833333334 0.008580506249999953 0.006101690277777768
traffic sign 0.48417460703125004 0.1120709513888889 0.042902535156249935 0.028983047222222228
traffic sign 0.56568942265625 0.08308790972222223 0.06263770000000006 0.036610159722222216
traffic sign 0.713274140625 0.051054016666666674 0.04290253437500002 0.03203389444444444
traffic sign 0.47816825234375004 0.10596925833333333 0.15788132578124997 0.13728810972222225
traffic sign 0.6394817820312501 0.07393536666666667 0.12527539921874994 0.12661014583333333
traffic sign 0.5519606109375 0.20817263055555557 0.08923727109374999 0.03966100833333333
traffic sign 0.6575008453125 0.2966471861111111 0.026599571875000016 0.027457622222222217
traffic sign 0.63090127421875 0.3012234597222222 0.02059321484375003 0.02593219861111113
car 0.6575008453125 0.35308785833333334 0.011154659374999997 0.013728808333333358
car 0.7673313328125 0.3332573513888889 0.028315672656249992 0.039661006944444445
drivable area 0 0 0 0
drivable area 0 0 0 0
drivable area 0 0 0 0
drivable area 0 0 0 0
lane 0 0 0 0
lane 0 0 0 0
lane 0 0 0 0
lane 0 0 0 0
lane 0 0 0 0
lane 0 0 0 0
lane 0 0 0 0