1 0.1223437078125 0.5812497972222223 0.07699216015625002 0.07874997361111108
1 0.14449213671875 0.5662498 0.02003905546875 0.02437499305555551
1 0.49781232500000006 0.5437498083333333 0.008437496093749974 0.014999994444444395
1 0.48199201796875 0.5531248069444444 0.009492185937499986 0.01874999444444446
1 0.46933577265625 0.5568748041666667 0.013710933593750063 0.02437499305555559
1 0.44507797031249996 0.5568748041666667 0.01371093124999998 0.02437499305555559
1 0.43558578593749997 0.5587498027777777 0.01687499453125003 0.02249999444444452
1 0.38601548984375 0.5568748041666667 0.04007811015625 0.05249998055555554
1 0.3263202078125 0.5643748013888888 0.054843732031249995 0.0637499777777778
1 0.21072649140625002 0.5531248069444444 0.10546871328125 0.11812495694444441
1 0.608765425 0.5381248111111111 0.014765620312499995 0.03562498611111112
1 0.6172029218749999 0.5381248111111111 0.012656246093750045 0.0393749861111111
1 0.6224763570312499 0.5324998138888889 0.028476552343750062 0.04499998194444446
1 0.62880448046875 0.5362498111111111 0.03585936250000001 0.07687497083333328
1 0.64778884765625 0.5343748125 0.06433591406249999 0.09187496805555552
1 0.027421865625000003 0.5887497944444444 0.10335933906250001 0.09937496388888883
1 0.511312340625 0.5343748125 0.11179683671875003 0.15749994444444448
1 0.701155990625 0.5193748180555555 0.14343744921874996 0.15749994444444448
1 0.8599919125 0.48187483333333336 0.13921869999999997 0.3131248902777778
1 0 0.6112497833333334 0.02847655234375 0.09275387361111108
0 0.55244513828125 0.48374983194444443 0.006328123437500022 0.01499999305555559
