1 0 0.5129655513888889 0.10722886250000001 0.18716310555555554
1 0.1696165640625 0.5129655513888889 0.12087617343750001 0.11437745416666666
1 0.26612254218750003 0.5181645263888889 0.055564046093749965 0.08145060972222219
1 0.30608966328125 0.49390264027777775 0.053614431250000025 0.08491659444444445
1 0.3528804390625 0.5198975180555555 0.01267250312499999 0.04679077638888892
1 0.3528804390625 0.5025675986111111 0.027294621093750006 0.0502567611111111
1 0.45815968749999997 0.5025675986111111 0.023395389062500004 0.038125818055555524
1 0.46595814921875 0.5146985444444444 0.023395389062500004 0.02252889027777777
1 0.49227796250000005 0.49390264027777775 0.03119385078124992 0.04679077638888892
1 0.56538855 0.5129655513888889 0.06413076640624996 0.07192626805555559
1 0.55174124140625 0.49910161666666664 0.056538855468749996 0.06931966944444447
1 0.59658240078125 0.47830571666666666 0.060438085937499955 0.05198974999999998
1 0.6511716421875 0.48350469305555555 0.03314346640625008 0.05198974999999998
0 0.53321989140625 0.4211169888888889 0.014622118749999923 0.031193851388888937
0 0.5361443140625 0.45404383333333337 0.011697696093749954 0.020795901388888892
0 0.49422757890625 0.4505778486111111 0.010722885937499971 0.020795901388888892
1 0.360678903125 0.47830571666666666 0.07018616484375002 0.06412069027777778
