car 0.22992179453125 0.37928557916666666 0.02320311718750001 0.03374998749999997
car 0.0400781109375 0.34741059027777776 0.03691405 0.020624994444444412
car 0.3364451953125 0.39053557499999997 0.013710932031249979 0.014999998611111131
car 0.31113270390625003 0.3867855763888889 0.01582030624999997 0.016874995833333312
car 0.26050772109375 0.36656237222222227 0.04640623515625002 0.06937497638888886
car 0.03164061484375 0.33281238333333335 0.20671867734375002 0.2137499236111111
traffic sign 0.09492184140625 0.30656239305555555 0.025312491406250005 0.01687499027777781
traffic sign 0.12128901953125 0.3121873902777778 0.01054687109375001 0.016874995833333312
traffic sign 0.31113270390625003 0.32531238611111113 0.017929680468750007 0.024374991666666665
traffic sign 0.3353905078125 0.32531238611111113 0.031640614843750026 0.03749998750000003
traffic sign 0.34488269140625 0.33656238194444443 0.014765620312499995 0.02437499027777778
traffic sign 0.36914049531250004 0.33281238333333335 0.01792968124999996 0.03187498749999998
traffic sign 0.32273426171874997 0.3534373763888889 0.011601558593750028 0.02062499444444445
drivable area 0 0 0 0
drivable area 0 0 0 0
lane 0 0 0 0
lane 0 0 0 0
lane 0 0 0 0
lane 0 0 0 0
lane 0 0 0 0