1 0.40163691874999996 0.5391124055555555 0.009359590625000002 0.015529984722222187
1 0.370438284375 0.5346752666666666 0.01622328984374999 0.023294980555555612
1 0.346727321875 0.5357845513888889 0.013727397656250018 0.018857840277777725
1 0.43845130781249997 0.5446588291666666 0.010607536718749967 0.012202133333333304
0 0.54889447421875 0.5413309763888889 0.013103426562499987 0.0266228333333333
1 0.5239355664062499 0.5357845513888889 0.02745479843750003 0.026622834722222186
1 0.26810676328125 0.5413309763888889 0.05428562343750003 0.05213638472222218
1 0.3117848515625 0.5324566972222222 0.041182197656249996 0.05435495694444441
1 0.38291773828125 0.5398519263888889 0.022463016406250036 0.028841404166666727
1 0.42098007265625004 0.5409612111111112 0.020591098437499955 0.01663927083333334
1 0.4577944609375 0.5309776458333333 0.06738905078125006 0.09983563333333337
3 0.1932300390625 0.5232126541666667 0.014351371874999996 0.03660639722222222
1 0.19198209453124998 0.5239521805555556 0.011231508593749995 0.03993425277777776
1 0.1901101765625 0.5317171736111111 0.07924453203125 0.0865242138888889
1 0.63791458125 0.5320869402777778 0.02745479687500003 0.07764993472222224
1 0.64665019921875 0.5331962236111111 0.07487672421874994 0.09096135694444449
1 0.697815959375 0.5331962236111111 0.09609179453124997 0.11980275694444448
1 0.74274199296875 0.5198848083333334 0.22587811484375003 0.16195557638888886
1 0.84132967890625 0.5221033777777777 0.1578650906250001 0.2274033763888889
1 0.56241388515625 0.5054641055555555 0.07799658671875002 0.11314704861111116
0 0.28281562265625004 0.4731099611111111 0.007487670312499972 0.012202131944444498
0 0.722092396875 0.4564706888888889 0.012479454687500002 0.007764995833333267
0 0.43378949140625 0.5008346083333333 0.004874039062500035 0.01386393611111111
