1 0.53224508359375 0.3985880972222222 0.03899231406250001 0.05545573472222224
1 0.42599102890624996 0.39165613055555554 0.027294619531250053 0.038125818055555524
1 0.20568445546874997 0.4211169888888889 0.061412894531250026 0.034659834722222234
1 0.5030008484375 0.3985880972222222 0.03314346640624999 0.031193851388888857
0 0.494227578125 0.37779219583333334 0.007798462500000003 0.017329918055555598
1 0.39187275390625 0.38645715555555554 0.018521349218749972 0.02772786527777779
1 0.4133185265625 0.37952518749999997 0.021445772656249938 0.02426188472222227
0 0.4152681421875 0.3569962958333333 0.011697694531249959 0.015596924999999985
0 0.4669329578125 0.3587292875 0.009748078906250068 0.022528891666666735
1 0.3616537109375 0.40032108888888884 0.03606788984375 0.04332479305555555
1 0.30219043203124996 0.4055200638888889 0.04679077656250001 0.06931966944444447
0 0.39772160078124996 0.3587292875 0.013647310156249981 0.013863933333333339
0 0.47765584453125004 0.3587292875 0.01169769374999996 0.012130941666666692
