1 0.44451237734375004 0.5528243611111111 0.02047096484374995 0.025994874999999952
1 0.42696583671875 0.5493583777777777 0.015596925781250003 0.024261881944444497
1 0.41136891093749994 0.5580233361111111 0.016571732812499997 0.02599487500000003
1 0.3714017890625 0.5181645263888889 0.046790777343749965 0.07625163611111113
1 0.35775447968749996 0.5441594013888889 0.03509308125000001 0.0623877027777778
1 0.33338428359375 0.5545573527777777 0.03509308125000001 0.06412069305555555
1 0.29049273750000004 0.5528243611111111 0.05751366328124998 0.08145061111111107
1 0.22615542031250002 0.5493583777777777 0.07895943593749996 0.1074454861111111
1 0.133548675 0.5372274347222222 0.11697694140625 0.1490372875
1 0.46595814999999996 0.5510913694444444 0.015596926562500002 0.0329268416666667
1 0.48740392265625 0.47483973333333335 0.07603501249999996 0.16116823055555551
1 0.49812681015625 0.5337614513888889 0.08090905 0.14210532222222222
1 0 0.5285624763888889 0.16961656484375 0.22528892638888892
1 0.53614431484375 0 0.4630337273437499 0.8959567222222222
