traffic sign 0.21623145 0.2727575722222222 0.021997005468749987 0.014452140277777777
traffic sign 0.20666753359375 0.25830543194444444 0.019127832031250014 0.01615239166666669
traffic sign 0.5899631984375 0.2974112222222222 0.020562419531250063 0.01105163611111111
traffic sign 0.5593586671875 0.2668066902777778 0.013389482031249945 0.03400503472222221
car 0.2614364765625 0.3622750888888889 0.03251731484375 0.07056044722222228
car 0.21648607109375 0.35972471111111115 0.060730866406249986 0.08246220972222215
car 0.17344844921875 0.36057483749999997 0.06646921640624999 0.09861460138888892
car 0.08259124609375 0.348673075 0.11954894999999999 0.14112089444444445
car 0.38371798203125 0.3724766 0.008607524999999994 0.01615239166666669
car 0.3751104578125 0.3716264736111111 0.010042111718750002 0.01955289722222228
car 0.3708066953125 0.37077634861111114 0.007172937500000032 0.02295339722222217
car 0.36506834609375 0.3699262222222222 0.008129329687499975 0.02465365000000001
car 0.3502442765625 0.3690760958333333 0.019127832812499967 0.030604531944444506
car 0.34546231796875004 0.37077634861111114 0.01386767812499996 0.03570528472222223
car 0.33637659765625 0.3656755930555556 0.013867678906250003 0.03825566388888891
car 0.41766988437499997 0.37332672499999997 0.007172935937500036 0.015302266666666734
car 0.42388642968749995 0.37332672499999997 0.010520307812500018 0.019552895833333396
car 0.43058117109375005 0.37587710277777775 0.010520307812500018 0.021253147222222265
car 0.43871049921875 0.36312521527777775 0.015370578125000024 0.04165616805555553
car 0.44690813984375 0.3627608611111111 0.032517314062500004 0.0484571736111111
car 0.48632513046875003 0.36021048333333333 0.08177148203125002 0.09946472500000006
car 0.30283458046875 0.3627608611111111 0.039212056250000016 0.04760704861111115
car 0.59474514140625 0.3516647041666667 0.34573556484375 0.28649241805555553
car 0.0006475523437500001 0.35025185833333333 0.121461734375 0.19807932638888887
car 0.39170811171875003 0.37592565694444446 0.007651132031249963 0.0136020138888889
car 0.40653218203124997 0.37422540555555556 0.010520307812500018 0.01530226527777777
truck 0.389795328125 0.36912465 0.009563915624999985 0.00680100694444445
drivable area 0 0 0 0
lane 0 0 0 0