person 0.04500545859375 0.6098433236111112 0.018457017968750006 0.07265619999999996
person 0.0845562125 0.6145308208333333 0.017138660937500005 0.06328120416666662
car 0.05818904296875001 0.6192183166666667 0.10678703593749998 0.06093745833333328
car 0.23880415312499997 0.6051558277777778 0.03823239609375002 0.042187473611111095
car 0.26253460546874996 0.6028120791666667 0.06723628281250002 0.07265619999999996
car 0.47479031875000005 0.5746870986111111 0.015820301562499937 0.018749987499999954
car 0.46688016875000005 0.5887495888888888 0.021093735937499948 0.03281247638888887
car 0.55125511015625 0.5770308458333333 0.01186522656250002 0.03046872916666672
traffic sign 0.606626165625 0.48328090972222226 0.03032224531249996 0.07031245277777774
car 0.48138211171874995 0.5864058416666666 0.0514159796875 0.07499994583333339
car 0.5354348078125 0.5817183430555555 0.025048810937500044 0.04218747083333333
car 0.42732941484375003 0.5817183430555555 0.011865226562499932 0.021093736111111146
drivable area 0 0 0 0
lane 0 0 0 0
lane 0 0 0 0
lane 0 0 0 0
lane 0 0 0 0
lane 0 0 0 0
lane 0 0 0 0