0 0.43714664296874994 0.3091838125 0.008609698437500058 0.03061225833333331
0 0.62638779921875 0.37500016666666663 0.012914544531250006 0.03826532361111114
0 0.6964707367187499 0.2908164569444444 0.011192607031250024 0.029081645833333367
0 0.28802667421875 0.3214287152777778 0.018941335937500005 0.048979613888888926
3 0.38204457812500003 0.42857162083333333 0.010331634374999999 0.045918388888888884
3 0.40615173046875 0.44387775138888885 0.006887759374999991 0.033673486111111116
3 0.8791685265625 0.41326549305555554 0.029272971874999953 0.13010209861111113
2 0.41476142890625 0.4423471388888889 0.01205357812500001 0.026020420833333367
2 0.43714664296874994 0.40714304027777776 0.02755103125000007 0.09336739027777775
1 0.41476142890625 0.45918387916666664 0.01205357812500001 0.027551033333333346
1 0.43714664296874994 0.4622451069444445 0.029272971875000043 0.055102066666666616
1 0.48616093203125 0.46326551666666665 0.008609698437500058 0.01224490277777777
1 0.49304869140624996 0.4586736763888889 0.010331635937500038 0.019897968055555517
1 0.50165838828125 0.4326532555555555 0.03443879218749997 0.058163291666666735
1 0.5111290562499999 0.43571448333333335 0.02669006328124999 0.06581635694444449
1 0.6910717390625 0.4571430638888889 0.032716851562499996 0.05510206944444439
1 0.45918387890625 0.42959203055555556 0.029272971093750044 0.05816329166666666
1 0.13890311875 0.39897977222222225 0.055102065624999995 0.05969390416666664
1 0.20605876250000002 0.3867348694444444 0.16875007578124998 0.19591845555555562
1 0.53064436640625 0.4066328375 0.07318243203124997 0.1209184236111111
1 0.61272349296875 0.4265308055555555 0.070599521875 0.09795922777777785
