car 0.26410989921875 0.7743403208333334 0.021491764843749993 0.03566040972222216
car 0.2469164875 0.7768874874999999 0.021491764843749993 0.03566040972222232
car 0.22399193906249998 0.7768874874999999 0.02865568593750001 0.04330192638888898
car 0.18817233125 0.7896233500000001 0.037252392187500025 0.040754754166666705
car 0.10220527265624998 0.8074535555555556 0.045849097656250004 0.03566040972222216
traffic light 0.29133280156249997 0.7361327361111112 0.011462274218750013 0.033113237499999885
person 0.4775947609375 0.7259440486111111 0.04298352890624999 0.11971709027777785
person 0.40653464140624995 0.7565101138888889 0.022924548437500025 0.10443405555555564
drivable area 0 0 0 0
lane 0 0 0 0
lane 0 0 0 0
lane 0 0 0 0