traffic sign 0.046790776562500004 0.26168175000000005 0.04581596953125 0.025994877777777762
traffic sign 0.58293509296875 0.33620039444444444 0.02339538750000001 0.019062909722222247
traffic sign 0.649222025 0.30500654444444447 0.013647310156250026 0.020795898611111082
traffic sign 0.65409606484375 0.32406945277777777 0.007798461718750005 0.048523768055555534
traffic sign 0.53224508359375 0.37086023055555556 0.01754654218750007 0.012130941666666692
traffic sign 0.48837873046875 0.3448653541666667 0.00974807890624998 0.025994873611111104
traffic sign 0.185213490625 0.3552633041666667 0.019496156249999987 0.008664956944444432
traffic light 0.26027369453125 0.10224651388888889 0.04484116093749999 0.029460858333333326
traffic light 0.45426045625 0.12130942083333333 0.040941928906249994 0.025409230555555554
traffic light 0.19983560859375 0.27381269166666666 0.009748078124999981 0.039858809722222215
traffic light 0.6882143390625 0.0814506125 0.01949615703124996 0.07971761805555556
traffic light 0.54589239296875 0.3881901472222223 0.013647310937500023 0.01906290833333328
car 0.19691118515625 0.37779219583333334 0.12477540390625 0.15943524027777783
car 0.41624295 0.41938399722222225 0.09163193749999995 0.11784343611111107
car 0.8285866695312499 0.4419128888888889 0.14037232968750005 0.06758667777777781
car 0.82176301484375 0.4488448583333333 0.056538854687499904 0.04852376805555557
car 0.9592109195312499 0.4471118638888889 0.022420580468750017 0.045057784722222195
car 0 0.4228499805555555 0.0497152 0.06412069583333332
car 0.0848082828125 0.41938399722222225 0.11307770937499999 0.06585368611111109
car 0.10527924765625 0.40205407916666663 0.04874039140624999 0.03812581944444449
car 0.30998889531249996 0.42631596527777776 0.01754653984375003 0.05892171805555554
car 0.3216865890625 0.4384469069444445 0.02631981171875002 0.034659834722222234
car 0.3216865890625 0.42631596527777776 0.019496157031250006 0.01906290833333336
car 0.34020793828125 0.42631596527777776 0.016571733593749992 0.04159180000000002
car 0.356779671875 0.42631596527777776 0.015596925000000006 0.03812581666666664
car 0.36847736640625 0.43324793194444444 0.015596925000000006 0.024261883333333303
car 0.3801750609375 0.43324793194444444 0.02437019609375004 0.027727868055555563
truck 0.40746967968750003 0.3847241625 0.035093082031249966 0.08145061250000005
drivable area 0 0 0 0
lane 0 0 0 0
lane 0 0 0 0
lane 0 0 0 0
lane 0 0 0 0
lane 0 0 0 0
lane 0 0 0 0
lane 0 0 0 0
lane 0 0 0 0
lane 0 0 0 0
lane 0 0 0 0
lane 0 0 0 0
lane 0 0 0 0
lane 0 0 0 0
lane 0 0 0 0
lane 0 0 0 0
lane 0 0 0 0
lane 0 0 0 0
lane 0 0 0 0
lane 0 0 0 0
lane 0 0 0 0
lane 0 0 0 0
lane 0 0 0 0
lane 0 0 0 0
lane 0 0 0 0
lane 0 0 0 0
lane 0 0 0 0
lane 0 0 0 0