car 0.42824568125000007 0.37303570694444443 0.06318378984374995 0.07696461527777775
traffic sign 0.074884490625 0.22396009722222224 0.04680280703124999 0.0402157472222222
traffic sign 0.074884490625 0.26556259444444447 0.05148308749999999 0.08944535972222221
traffic sign 0.6162369601562501 0.34044708333333334 0.012870771874999942 0.014560869444444435
traffic sign 0.6478288546875001 0.3758092041666667 0.014040842187499968 0.02496149583333336
drivable area 0 0 0 0
drivable area 0 0 0 0
drivable area 0 0 0 0
drivable area 0 0 0 0
lane 0 0 0 0
lane 0 0 0 0
lane 0 0 0 0
lane 0 0 0 0
lane 0 0 0 0
lane 0 0 0 0
lane 0 0 0 0
lane 0 0 0 0
lane 0 0 0 0
lane 0 0 0 0
lane 0 0 0 0
lane 0 0 0 0
lane 0 0 0 0
lane 0 0 0 0