car 0.6109699171874999 0.33580058333333335 0.10400301640625002 0.11148035694444446
car 0.504392771875 0.3258955333333333 0.010706193750000014 0.017673718055555555
car 0.5212167890625 0.33541215277777775 0.019118201562499947 0.03262839722222222
car 0.45239126562500004 0.3218169833333333 0.01682401718749995 0.02719033055555558
car 0.43862616093750006 0.3204574694444444 0.01223564765624996 0.020392748611111126
car 0.371084284375 0.32832324444444444 0.05600447421875003 0.07749244027777777
car 0.311435496875 0.31200904444444444 0.048177867187500036 0.08157099305555558
truck 0.421638271875 0.3012300388888889 0.016059289062499982 0.036706944444444445
truck 0.79213078984375 0.3097573375 0.20538627656249994 0.20596675694444444
traffic light 0.34183343828125 0.2088217375 0.009176737499999987 0.03262839583333334
traffic light 0.40836477968749996 0.22432022638888888 0.008029644531250036 0.030589123611111112
traffic sign 0.90104082578125 0.1631419861111111 0.028677301562500014 0.04894259166666666
traffic sign 0.903335009375 0.21412385416666666 0.02638311953125001 0.02854984722222223
traffic light 0.3995704015625 0.22024167777777776 0.008029644531250036 0.03058912083333334
traffic light 0.530338896875 0.24675225138888887 0.008029645312499945 0.02243201944444447
traffic sign 0.5787898859375 0.3026866388888889 0.008029646093750032 0.022432025000000008
traffic sign 0.65651902421875 0.3004531555555555 0.014912198437500024 0.01427492500000002
traffic sign 0.24770878828125 0.2785040138888889 0.02391732890624998 0.01700787916666668
traffic light 0.6507157890624999 0.22960636250000002 0.008371065625000007 0.038267727777777774
car 0.93054854375 0.3231496958333333 0.06816438906250007 0.19984257500000002
car 0.46655235234375 0.31889772638888886 0.009566932031250008 0.01700787916666668
traffic sign 0.43067635859375003 0.28488196805555555 0.01913386328124993 0.01700787916666668
traffic sign 0.90902294765625 0.2423622722222222 0.02272146328124993 0.044645681944444446
drivable area 0 0 0 0
drivable area 0 0 0 0
drivable area 0 0 0 0
drivable area 0 0 0 0
lane 0 0 0 0
lane 0 0 0 0
lane 0 0 0 0
lane 0 0 0 0
lane 0 0 0 0
lane 0 0 0 0
lane 0 0 0 0
lane 0 0 0 0
lane 0 0 0 0
lane 0 0 0 0
lane 0 0 0 0