1 0.5011574875 0.24374983194444444 0.029003886718749962 0.0539062138888889
1 0.46292509296875 0.2531248263888889 0.019775377343749945 0.023437483333333335
0 0.5314797328124999 0.29062480138888885 0.003955076562500004 0.018749987499999992
1 0.5051125640625 0.30937478749999997 0.011865225781250021 0.01874998750000003
1 0.4932473375 0.3070310388888889 0.007910150000000015 0.021093736111111146
1 0.48533718671875 0.3070310388888889 0.007910150781250014 0.02578123194444445
1 0.44842315 0.3140622847222222 0.007910151562500013 0.018749986111111106
1 0.42732941484375003 0.3117185375 0.023730451562499956 0.028124980555555564
1 0.45105986640625 0.29531229722222224 0.044824189062499985 0.07968744444444446
1 0.51961450703125 0.3070310388888889 0.010546868750000016 0.02578123194444445
1 0.52225122421875 0.3117185375 0.022412093749999952 0.03046872916666668
1 0.602671090625 0.31640603194444444 0.17138660078125004 0.16874988333333332
1 0.4075540375 0.3046872902777778 0.01054686718750002 0.021093736111111108
1 0.29417520859375 0.3070310388888889 0.019775376562499992 0.03046872916666668
1 0.3047220765625 0.3117185375 0.03427732031249997 0.03984372222222225
1 0.2032084734375 0.2976560458333333 0.06064449062499997 0.08203119305555558
0 0.30608966328125 0.09011556944444445 0.03899231406250001 0.08318360277777777
