traffic sign 0.11092338203125 0.3520310013888889 0.019775376562499992 0.03749997361111114
traffic sign 0.21375534218749997 0.36843724027777774 0.022412094531249992 0.05156246250000002
traffic sign 0.5288430164062501 0.37781223333333336 0.013183583593749937 0.028124980555555526
traffic sign 0.41941926328125 0.38953097500000006 0.014501942968749936 0.018749987499999954
car 0.23353071953125001 0.4223434527777778 0.035595678124999974 0.04453121944444444
car 0.25198773750000003 0.42703095 0.06855463984374999 0.07499994583333332
car 0.7397803703125 0.3989059680555555 0.20698228046875009 0.1734373833333334
drivable area 0 0 0 0
drivable area 0 0 0 0
drivable area 0 0 0 0
lane 0 0 0 0
lane 0 0 0 0
lane 0 0 0 0
lane 0 0 0 0
lane 0 0 0 0
lane 0 0 0 0
lane 0 0 0 0
lane 0 0 0 0
lane 0 0 0 0
lane 0 0 0 0
lane 0 0 0 0
lane 0 0 0 0
lane 0 0 0 0
lane 0 0 0 0
lane 0 0 0 0
lane 0 0 0 0