0 0.36702419140625003 0.1227273611111111 0.017551052343749964 0.04368261805555556
0 0.57646675078125 0.11648698611111112 0.01755105312500005 0.033281995833333335
0 0.46999036640625 0.4825889402777778 0.011700701562500004 0.0166409986111111
0 0.489881559375 0.4805088152777778 0.009360560937499951 0.018721123611111147
0 0.47233050703124996 0.4992299375 0.00936056093750004 0.016640997222222214
0 0.77888888984375 0.3453007069444445 0.025741542968749975 0.058243494444444446
0 0.299160121875 0.47426844027777776 0.011700702343750003 0.020801248611111114
0 0.82101141484375 0.33698020833333336 0.028081684375000117 0.058243494444444405
0 0.71453503046875 0.3661019555555556 0.03510210546875001 0.033281995833333314
0 0.20555450859375002 0.4368261972222222 0.03276196406249996 0.0228813722222222
0 0.02302356328125 0.4576274430555556 0.01872112265625 0.014560872222222245
0 0.43605833125000004 0.05408324444444445 0.038612315625000004 0.05824349305555556
1 0.48353149687499997 0.5210712486111111 0.01287077187500003 0.01872112222222226
1 0.46247023359375 0.5169109986111111 0.021061261718749957 0.02704162083333333
1 0.44842939140625004 0.5169109986111111 0.014040842968749967 0.014560872222222167
1 0.43438854921875 0.5148308736111111 0.015210912499999996 0.024961497222222247
1 0.40864700546875 0.5169109986111111 0.023401403906250007 0.033281995833333314
1 0.5279941625 0.5127507486111111 0.018721122656249988 0.052003118055555575
1 0.53735472421875 0.510670623611111 0.04680280546875002 0.06656399166666671
3 0.6836134953124999 0.48362900277777776 0.01287077187500003 0.07072423888888896
3 0.6941441265625 0.48778925277777774 0.010530631249999978 0.06448386666666665
3 0.51278325078125 0.502350125 0.00819049140625001 0.024961497222222247
3 0.26004809453125 0.502350125 0.019891192968750016 0.06656399166666663
3 0.24600725234374998 0.5065103750000001 0.018721122656250033 0.06448386666666665
3 0.64617124921875 0.48362900277777776 0.024571474218750035 0.09360561250000003
3 0.9176275281249999 0.4399463833333333 0.05265315859374997 0.19345159999999997
