traffic light 0.045999082812499995 0.08732029583333333 0.019491138281250004 0.05959956666666667
traffic light 0.7622334226562499 0.21021552638888888 0.01949113828125002 0.04989730972222222
traffic sign 0.050936821875 0.06870986527777778 0.010915036718749993 0.01801847361111111
traffic sign 0.18659513828125002 0.07068785833333333 0.012474326562500004 0.02019858750000001
traffic light 0.18477598125 0.09286444166666666 0.018711491406249968 0.05544145555555557
traffic light 0.121624696875 0.21483564583333334 0.017931846875 0.05544145694444443
traffic sign 0.1231839875 0.1968171736111111 0.010915036718750003 0.015246402777777807
traffic light 0.14033618828125 0.2439424111111111 0.007016808593750002 0.024948654166666667
traffic light 0.1153875328125 0.2439424111111111 0.0070168093749999995 0.01940450972222223
traffic light 0.40073778125 0.2758212486111111 0.010135389843749999 0.02772072916666666
traffic light 0.54263326015625 0.27443521111111113 0.008576100781250063 0.026334691666666642
traffic light 0.5543279421875 0.26473295694444443 0.014813264062500053 0.03603694583333331
car 0.00031185781249999997 0.27304917777777776 0.0748459671875 0.14414778472222226
traffic sign 0.09433710390625 0.3160163055555556 0.017152200000000006 0.027720726388888887
car 0.9205664109375 0.33611383333333333 0.07943358906249998 0.0679157861111111
car 0.06860880312499999 0.3778335375 0.017931846093750002 0.023562619444444426
car 0.5917509265625001 0.33763848194444446 0.09433710390624998 0.06375767499999997
car 0.85468636875 0.31012565000000003 0.056134474999999996 0.07207389444444444
car 0.64184314921875 0.3115116861111111 0.3274511054687501 0.196817175
traffic light 0.592530571875 0.06652975 0.017152200781250036 0.06375767361111111
traffic light 0.7133756234375 0.004158109722222222 0.02260971953124997 0.051283345833333334
traffic sign 0.591283134375 0.04435316527777778 0.010915036718750049 0.022176581944444444
traffic sign 0.765871784375 0 0.06860880234374997 0.07623200138888889
traffic sign 0.7739930609375001 0.0006930180555555556 0.08186277421874992 0.08870633194444444
traffic sign 0.8581947734375 0 0.017931845312500094 0.06306465555555556
car 0.10135391328125001 0.28864208611111114 0.30016351484375 0.19820320694444446
car 0.30250245078125004 0.3210060430555555 0.03898227343749996 0.033264876388888906
traffic sign 0.12552292421875 0.2795173527777778 0.016372554687500006 0.02217658194444441
drivable area 0 0 0 0
lane 0 0 0 0
lane 0 0 0 0
lane 0 0 0 0
lane 0 0 0 0
lane 0 0 0 0