1 0.17050133203125 0.42843434722222223 0.020058980468750008 0.028018893055555574
1 0.191993096875 0.42843434722222223 0.01146227421874999 0.0254717208333333
1 0.19915701875 0.42588717499999995 0.01576062734374999 0.02547172083333338
1 0.35103215468750004 0.43098151944444446 0.012895058593749998 0.02547172083333338
1 0.32954039062499996 0.42843434722222223 0.025790117187500038 0.03311323749999996
1 0.31234697890624996 0.42334 0.017193411718749996 0.03566041527777778
1 0.30661584140625 0.43607586111111113 0.01576062734375001 0.03311323749999996
1 0.26936344921875 0.41060414027777775 0.045849097656250004 0.07896233472222226
1 0.37825505703125 0.4335286944444445 0.020058979687500013 0.035660408333333275
1 0.39258289999999996 0.43098152916666665 0.03152125468749998 0.04584909861111118
1 0.43270086015625 0.4228305680555556 0.02435733359375005 0.03566040972222216
1 0.58027764375 0.4228305680555556 0.03725239218749996 0.06367930277777774
1 0.6075005453125 0.40245319166666665 0.134681725 0.09424536805555558
1 0.46192966328124996 0.4177362236111111 0.13324893984375005 0.15028315416666665
0 0.46852046796874997 0.39532111249999996 0.021491764843749993 0.03056606527777785
0 0.46995325234375 0.36169843749999997 0.020058980468749966 0.03566040972222224
0 0.7112341421874999 0.30311347916666664 0.017193411718749996 0.03820758194444444
