car 0.23409528750000003 0.4637593652777778 0.03570637421875 0.040770386111111084
car 0.21634010234374998 0.4637593652777778 0.02321831875 0.04370507083333332
car 0.1876586484375 0.4637593652777778 0.03277880468750001 0.04613313194444441
car 0.09478537265625 0.45161906944444447 0.0969706265625 0.07769790555555557
car 0.49086258046875003 0.46133130694444446 0.034144587499999976 0.05098924861111106
car 0.52364138515625 0.4661874263888889 0.04233928671874994 0.070413725
car 0.5468597039062499 0.4079139972222222 0.14340726562500006 0.18210446388888887
car 0.6410987640625 0.41616939583333334 0.3278309000000001 0.33824288333333324
truck 0.4512548609375 0.43462265 0.03277880312499999 0.06555760694444446
car 0.43486545859375003 0.45161906944444447 0.01365783437500001 0.03399283194444449
traffic sign 0.0104228015625 0.3917649736111111 0.014889715625 0.02382354583333329
traffic sign 0.01191177265625 0.4288238222222222 0.01340074453125 0.039705909722222224
car 0.384452475 0.4754121055555556 0.013400744531249975 0.010588241666666675
car 0.36509584453125 0.4780591652777778 0.014889715624999989 0.01058824305555556
car 0.3427612703125 0.4780591652777778 0.01786765937500001 0.013235304166666613
car 0.3055369796875 0.4780591458333333 0.031268403906249985 0.021176484722222236
car 0.27724651953125 0.48070620694444444 0.026801489062499996 0.021176484722222236
drivable area 0 0 0 0