0 0.36910288515625 0.3781987902777778 0.010796793750000023 0.04265400138888885
0 0.31631855937500003 0.43151629027777777 0.009597149999999966 0.029857801388888876
0 0.0919851765625 0.2928907902777778 0.02279323124999999 0.06184830138888889
0 0.325915709375 0.40592389027777775 0.00959715000000001 0.021326998611111096
0 0.33791214687500004 0.3995257888888889 0.00839750546875 0.019194301388888925
1 0.33791214687500004 0.44857789027777784 0.02399287499999998 0.03412319999999996
1 0.084787315625 0.42085279166666667 0.12236366250000001 0.11303309861111117
1 0 0.3718006902777778 0.0979833953125 0.23459699999999997
1 0.44947901640625 0.44857789027777784 0.032390381250000023 0.04691940138888889
1 0.46867331640625 0.46137409166666665 0.032390381250000023 0.04265400138888885
1 0.48786761640625 0.46990489027777776 0.034789669531249956 0.04265400138888885
1 0.515459425 0.47843569166666666 0.03359002499999999 0.04265400138888885
1 0.5433449593749999 0.46990489027777776 0.06448703281250001 0.07525098472222219
