traffic light 0.4509922921875 0.4673077916666667 0.007049901562499983 0.016114061111111116
traffic light 0.4681134828125 0.47984095 0.004028514062500044 0.0161140625
car 0.49228457499999995 0.4852123041666667 0.008057032031250078 0.012533158333333303
car 0.5033629921875 0.48342185277777777 0.011078417187500023 0.017904513888888907
car 0.51645566796875 0.48342185277777777 0.014099803906249963 0.017904513888888907
car 0.5285412140625 0.4852123041666667 0.013092675000000043 0.019694965277777737
drivable area 0 0 0 0
drivable area 0 0 0 0
drivable area 0 0 0 0
lane 0 0 0 0
lane 0 0 0 0
lane 0 0 0 0
lane 0 0 0 0
lane 0 0 0 0
lane 0 0 0 0
lane 0 0 0 0
lane 0 0 0 0