0 0.43840926484375 0.05999997916666666 0.026367177343750027 0.08999996944444444
0 0.40360458984375003 0.30562489305555557 0.00949218437499999 0.0356249875
0 0.47426862734375 0.3449998791666667 0.05906247890624998 0.028124988888888876
0 0.45001082343750004 0.34687487916666665 0.02214842968749995 0.028124988888888917
0 0.0386828421875 0.33374988333333333 0.034804676562500005 0.04874998333333333
0 0.042901590625 0.38999986249999996 0.028476553124999998 0.054374981944444456
0 0.11567500312500001 0.44249984444444446 0.027421864843749998 0.044999983333333264
0 0.6177060773437499 0.3599998736111111 0.023203117187500056 0.04687498194444449
0 0.64934669140625 0.3918748625 0.012656245312499958 0.026249991666666656
0 0.5417686039062499 0.4199998527777778 0.00949218437499999 0.024374991666666623
0 0.45950300781250003 0.42562485138888884 0.004218748437499986 0.01687499305555562
1 0.510127990625 0.4499998416666667 0.02109374296874993 0.03562498888888888
1 0.49114362187499994 0.44812484166666666 0.014765619531250085 0.028124990277777803
1 0.46583113125000003 0.4518748416666667 0.02953123984374999 0.0431249847222222
1 0.4236436453125 0.44624984444444443 0.015820307031250015 0.022499990277777788
1 0.40993271328125 0.44812484166666666 0.013710932031249979 0.024374991666666703
1 0.3983311546875 0.4518748416666667 0.01054687109375001 0.020624993055555527
1 0.382510846875 0.45749984027777774 0.01792968125000005 0.024374991666666703
1 0.362471790625 0.45749984027777774 0.02003905625 0.031874990277777786
1 0.34981554609375 0.45749984027777774 0.013710932031250022 0.031874990277777786
1 0.30973743515624996 0.45374984166666665 0.031640614843750026 0.041249984722222244
1 0.19583122578125 0.4349998472222222 0.11601558359374997 0.11999995833333332
0 0.63247169609375 0.39374986250000005 0.065390603125 0.046874983333333294
