0 0.8940641375 0.27355263194444446 0.021981907812499913 0.09236842083333335
0 0.582320715625 0.4316447402777778 0.010990953906250045 0.04085526249999995
0 0.5003881484375 0.3854605291666667 0.010990953906249957 0.04973684305555553
0 0.42844735859374994 0.4050000027777778 0.010990953906250045 0.03197368333333333
0 0.41645722734375 0.40322368472222225 0.008992599218750019 0.03907894861111111
0 0.87008387421875 0.28065789583333334 0.020982731249999987 0.08171052638888886
0 0.57832400390625 0.46006579166666667 0.00799342031250001 0.04085526388888891
0 0.401346753125 0.5364473708333333 0.004995888281249972 0.01953947361111111
0 0.42332866171875 0.5364473708333333 0.004995887499999974 0.015986844444444474
0 0.29955344296874997 0.5435526347222221 0.003996710156250005 0.021315788888888913
0 0.59031413671875 0.5204605291666666 0.005995064843749986 0.02309210555555552
3 0.62828288515625 0.5506578972222222 0.015986842187500017 0.07282894861111112
0 0.8920657828125 0.49203947777777773 0.02398026249999994 0.040855262500000024
1 0.42045393750000004 0.5826315819444444 0.03197368359374995 0.060394737500000024
1 0.3545082140625 0.5719736861111111 0.06794407890624998 0.11190789444444446
1 0.47540870703125 0.5719736861111111 0.11590460624999999 0.13855263194444448
1 0.9320328874999999 0.525789475 0.06794407968750012 0.1403289486111111
0 0.8980608476562499 0.3836842138888889 0.028976152343749995 0.03552631805555559
