car 0.28903390703125 0.27402385138888885 0.01775518593750003 0.03399283333333333
car 0.30542331015625 0.2691677333333333 0.023218317968750003 0.03156477361111109
car 0.31088644140625 0.28130802777777775 0.02185253515625001 0.0388489513888889
car 0.3313731953125 0.28130802777777775 0.023218317968750003 0.016996416666666687
car 0.32317849375 0.29102026805555553 0.028681452343750014 0.041277012499999995
car 0.35322573046875 0.2885922097222222 0.03687615390625001 0.026708654166666672
car 0.3409336796875 0.3031605680555556 0.04916820468750003 0.06312954722222221
car 0.19206328046875001 0.2643116111111111 0.0382419375 0.050989251388888865
car 0.1688449625 0.26188355555555554 0.030047235156249984 0.043705072222222204
car 0.144260859375 0.2691677333333333 0.03277880390625001 0.04127700972222222
car 0.144260859375 0.27159579305555553 0.05326555546875 0.07041372638888892
car 0.23713413515625 0.26188355555555554 0.05053398906249997 0.07526984444444444
bus 0.39010188437500004 0.25217131388888886 0.06555760703124998 0.08498208333333336
truck 0.47068310859375 0.26188355555555554 0.07238652500000002 0.11411879583333334
car 0.4870725109375 0.2570274361111111 0.060094473437500004 0.06312954722222221
car 0.43244117187500003 0.3007325069444444 0.07238652499999994 0.09712238055555554
car 0.35459151328125 0.3225850416666667 0.09697062734375002 0.14325551111111107
car 0.500730346875 0.3080166847222222 0.14613883203125005 0.18453252222222222
car 0.65642966171875 0.3201569833333333 0.34281165234375005 0.5778781625
drivable area 0 0 0 0
lane 0 0 0 0
lane 0 0 0 0
lane 0 0 0 0
lane 0 0 0 0
lane 0 0 0 0
lane 0 0 0 0
lane 0 0 0 0
lane 0 0 0 0
lane 0 0 0 0
lane 0 0 0 0
lane 0 0 0 0
lane 0 0 0 0
lane 0 0 0 0