0 0.5546132593750001 0.39563973472222225 0.025741542187499977 0.04576274166666663
0 0.6575794328125 0.4455627305555555 0.011700701562500004 0.02080124722222223
0 0.71070061328125 0.45180310138888885 0.008190488281250019 0.016641000000000065
0 0.8710002250000001 0.3873192347222222 0.0269116140625 0.03328200000000005
0 0.53550211953125 0.31964583333333335 0.06318378906249995 0.10192611666666668
0 0.657189415625 0.407011075 0.01287077187500003 0.020801245833333346
0 0.70867250390625 0.40493094999999996 0.015210912499999996 0.02496149583333336
1 0.6997019585937501 0.46178769305555556 0.02808168359374994 0.04784287083333333
1 0.66459985625 0.4680280694444444 0.026911614843749997 0.024961494444444475
1 0.6259875390625 0.47218831666666666 0.03159189375000002 0.027041619444444442
1 0.57684459140625 0.46386781666666665 0.042122525781249996 0.04160249166666669
1 0.47205256484375 0.4644614041666667 0.09075118515624991 0.04932940833333335
1 0.74026439921875 0.44306656944444445 0.06669399921875012 0.10400623750000003
1 0.27457647343749997 0.4580814388888889 0.16182802578125002 0.1014721180555555
1 0.82216931015625 0.33906033472222225 0.17783068984374992 0.45762744305555547
