car 0.32627721875 0.6224909805555556 0.0128552 0.0195888763888889
car 0.30468494765625 0.6216732166666666 0.02479217265624998 0.034280533333333335
car 0.33590472031249996 0.6216732166666666 0.018364571875000023 0.02448609722222225
car 0.36069689296875 0.6020843375 0.04591142968750002 0.08651754166666671
car 0.2679558046875 0.6167759958333333 0.03581091562499998 0.058766627777777816
car 0.38089792109375 0.5678038013888889 0.14599834531250006 0.22200726805555548
truck 0.00300217734375 0.07512257777777778 0.2824895203125 0.8064087472222222
person 0.8523636187499999 0.5599472694444445 0.07713120234375008 0.3901451263888888
traffic sign 0.8753193335937499 0.062063325 0.12304263125000006 0.08162031944444445
traffic sign 0.89735681953125 0.11103551666666667 0.05050257265624989 0.1273276972222222
traffic sign 0.9094889734375 0.4734297319444445 0.028269903906249994 0.10610641388888888
traffic sign 0.34387660546875 0.5305320736111111 0.04132028593750001 0.02285368888888889
traffic sign 0.482529121875 0.5109431944444445 0.026628628124999932 0.027750905555555583
traffic light 0.508239521875 0.45544138055555555 0.013773429687499927 0.0555018194444444
traffic light 0.49101126171875 0.466868225 0.01193697187499998 0.03754534583333332
traffic sign 0.455200346875 0.48417173472222225 0.009182285156250015 0.0244860944444444
person 0.5066211468749999 0.5870133402777777 0.01744634453125 0.0816203180555555
traffic sign 0.7844147031250001 0.4652677 0.011936972656249979 0.03264812916666663
traffic sign 0.81494939140625 0.5926272791666667 0.030301543749999917 0.04244256527777779
traffic sign 0.816785846875 0.5436550888888889 0.028465085937500058 0.039177751388888835
drivable area 0 0 0 0
lane 0 0 0 0
lane 0 0 0 0
lane 0 0 0 0
lane 0 0 0 0
lane 0 0 0 0
lane 0 0 0 0