0 0.2895616671875 0.25223684305555555 0.018984375000000008 0.039078949999999994
0 0.31154357421875 0.2575657902777778 0.012989308593749981 0.03730263333333331
0 0.68723436640625 0.289539475 0.040966283593749965 0.07105263055555551
0 0.6482664375 0.2966447388888889 0.03197368437500003 0.07638158055555558
0 0.6482664375 0.1811842125 0.039967104687500046 0.060394737500000024
0 0.47141199609375006 0.5133552638888889 0.011990132031249967 0.02486842638888886
0 0.5053840359375 0.48848684444444446 0.009991775781250035 0.01953947361111111
1 0.45242762187499996 0.5755263194444444 0.017985197656250042 0.024868422222222283
1 0.41345969374999997 0.5577631583333333 0.02705330546875002 0.04796052638888892
1 0.3824851875 0.5826315805555555 0.013988486718750037 0.024868422222222207
1 0.3684967 0.5773026347222222 0.016986019531250028 0.04440789305555555
1 0.39247696484375 0.5737500013888889 0.036969571093749966 0.0444078972222222
1 0 0.5435526333333333 0.14368173281250002 0.22559210277777783
1 0.11870229140625 0.289539475 0.24979440703125003 0.46361842222222216
3 0.54834867578125 0.5364473708333333 0.010990954687500044 0.0675000027777778
3 0.5253675890625 0.5506578972222222 0.009991775781250035 0.051513159722222215
0 0.549347853125 0.45473684444444445 0.020982730468749988 0.028421052777777806
