car 0.43429314921874995 0.3293347194444444 0.014544482812500004 0.021774197222222232
car 0.40673518203125003 0.33477827083333334 0.014544482812500004 0.02313508194444442
car 0.48098859453125 0.33069560694444444 0.016075481250000044 0.02585685833333334
car 0.484050590625 0.34022181944444446 0.01760647890625 0.02313508194444442
car 0.49782957421875 0.3375000430555556 0.016840980468750023 0.032661295833333326
car 0.57284849375 0.3211693972222222 0.04822644218749996 0.044909280555555535
car 0.62821960234375 0.3089214111111111 0.08726689765625002 0.06396170277777777
car 0.39061330859375 0.33096237222222225 0.019902975781249978 0.03130040694444444
car 0.3055733234375 0.3268797083333333 0.042867947656249995 0.06260081527777778
car 0.26653286953125 0.3296014847222222 0.0528194375 0.07348791111111107
car 0.17620397734374998 0.2955793013888889 0.09798388359375002 0.12520162916666666
truck 0.5076650820312499 0.32861174722222225 0.04592994609375003 0.06396170277777774
truck 0.43188067265625 0.3381379597222222 0.015309981249999983 0.020413306944444425
car 0.41923833281249995 0.3302419763888889 0.013778983593750026 0.021774194444444422
car 0.37177738984375003 0.3329637486111111 0.02602696874999997 0.036743956944444434
car 0.655267221875 0.3175403638888889 0.28731733281249994 0.2608367277777778
car 0.0009046859375000001 0.28605309166666665 0.18142328359374998 0.1932459916666667
drivable area 0 0 0 0
lane 0 0 0 0
lane 0 0 0 0