car 0.73798944453125 0.46433540277777774 0.011569431249999962 0.024307491666666674
car 0.7148505828125 0.46246559583333335 0.022087094531249997 0.03365652499999996
car 0.6938152546875 0.46433540277777774 0.026294159374999994 0.03552633194444444
car 0.671728159375 0.46620520833333334 0.03260475937500003 0.05235459722222223
car 0.63912340078125 0.46246559583333335 0.04522595625000001 0.06357343472222222
car 0.6107257046875 0.46433540277777774 0.03576005859375 0.07479227916666666
car 0.57075858359375 0.4736844388888889 0.04732948984375005 0.0841413138888889
car 0.5139631953125 0.45872598194444447 0.06941658437500005 0.11592803472222223
car 0.38459592421875 0.4699448222222222 0.15040260078124995 0.13836571666666664
car 0.000701175 0.4549863680555556 0.2271815484375 0.3066483430555555
car 0.74535181015625 0.46620520833333334 0.02734592656250001 0.024307490277777788
traffic light 0.787422465625 0.4362882972222222 0.010517666406250025 0.014958459722222272
car 0.787422465625 0.46059578888888886 0.012621197656249982 0.02991691250000004
car 0.7947848320312499 0.4699448222222222 0.014724730468750113 0.02617729722222219
car 0.8042507304687501 0.46620520833333334 0.01682826249999998 0.035526330555555555
car 0.813716628125 0.4736844388888889 0.028397692968749944 0.03365652500000004
car 0.83790725625 0.46246559583333335 0.03681182500000002 0.061703630555555514
car 0.85789081875 0.46433540277777774 0.05679538671874997 0.07292247500000001
car 0.89785793984375 0.4699448222222222 0.05258832109375007 0.08414131250000002
car 0.9283591687499999 0.45872598194444447 0.07046835156249998 0.15893359166666668
drivable area 0 0 0 0
lane 0 0 0 0
lane 0 0 0 0
lane 0 0 0 0
lane 0 0 0 0
lane 0 0 0 0