1 0.5575900875 0.3951221138888889 0.013647310937499935 0.031193851388888857
1 0.56928778203125 0.3985880972222222 0.011697692968750052 0.02599487500000003
1 0.57903586015625 0.3951221138888889 0.031193851562500007 0.03639282638888888
1 0.6414235625 0.4037870736111111 0.04679077656250001 0.04332479305555555
1 0.47863065234375 0.3847241625 0.06628693359374997 0.09531454722222227
1 0.38407429140625 0.37779219583333334 0.06238770234375002 0.10397950694444447
1 0.3255858203125 0.3899231375 0.02534500390625003 0.024261883333333303
1 0.29829120078125004 0.3933891222222222 0.03021904218749998 0.039858809722222256
1 0.26319811796875003 0.3951221138888889 0.03899231328124997 0.05025675972222222
1 0.7964180109375001 0.3448653541666667 0.08675789843749993 0.10744548611111114
1 0.68334029921875 0.3015405597222222 0.08188385937500006 0.15596925555555552
1 0.8441835945312499 0.3552633041666667 0.09748078593749998 0.11264446111111112
1 0.9007224484374999 0.3569962958333333 0.08383347499999996 0.10397950138888892
1 0.9416643796875 0.3656612541666666 0.05783261015624994 0.08145061250000005
1 0.92996668515625 0.4107190388888889 0.0695303046874999 0.08838257916666663
