0 0.7827999828125 0.11278913611111112 0.03709027265625 0.05379174166666666
0 0.77303938515625 0.17699218194444444 0.05856358906249994 0.04511565416666667
0 0.49095809375000005 0.3453082777777778 0.010736659374999924 0.02255782638888885
0 0.4870538546875 0.3158095805555556 0.016593016406249994 0.029498697222222207
3 0.41384936640625 0.3852182791666667 0.021473316406250033 0.07461435138888887
1 0.42751420546874996 0.3886887152777778 0.019521194531250074 0.04164521944444444
1 0.45484388046874996 0.4043056708333333 0.02342543671874999 0.04164521944444444
1 0.4353226828125 0.3869534972222222 0.04489875234375003 0.05379174305555555
1 0.4665565984375 0.39042393194444447 0.06441994843750001 0.0780847875
1 0.49779051171875005 0.4129817583333333 0.08686932499999997 0.062467827777777846
1 0.5583062226562501 0.41992262916666667 0.14445685390625 0.09717217777777781
1 0.2986743078125 0.3817478444444445 0.11712718046875001 0.1544343555555555
1 0.20985286328125002 0.3748069736111111 0.017569076562499973 0.032969131944444445
1 0.19033166640625002 0.37133653888888885 0.025377556249999978 0.04164521944444444
1 0.1600738109375 0.36786610416666665 0.0370902734375 0.04511565416666667
1 0.14640897421875002 0.37827740972222224 0.027329675781249986 0.039910001388888915
1 0.11127082109375 0.37133653888888885 0.04685087187500001 0.05552695972222226
1 0.0732044875 0.3609252361111111 0.04782693125 0.06420304583333329
1 0 0.32448566944444446 0.07710872578125 0.11799478750000003
1 0.22058952031249998 0.28631088194444443 0.09576005625000002 0.1545553472222222
