1 0.35823637421875 0.42979582499999996 0.010331630468750009 0.022040811111111145
1 0.3437720921875 0.4206121555555556 0.017563771875000002 0.036734684722222175
1 0.32517515703125 0.4224488902777778 0.022729587500000027 0.04959182499999994
1 0.20326191875 0.42979582499999996 0.02996172812500002 0.044081622222222214
1 0.19293028828125 0.43530602916666666 0.02582907421874998 0.04591835694444445
1 0.0193588953125 0.42979582499999996 0.08781885937499999 0.07897957500000001
1 0.1443716234375 0.42979582499999996 0.05785713046874998 0.05877549583333332
1 0.23012415703125 0.41877542083333336 0.04545917421875001 0.07163264027777774
1 0.420226159375 0.42979582499999996 0.01653060703125 0.02938774999999999
1 0.44915472265625 0.3967346097222222 0.04959182656249998 0.08265304444444446
1 0.6134276468750001 0.4261223583333333 0.07128825156249992 0.10836732500000007
0 0.66405263671875 0.2534693333333333 0.28288003671875 0.33061217638888885
1 0.00076196015625 0.4095917513888889 0.033061217968749994 0.12489793194444446
1 0.26731802656250003 0.40040807916666665 0.06922192499999999 0.09918365138888892
1 0.36753484296875 0.4040815472222222 0.057857128906249986 0.09918365277777781
1 0.43365727734375004 0.4261223583333333 0.052691315625 0.06428570277777779
0 0.46878482109375 0.3159183 0.03306121796874999 0.023877545833333336
0 0.1175093859375 0.3048978958333333 0.04339284765625 0.025714280555555528
0 0.6247924406250001 0.3287754388888889 0.024795914062499945 0.018367343055555572
0 0.6196266257812499 0.30673463055555555 0.02686223906250005 0.023877545833333298
0 0.5318077671875 0.36183665972222223 0.017563770312500004 0.01653060833333334
0 0.10511142968750001 0.3563264569444444 0.018596933593749986 0.018367341666666686
0 0.09436221875 0.38326521944444447 0.016530609375000005 0.029387748611111104
0 0.537589165625 0.3814284875 0.01963009843750001 0.020204076388888915
0 0.6367728171875 0.3538774694444444 0.02686223906249996 0.03122448194444449
0 0.16978312109375 0.2853060638888889 0.009298467187500003 0.04040815555555556
0 0.158418328125 0.27979585972222226 0.011364792968749992 0.044081624999999985
0 0.39914531875 0.38632645 0.008265303125000002 0.020204076388888915
1 0.4311733734375 0.3146938152777778 0.008265303124999956 0.025714280555555566
2 0.956231140625 0.4095917513888889 0.04029336015625003 0.08265304444444439
2 0.9345347171875 0.41142848611111116 0.025829075781249954 0.08081630972222216
1 0.93763420703125 0.4555101083333334 0.06107488906250005 0.12419616944444445
