car 0.14579370625000002 0.42274110972222223 0.12552292499999998 0.13444553333333328
car 0.6946641312499999 0.3742298347222222 0.09979462265625001 0.1316734611111112
car 0.55042971484375 0.3977924541666667 0.03430440156249999 0.05821353194444446
car 0.60968277265625 0.41303885555555553 0.013253973437499945 0.020790545833333358
car 0.26975733984375 0.4199690375 0.0709477390625 0.10395273194444449
car 0.33602720625 0.4116528180555556 0.05457518515625002 0.08870633194444437
car 0.38748380859375 0.40056452777777773 0.049117665624999994 0.08039011250000007
bus 0.4264660828125 0.32987666944444444 0.10057426718749998 0.1413757138888889
car 0.67595263984375 0.39086227222222225 0.04210085625 0.0776180402777778
car 0.6549022109375 0.39224830694444446 0.024948657031250043 0.059599566666666624
car 0.79367910859375 0.39224830694444446 0.07328667656249994 0.07761804027777773
car 0.87710117578125 0.3672996527777778 0.12240434140624998 0.13860364305555556
traffic light 0.6572411484375 0.2564167388888889 0.007796453906249922 0.030492801388888918
traffic light 0.749239315625 0.3257185597222222 0.008576099999999975 0.026334695833333338
traffic light 0.749239315625 0.3617555069444444 0.007016809374999955 0.01386036250000002
car 0.52704035078125 0.418583 0.021830074999999914 0.024948658333333405
drivable area 0 0 0 0
drivable area 0 0 0 0
drivable area 0 0 0 0
lane 0 0 0 0
lane 0 0 0 0
lane 0 0 0 0
lane 0 0 0 0
lane 0 0 0 0
lane 0 0 0 0
lane 0 0 0 0
lane 0 0 0 0
lane 0 0 0 0