traffic light 0.3319038484375 0.2540817458333334 0.015497456250000008 0.044387774999999983
traffic light 0.61516290390625 0.31683687638888886 0.010331637500000036 0.03061226111111112
traffic light 0.4059472484375 0.4025512013888889 0.007748728124999982 0.018367355555555537
traffic light 0.39647658125 0.39948997500000005 0.009470667187500004 0.019897968055555517
traffic light 0.5290659265625 0.39642875 0.006026788281250006 0.015306130555555578
traffic light 0.45846640390625 0.3857144583333333 0.004304849218750029 0.016836743055555558
traffic sign 0.7146049117187501 0.3732303986111111 0.02066327578124998 0.015306129166666693
traffic sign 0.65950284765625 0.33649568611111114 0.01205357812500001 0.03520409861111114
person 0.0626942609375 0.3625161055555556 0.019802304687499994 0.11632658055555554
person 0.20733718359375 0.40078143194444443 0.017219395312499986 0.07040819444444442
person 0.22800045937500002 0.40231204305555557 0.01205357578124997 0.06275512916666667
person 0.28224155390625 0.4053732666666666 0.010331637500000036 0.06734697083333335
person 0.24091500546875003 0.3961895916666667 0.014636486718749975 0.06581635416666663
person 0.29085125234375 0.40078143194444443 0.012914546093750002 0.050510226388888906
person 0.25124664296875 0.3885365263888889 0.018941335156250006 0.10408167916666665
person 0.26760506796875 0.40384265555555554 0.017219396093749985 0.08877555000000004
person 0.338204590625 0.4145569458333333 0.00860969765624997 0.06581635972222226
person 0.32787295156249996 0.4053732666666666 0.00947066875 0.048979613888888926
person 0.312375496875 0.40384265555555554 0.013775516406249988 0.06581635972222226
person 0.29257319140625004 0.40078143194444443 0.009470667968749957 0.0520408375
person 0.08335753671875 0.36710794583333334 0.03357782187499999 0.15000006666666665
person 0.3638771375 0.41608755972222217 0.006026788281250006 0.032142870833333365
person 0.36990392734375 0.41761817361111114 0.007748728124999982 0.035204095833333324
person 0.37765265390625 0.41914878333333333 0.00947066875 0.03673471249999996
person 0.38712332265625 0.41761817361111114 0.009470667968750002 0.03826532222222217
person 0.391428171875 0.41608755972222217 0.011192607031250024 0.03673470972222227
person 0.753348553125 0.4665977861111111 0.015497456249999963 0.05204084027777777
person 0.7154658820312501 0.44363859027777774 0.012053575781250015 0.055102065277777806
person 0.7266584890625001 0.4558834958333333 0.013775516406249988 0.045918388888888884
person 0.8265309828125 0.46812840000000006 0.020663274218749982 0.05357145277777775
person 0.81447740546875 0.47884268888888887 0.015497456249999963 0.05357145416666671
person 0.9298473554687501 0.4711896236111111 0.016358424999999954 0.061224516666666694
person 0.6689735140625 0.4497610444444444 0.012053576562500012 0.061224516666666694
car 0.13752916171875001 0.42275528888888886 0.04563139921874999 0.07346941944444446
car 0.45487902578124995 0.43010223333333336 0.009470668750000045 0.01836735416666665
car 0.44713029765625 0.43010223333333336 0.008609698437500058 0.021428583333333348
car 0.4367986609375 0.43010223333333336 0.014636485937499976 0.02448980555555554
car 0.47468133124999995 0.4285716222222222 0.01635842578125004 0.03214287083333329
car 0.46348872421875004 0.43316345972222225 0.012914546093750002 0.021428579166666614
car 0.52031273515625 0.43010223333333336 0.012914544531250006 0.03367348472222223
car 0.62104619765625 0.4515308152777778 0.03702170156250002 0.055102063888888844
car 0.8368626203125 0.4867349138888889 0.0972895859374999 0.06887758055555555
car 0.40580374921875 0.4198981472222222 0.02927297265624995 0.03826532222222225
car 0.48501296875 0.4260205986111111 0.030994912500000017 0.04591839027777777
car 0.52978339609375 0.4321430472222222 0.031855882031250005 0.04285716111111115
car 0.5645091859375 0.42755121250000006 0.05338012656249998 0.07193880555555551
drivable area 0 0 0 0
drivable area 0 0 0 0
drivable area 0 0 0 0
drivable area 0 0 0 0
lane 0 0 0 0
lane 0 0 0 0
lane 0 0 0 0
lane 0 0 0 0
lane 0 0 0 0
lane 0 0 0 0
lane 0 0 0 0
lane 0 0 0 0
lane 0 0 0 0
lane 0 0 0 0
lane 0 0 0 0
lane 0 0 0 0
lane 0 0 0 0
lane 0 0 0 0