1 0.2675545640625 0.47377400833333333 0.11032439218749998 0.10188688333333336
1 0.37787895546875 0.43301925694444443 0.054445801562499965 0.11462274305555553
1 0.58419989453125 0.36169843749999997 0.18339639140625003 0.21650962916666666
1 0.3879084453125 0.4279249125 0.24214054687500003 0.3515097486111111
1 0.7561340109375 0.3769814708333333 0.24214054765625007 0.38971733055555563
2 0.14003676015625 0.463585325 0.035819606250000004 0.13245294861111112
1 0.1357384078125 0.5272646236111111 0.035819604687500006 0.09933971388888886
0 0.36928224921875 0.30566065138888887 0.020058981250000007 0.05349061249999999
0 0.6128555812500001 0.1706605263888889 0.017193412499999994 0.0585849611111111
0 0.68592758125 0.3005663069444444 0.017193410937499997 0.04839626805555556
0 0.5985277382812499 0.16811335694444446 0.020058979687500055 0.0662264763888889
0 0.62431785625 0.1630190138888889 0.022924546093750033 0.07132081944444446
0 0.677330875 0.14773598194444443 0.10172768515625004 0.03820758194444445
