traffic light 0.4215173984375 0.14872878472222223 0.007722456249999965 0.024406774999999985
traffic light 0.5699601671875001 0.1334745513888889 0.005148304687499916 0.024406775000000006
traffic light 0.41293689218749996 0.14720336250000002 0.008580505468750044 0.024406772222222213
traffic light 0.56309576171875 0.1334745513888889 0.006006353906249995 0.024406775000000006
traffic light 0.5742504203125 0.1334745513888889 0.006006355468749991 0.024406775000000006
traffic light 0.622301259375 0.15330505555555554 0.008580505468749954 0.019830505555555572
traffic sign 0.79305334609375 0.07398303472222223 0.025741520312499943 0.05186439999999999
traffic sign 0.841962234375 0.03279660555555555 0.014586861718750121 0.028983043055555557
traffic sign 0.83509782890625 0.06940676805555555 0.008580506250000041 0.00915254027777778
traffic sign 0.8479685890624999 0.06330507222222223 0.018877114843750143 0.016779656944444443
car 0.4695682375 0.2509321555555556 0.010296606250000017 0.022881352777777763
car 0.497025859375 0.25245757916666667 0.008580504687500046 0.022881355555555573
car 0.5090385687500001 0.2509321555555556 0.014586860937499946 0.015254234722222215
car 0.47643264296875004 0.25245757916666667 0.02316736718749999 0.038135588888888905
car 0.56052160859375 0.22652538055555557 0.04290253437500002 0.07169490138888888
truck 0.7033870484375 0.14415251527777778 0.12956565468750006 0.13576268611111114
car 0.60256609296875 0.24483046249999998 0.06349575078125005 0.08084744305555557
car 0.5201932273437501 0.232627075 0.04805083828124994 0.08237286666666668
car 0.39663392890625004 0.2433050388888889 0.08752117187499997 0.11898302777777772
car 0.0843034796875 0.1319491263888889 0.29774358671875 0.3813558583333333
car 0.0002145125 0.27381350694444445 0.08580506796875001 0.16169488333333332
car 0.68107773125 0.23720334444444444 0.16989403515624996 0.16169488333333334
car 0.9196158210937501 0.21279656805555555 0.06950210468749987 0.07169490277777778
person 0.866416678125 0.21127114583333334 0.01973516562499995 0.11135591249999999
person 0.8509717664062499 0.21279656805555555 0.014586861718750121 0.07627117222222222
person 0.97453106484375 0.2097457222222222 0.024025420312500146 0.10677964305555554
person 0.39654348046875 0.23919720138888886 0.01301348437500005 0.04218750555555558
person 0.38429549453125 0.24736252500000003 0.008420489843750012 0.04218750555555554
drivable area 0 0 0 0
lane 0 0 0 0
lane 0 0 0 0
lane 0 0 0 0
lane 0 0 0 0
lane 0 0 0 0
lane 0 0 0 0