0 0.18326387500000002 0.37086022916666667 0.04094192968749999 0.07451864444444449
0 0.16181810234375 0.3569962958333333 0.016571733593749992 0.032926843055555585
0 0.4084444875 0.31540449444444446 0.07311058828124999 0.046790776388888886
0 0.5000764249999999 0.3102055194444444 0.04386635312500005 0.0554557347222222
0 0.53614431484375 0.4089860472222222 0.022420580468750017 0.020795901388888892
0 0.69893722578125 0.3569962958333333 0.04289154531250006 0.07798462777777779
0 0.84028436328125 0.3431323611111111 0.05263962343749995 0.08145061111111115
1 0.8500324414062501 0.3968551055555556 0.14817079296874985 0.3691272375
1 0.31681254999999997 0.43671391527777775 0.03606788984375 0.039858809722222256
1 0.25929888671875 0.4401798986111111 0.023395388281250006 0.034659834722222234
1 0.4649833421875 0.43324793194444444 0.012672502343750036 0.02079590000000001
1 0.44256276171875 0.43324793194444444 0.011697694531250047 0.01906290833333336
0 0.6784662609375001 0.3847241625 0.012672501562499949 0.02946085972222221
0 0.7661989671875 0.41938399722222225 0.038992312499999925 0.032926843055555585
0 0.61802817421875 0.4384469069444445 0.014622117968750015 0.013863933333333339
0 0.58098547578125 0.44191289027777775 0.010722886718749968 0.006931966666666669
0 0.39577198515625 0.4055200638888889 0.017546541406250026 0.020795901388888892
1 0.406494871875 0.4297819486111111 0.02047096484374995 0.017329916666666712
