traffic sign 0.615937284375 0.3112498888888889 0.01160155781250003 0.029999990277777795
car 0.30058583203125 0.4049998597222222 0.044296860156249986 0.08249996944444449
truck 0.5030857617187501 0.2887498972222222 0.07699216015624995 0.10499996388888894
truck 0.39550767421875 0.37874986805555555 0.05484373046875 0.09562496249999997
car 0.3353905078125 0.39374986250000005 0.09175778046875002 0.1181249583333333
car 0.43558578515625 0.38624986527777777 0.17613275156250002 0.2756249027777778
car 0 0.40874985694444443 0.277382715625 0.2624999083333333
drivable area 0 0 0 0
drivable area 0 0 0 0
lane 0 0 0 0
lane 0 0 0 0
lane 0 0 0 0
lane 0 0 0 0
lane 0 0 0 0
lane 0 0 0 0
lane 0 0 0 0
lane 0 0 0 0