0 0.45913449531249995 0.3465983458333333 0.004874039062500035 0.01906290833333332
0 0.5234718140625 0.37432621250000003 0.005848846093750026 0.020795901388888892
0 0.19691118515625 0.3517973208333333 0.022420579687500018 0.022528891666666696
0 0.49130315390624996 0.36739424583333335 0.017546539843750077 0.017329916666666632
0 0.7145341507812499 0.28074465972222223 0.03899231406250001 0.08318360277777777
0 0.40357044843749995 0.3951221138888889 0.0068236554687500115 0.017329918055555518
0 0.4016208328125 0.37779219444444445 0.007798463281250001 0.020795902777777778
0 0.36067890234375 0.3985880972222222 0.005848846093749982 0.027727868055555563
0 0.356779671875 0.3899231402777778 0.011697693750000005 0.017329916666666632
1 0.34703159296875 0.41938399722222225 0.00974807890624998 0.020795902777777778
1 0.32948505156249996 0.4211169888888889 0.016571734375000036 0.017329916666666712
1 0.30219043203124996 0.41938399722222225 0.017546541406250026 0.013863934722222224
1 0.36262851953125 0.4159180138888888 0.015596925781250003 0.013863934722222224
1 0.3889483296875 0.4159180138888888 0.016571734375000036 0.017329918055555598
1 0.40357044843749995 0.4159180138888888 0.008773270312500081 0.020795902777777778
1 0.3918727546875 0.42804895694444445 0.013647310156250026 0.02599487500000003
1 0.36067890234375 0.42631596527777776 0.03509308125000001 0.05545573472222224
1 0.30024081640625 0.4315149402777778 0.060438087499999994 0.08145061111111107
1 0.486429115625 0.41245203194444446 0.025345004687499985 0.045057784722222195
1 0.570262590625 0.41938399722222225 0.04191673828125007 0.048523769444444455
3 0.29341716171875 0.4055200638888889 0.009748078125000026 0.02946085972222221
3 0.22128138203124997 0.40032108888888884 0.008773270312500036 0.017329916666666712
3 0.555640471875 0.4055200638888889 0.007798463281250001 0.020795901388888892
3 0.5478420093749999 0.41245203194444446 0.007798462500000003 0.020795902777777778
1 0.16181810234375 0.4159180138888888 0.15986848671874998 0.17156618055555561
1 0.51762296640625 0.42631596527777776 0.05848847031249997 0.06931966944444447
1 0.38699871484375004 0.41938399722222225 0.12964944375000004 0.16810019722222225
1 0.6141289421875 0.41765100555555557 0.24175234687499988 0.235686875
