traffic light 0.6672706546875 0.4387496916666667 0.010546869531250013 0.035156224999999985
traffic light 0.78196784296875 0.48562465972222224 0.014501942968749936 0.025781233333333296
traffic light 0.53807152578125 0.3192185236111111 0.013183584375000024 0.03984372222222221
traffic light 0.23221236015625002 0.41765595555555557 0.013183584374999979 0.03984372222222221
traffic light 0.48797390390624995 0.49499965277777774 0.009228509375000016 0.025781233333333375
traffic light 0.51697778984375 0.5207808847222223 0.010546867968750017 0.028124980555555526
traffic light 0.09246636328124999 0.38953097500000006 0.014501943750000001 0.035156224999999985
traffic light 0.05555232578125 0.25359356805555555 0.014501943750000001 0.04453121944444444
traffic light 0.92566891640625 0.30515603333333335 0.019775376562500037 0.04687496944444444
traffic light 0.788559634375 0.4364059430555556 0.022412096093750035 0.023437483333333297
traffic sign 0.65804214609375 0.3871872263888889 0.018457018750000033 0.0398437236111111
traffic sign 0.65804214609375 0.3332810138888889 0.01713866015625003 0.03984372222222221
traffic sign 0.655405428125 0.30515603333333335 0.018457018750000033 0.028124980555555564
car 0.30867715234375004 0.4645309236111111 0.09360345078124999 0.12656241388888886
car 0.4141458296875 0.5020308958333334 0.06591792343749994 0.08203119861111108
car 0.53807152578125 0.5442183680555556 0.014501943750000024 0.023437483333333377
car 0.79383306953125 0.5442183680555556 0.12524405390624996 0.06562495555555559
drivable area 0 0 0 0
lane 0 0 0 0
lane 0 0 0 0
lane 0 0 0 0
lane 0 0 0 0
lane 0 0 0 0
lane 0 0 0 0
lane 0 0 0 0