car 0.3660299703125 0.4540471277777778 0.010926268749999978 0.012140300000000003
car 0.37149310625 0.45161906944444447 0.012292050000000021 0.019424476388888855
car 0.3769562390625 0.45161906944444447 0.012292051562500017 0.021852534722222258
car 0.38378515625 0.44919100972222226 0.01365783437500001 0.03156477777777774
car 0.390614075 0.44919100972222226 0.016389400781249952 0.03156477777777774
car 0.3974429921875 0.45161906944444447 0.021852533593749966 0.03399283194444449
car 0.40563769140624995 0.45161906944444447 0.025949887500000025 0.0364208916666667
car 0.416563959375 0.4370507111111111 0.04370507109375001 0.06070148749999996
car 0.42885601093750003 0.45161906944444447 0.030047236718750002 0.05827342777777776
car 0.43978227890625005 0.44433488888888883 0.03824193828124996 0.07526984583333338
car 0.46026903046875 0.4346226527777778 0.04507085468750001 0.10197849722222219
car 0.48485313359375004 0.4273384736111111 0.08604435937499995 0.1286871541666667
car 0.531289771875 0.4200542944444445 0.15979666562499997 0.18696058333333326
car 0.6241630476562501 0.4564751888888888 0.2799856132812499 0.25494624861111115
car 0.80581225 0.4540471277777778 0.06419182265625008 0.031564773611111166
car 0.6828917382812499 0.4564751888888888 0.025949885937500028 0.01942447500000005
car 0.82903056875 0.4686154861111111 0.07238652421875003 0.05584536666666667
car 0.8836619078125001 0.466187425 0.04507085468749992 0.014568358333333324
car 0.8850276906250001 0.4710435444444444 0.08331279375000004 0.07284178472222227
car 0.81865060625 0.5171766763888889 0.18028341875000004 0.3447844500000001
car 0.33379748359375 0.44676295000000005 0.008194701562499995 0.031564772222222204
car 0.32150543203125 0.44676295000000005 0.017755185156249985 0.03884894861111105
car 0.31057916328125 0.4419068291666666 0.01775518749999998 0.04613313194444449
car 0.27643457734375 0.4419068291666666 0.03960772187499999 0.05584536944444444
car 0.2668740921875 0.4419068291666666 0.019120968749999977 0.05341731388888889
car 0.23682685625 0.43219459444444447 0.03687615312500001 0.07769790277777773
car 0.16170876484375002 0.4273384736111111 0.03551037109374999 0.05341731388888889
car 0.17536660078125 0.43219459444444447 0.08741014218750003 0.09955043888888887
car 0.16252823359375 0.4370507111111111 0.02185253515625001 0.05098925000000002
car 0 0.3957737 0.1734545 0.18938864305555556
car 0.9855834789062501 0.466187425 0.012292051562499929 0.050989251388888907
car 0.35322573046875 0.45023159305555555 0.009560482031249994 0.01942447500000005
drivable area 0 0 0 0
lane 0 0 0 0
lane 0 0 0 0