traffic light 0.358593503125 0.34084796805555556 0.007910150000000015 0.039843725000000024
traffic light 0.34936499453125 0.3502229611111111 0.009228510156250013 0.02812497916666672
traffic light 0.22939437265625 0.3783479402777778 0.01054686718750002 0.03046872916666664
traffic sign 0.090966734375 0.3713166958333334 0.02990943828124999 0.04893379722222219
traffic sign 0.1939870375 0.4479783611111111 0.023395112499999992 0.020795901388888892
traffic sign 0.38910408984375 0.4697541277777778 0.010546869531250013 0.03046872638888887
traffic sign 0.91117404375 0.05491066666666666 0.06723628281249994 0.15468738888888886
traffic light 0.36254857890625003 0.47678537499999996 0.007910150781250014 0.018749986111111148
car 0.094921809375 0.5097652763888889 0.05273433984375001 0.06125549722222219
car 0.25442484765625 0.5259629888888889 0.016571733593749992 0.013863933333333339
car 0.36452611640625 0.5003902777777778 0.013183585937499975 0.023437488888888917
car 0.37243626875 0.5074215263888889 0.011865225781249978 0.028124980555555526
car 0.37770970078125 0.4980465333333333 0.01713866015625003 0.03281247777777775
car 0.38825656875000003 0.5097652763888889 0.02109373671874999 0.030468727777777756
car 0.3104734203125 0.5120990555555556 0.011865225781249978 0.011728711111111147
car 0.460766284375 0.46289030555555555 0.07646479062499996 0.14062490694444443
car 0.50822718984375 0.4417965722222222 0.12128897890625004 0.1945311166666667
car 0.5767818296875 0.36914037083333334 0.39946261718749987 0.3867184805555556
car 0.4126462015625 0.49570278749999996 0.04086911171874998 0.06562495555555559
car 0.15820301796875 0.48398404027777775 0.09228509296874998 0.11953116944444449
car 0 0.5003902777777778 0.048779264843749996 0.26484356805555564
car 0.87473084453125 0.5707027333333333 0.12392569609374995 0.17578112500000007
traffic sign 0.22939437265625 0.44687469166666666 0.014307589843750001 0.02016658055555559
traffic sign 0.41132784296875 0.46093718333333333 0.011865228125000016 0.018749986111111068
car 0.27817363671875 0.5207640138888888 0.015820300781249984 0.01282937222222221
car 0.34508197734375 0.5103660638888889 0.007798462500000003 0.010397948611111079
car 0.29049273828125 0.5155650388888888 0.015596924999999961 0.013863934722222224
drivable area 0 0 0 0
lane 0 0 0 0
lane 0 0 0 0
lane 0 0 0 0
lane 0 0 0 0
lane 0 0 0 0