traffic light 0.60227496796875 0.31990308749999996 0.008580507812499949 0.022881355555555573
traffic light 0.5971266640625 0.3153268166666666 0.006864405468749979 0.028983045833333342
traffic light 0.49244448046875 0.3412590152777778 0.007722456249999965 0.018305081944444426
traffic sign 0.84547104921875 0.24167065000000001 0.02145126874999992 0.0625423597222222
traffic sign 0.7836914 0.27828081111111114 0.03260592734374992 0.05033896944444444
person 0.58364301171875 0.37917668055555553 0.012012709374999986 0.04728812777777781
person 0.59222351875 0.3883292208333333 0.01115465859375 0.03966100972222222
person 0.37942694921875 0.3761258333333334 0.019735165624999995 0.0854237097222222
person 0.3708464421875 0.37765125694444446 0.008580507812499994 0.056440669444444404
bike 0.17815276015624998 0.4175301875 0.08237286562500001 0.147966075
car 0.54515331015625 0.4094672263888889 0.018877114062499967 0.03203389166666671
car 0.558882121875 0.3942129916666666 0.02145126796875001 0.04423728055555556
car 0.53314060078125 0.3957384152777778 0.02488346953124996 0.10220337083333328
car 0.7450791195312501 0.3789587569444444 0.16302962968749996 0.17542369583333337
car 0.38383978124999996 0.35302655833333335 0.16731988359375002 0.26237283472222217
person 0.60264270546875 0.38506045138888884 0.01115465859375 0.045762700000000066
traffic sign 0.3634917078125 0.20048421527777777 0.019735164843749996 0.039661006944444445
traffic sign 0.35834340390624997 0.24319607083333333 0.01716101406249999 0.030508469444444467
traffic sign 0.42269720546875 0.2859079277777778 0.016302963281250006 0.03355931527777775
drivable area 0 0 0 0
drivable area 0 0 0 0
drivable area 0 0 0 0
drivable area 0 0 0 0
lane 0 0 0 0
lane 0 0 0 0
lane 0 0 0 0
lane 0 0 0 0
lane 0 0 0 0
lane 0 0 0 0
lane 0 0 0 0
lane 0 0 0 0