1 0.58901331484375 0.39522370138888885 0.014040842187499968 0.022881372222222276
1 0.5995439453125 0.3889833277777778 0.02457147500000003 0.03952236944444449
1 0.6159249289062501 0.3869032 0.029251754687499965 0.04992299444444441
1 0.3571054125 0.4118647 0.021061261718750002 0.03120187222222223
1 0.30328218359375 0.40770444861111116 0.03112387265625003 0.047842866666666595
1 0.270286209375 0.4118647 0.03861231406250001 0.052003118055555575
1 0.24688480546874997 0.4222653236111111 0.026911613281250003 0.04784286666666667
1 0.196103759375 0.4222653236111111 0.057333438281249996 0.054083243055555626
1 0.158661515625 0.4368261958333333 0.043292594531250006 0.04992299444444441
1 0.10600835859374999 0.4389063208333333 0.054993298437500004 0.060323618055555604
1 0.016380982031249998 0.45138706944444446 0.09594575390625 0.07072423888888887
1 0.6332419875 0.39522370138888885 0.06903414140625 0.07488449027777777
1 0.56771805859375 0.39522370138888885 0.015210911718749998 0.01456087083333336
1 0.54782686640625 0.39522370138888885 0.017551053906249958 0.0166409986111111
1 0.5185751109375001 0.39106345138888887 0.03393203593749998 0.043682620833333394
1 0.48815328750000003 0.39730382500000005 0.016380982812499934 0.02080125
1 0.47411244453125 0.40146407638888887 0.014040841406249971 0.018721120833333375
1 0.40180208828125 0.40562432638888885 0.029719792968750002 0.02912174722222226
1 0.335576128125 0.4139448236111111 0.028081683593749983 0.035362119444444395
1 0.8728723445312501 0.24961496944444445 0.12636757890625 0.45346719166666666
0 0.7481428578125 0.27374441944444444 0.02340140234375001 0.016641000000000024
0 0.7259115242187499 0.24462267499999998 0.03276196406250005 0.018721122222222223
0 0.728251665625 0.16973818333333335 0.030421824218749994 0.07696461388888888
0 0.6159249289062501 0.36318978333333335 0.010530630468749979 0.01872112222222218
0 0.4462647546875 0.3465487875 0.01287077187500003 0.02080124444444446
0 0.51412882421875 0.37151028333333336 0.00819049140625001 0.018721120833333296
3 0.75820546796875 0.3577814555555555 0.023401402343749923 0.09152548749999999
0 0.5313332828124999 0.369058475 0.008414131250000078 0.018698069444444423
