1 0.42794064453124997 0.37432621250000003 0.00877327109375008 0.012130944444444383
1 0.43671391562500006 0.37432621250000003 0.010722887499999967 0.01386393611111111
1 0.44841161015625 0.37605920416666666 0.007798462500000003 0.010397952777777735
1 0.45913449531249995 0.37605920416666666 0.009748079687500067 0.010397952777777735
1 0.47473142109375 0.37432621250000003 0.008773270312499993 0.015596926388888871
1 0.48447949921875005 0.37605920416666666 0.00877327109374999 0.017329918055555518
1 0.494227578125 0.37605920416666666 0.009748078124999981 0.017329918055555518
1 0.5030008484375 0.3795251861111111 0.009748078124999981 0.019062911111111133
1 0.51177411875 0.3795251861111111 0.008773271874999988 0.019062911111111133
1 0.5215221984375 0.3847241625 0.009748077343749984 0.017329919444444484
1 0.53029546875 0.3812581805555556 0.013647309375000027 0.024261883333333303
1 0.5429679710937501 0.3812581805555556 0.02924423515625003 0.031193851388888857
1 0.402595640625 0.37086022916666667 0.02339538750000001 0.019062909722222247
1 0.39089794609375 0.37086022916666667 0.011697694531249959 0.017329919444444484
1 0.38114986796875 0.37432621250000003 0.005848846875000024 0.01386393611111111
1 0.36652775000000004 0.3725932208333333 0.009748078124999981 0.015596927777777835
1 0.33630870703125 0.3604622791666667 0.018521350000000013 0.024261881944444418
1 0.31291331875 0.3587292875 0.024370196874999993 0.027727866666666677
1 0.24467676953125 0.3483313388888889 0.06726174062500001 0.06931966388888892
1 0.17254098906249998 0.3448653541666667 0.071160971875 0.05892171805555557
1 0.0604380875 0.3171374861111111 0.11112809453125001 0.09878052638888886
1 0 0.3448653541666667 0.06628693359375 0.07625163194444444
1 0.8818863132812499 0.5857512041666666 0.11502732578125005 0.35006432916666674
1 0.82312776875 0.4197306055555555 0.05166481640624987 0.046790777777777806
1 0.87576739140625 0.4075996625 0.07018616562499994 0.06758667777777774
1 0.9459535578124999 0.4006676944444445 0.05263962578125003 0.07451864583333329
0 0.33143466718750003 0.12477540416666666 0.025345003906249986 0.05718872638888889
0 0.3275354359375 0.2304879 0.029244235937499984 0.05372274305555555
0 0.38114986796875 0.28940961944444443 0.015596925000000006 0.032926843055555585
0 0.333384284375 0.28940961944444443 0.01949615468750001 0.03812581666666668
0 0.33728351484374997 0.3292684277777778 0.008773270312499993 0.017329920833333328
0 0.44548718593750003 0.3102055180555556 0.012672500781249952 0.027727866666666677
0 0.68821433984375 0.287676625 0.024370196093749998 0.03292684444444443
0 0.529320659375 0.11437745416666666 0.015596925781250003 0.05545573472222222
0 0.56148931875 0.19409507361111114 0.011697692968750052 0.03639282638888888
0 0.51957258125 0.11437745416666666 0.010722886718749968 0.05545573472222222
0 0.70186164921875 0.3292684277777778 0.013647309374999939 0.02252889305555554
0 0.44587710312500006 0.3552633041666667 0.009748078124999981 0.013863931944444453
0 0.42735575390624997 0.3517973208333333 0.009748078124999981 0.019062909722222205
