car 0.22442427109375 0.4733859541666667 0.02032972968750002 0.031889772222222175
car 0.247145734375 0.4733859541666667 0.009566932031250008 0.021259849999999938
car 0.26388786484375004 0.45850405694444446 0.016742132031249968 0.014881894444444457
car 0.27823826328125 0.4542520888888889 0.013154529687500017 0.017007877777777795
car 0.29617625937500003 0.4691339819444445 0.089057171875 0.11480318194444439
bus 0.34520678515625003 0.45637807361111116 0.043614246093749996 0.05598427222222221
car 0.38586624453125 0.4627560291666667 0.043051193749999994 0.06377954583333331
car 0.4205463734375 0.4698426486111111 0.02272146328125002 0.034015756944444475
car 0.4360926375 0.4712599666666667 0.015546264062500014 0.027637802777777724
car 0.44685543515625004 0.4712599666666667 0.016742130468750015 0.01913385972222217
car 0.47316449765625 0.46700799722222225 0.015546265624999922 0.012755909722222153
car 0.48631902890624995 0.4648820138888889 0.016742132031250013 0.019133862499999942
car 0.5030611609375 0.4733859541666667 0.011958662500000017 0.012755908333333269
car 0.506648759375 0.4648820138888889 0.02750492812500003 0.04677166527777775
car 0.5269784890625 0.4733859541666667 0.017937997656250017 0.03614174027777774
car 0.56405035 0.47551193888888893 0.011958665625000009 0.023385833333333276
car 0.5724214148437501 0.4648820138888889 0.035875993749999946 0.05952757777777775
car 0.45220195468749996 0.4740946208333333 0.06577265546875007 0.10417325555555558
car 0.53112914140625 0.4740946208333333 0.04305119296875004 0.0637795458333334
car 0.6387571249999999 0.48047257361111106 0.040659458593750045 0.051023637500000045
car 0.74040577578125 0.48685052916666666 0.08849411874999999 0.080787425
car 0.84205442421875 0.4974804513888889 0.15665850859375005 0.4039371208333334
traffic sign 0.586139 0.4400788611111111 0.05142225859374996 0.031889772222222175
traffic sign 0.70094218203125 0.4379528763888889 0.04424705859374996 0.02976378749999995
traffic sign 0.08507094765624999 0.3848032583333333 0.017937996875000008 0.021259844444444474
traffic sign 0.1257304078125 0.36566939305555557 0.016742130468749995 0.014881893055555493
drivable area 0 0 0 0
drivable area 0 0 0 0
drivable area 0 0 0 0
drivable area 0 0 0 0
drivable area 0 0 0 0
lane 0 0 0 0
lane 0 0 0 0
lane 0 0 0 0
lane 0 0 0 0
lane 0 0 0 0
lane 0 0 0 0
lane 0 0 0 0
lane 0 0 0 0