car 0.90985839765625 0.3432990263888889 0.07422681640624998 0.04948454166666667
car 0.8426839171875 0.38586284861111114 0.09068036953124992 0.09672572777777776
car 0.68589463203125 0.3931432819444444 0.13865321093750005 0.13936825138888892
car 0.513894446875 0.4701078388888889 0.16731990937500002 0.1185670208333333
car 0.15795935390625 0.4956933597222222 0.012285728124999996 0.010400616666666609
car 0.18604101640624998 0.5008936708333334 0.015210901562500023 0.015600923611111107
car 0.19832674453125002 0.5227349625 0.01755103984374997 0.0436825861111111
car 0.20008184921875 0.5175346541666667 0.0567483609375 0.08112480555555553
car 0.033932009375 0.5144144708333334 0.022231317968750004 0.058243445833333296
car 0 0.5133744083333334 0.04329256328125 0.09256548194444447
car 0.21178254062500002 0.5085901194444444 0.011700694531249977 0.0124807375
truck 0.19423150234375 0.4888289486111111 0.028081663281250013 0.015600923611111107
car 0.00087755234375 0.5366717819444444 0.030129284375000003 0.11960708333333332
car 0.11934706796875001 0.49714944027777774 0.01813607343749999 0.015600925000000071
car 0.1521090078125 0.5065099944444444 0.029836766406249993 0.045762711111111146
car 0.2120165609375 0.5252311055555556 0.13514300234375 0.17369028333333333
traffic sign 0.27979281953125 0.421744975 0.0409524265625 0.06864406666666664
traffic sign 0.32410919374999997 0.4360458222222222 0.01930614296875004 0.036402156944444486
traffic sign 0.32527926328125 0.47556816250000006 0.01989117812500001 0.04264252499999996
traffic sign 0.73772868828125 0.2152927513888889 0.028081661718749994 0.050963018055555524
traffic sign 0.7406538617187499 0.26937595416666665 0.020476212500000025 0.061363634722222254
traffic sign 0.7336334453125 0.32935284444444446 0.03334697500000008 0.056163322222222214
traffic sign 0.3248112421875 0.3477966055555556 0.026911593749999962 0.015600925000000033
traffic sign 0.345170440625 0.41956084027777774 0.02398641953124998 0.05512326527777781
traffic light 0.1386532125 0.16266564305555556 0.027789145312500006 0.09630969305555556
traffic light 0.43029298125000004 0.42850537638888886 0.008775519531249998 0.03536209166666669
traffic light 0.01837008828125 0.28393681111111113 0.0163809703125 0.05408320277777779
traffic light 0.10788038828124999 0.28497687638888886 0.018721110937499997 0.05824344861111111
traffic light 0.5051189093749999 0.16744991666666667 0.028545801562500018 0.1335810611111111
traffic light 0.19423150234375 0.41436053194444444 0.0064353812500000055 0.026001540277777794
traffic light 0.40012893203125 0.43204157916666663 0.019340907812499974 0.03658883472222227
traffic light 0.40913771640625 0.34470612638888887 0.017551039062499996 0.062403695833333356
traffic light 0.51958771484375 0.36347575694444445 0.01855670390624997 0.05360825555555561
drivable area 0 0 0 0
lane 0 0 0 0
lane 0 0 0 0
lane 0 0 0 0
lane 0 0 0 0
lane 0 0 0 0
lane 0 0 0 0
lane 0 0 0 0
lane 0 0 0 0
lane 0 0 0 0
lane 0 0 0 0
lane 0 0 0 0
lane 0 0 0 0
lane 0 0 0 0