0 0.33658988828125 0.21579974722222223 0.008580507812499994 0.03661016250000001
0 0.4344076671875 0.18224043055555555 0.009438559374999933 0.05338982222222223
0 0.34517039609375 0.21427432361111112 0.010296608593750011 0.03661016666666666
0 0.3280093828125 0.21427432361111112 0.010296607812500014 0.04118643611111111
0 0.44127207265625 0.1776641611111111 0.01630296484375 0.057966087499999985
0 0.42411105937500004 0.18376585555555558 0.01115465859375 0.051864395833333334
0 0.38893098203125 0.3576641263888889 0.00943855859374998 0.015254231944444443
0 0.43011741328125 0.3576641263888889 0.006006354687499993 0.015254231944444443
0 0.39579538593749997 0.3805454791666667 0.008580507031249995 0.019830504166666665
0 0.4937223640625 0.3569490847222222 0.01287076015625006 0.030508468055555623
0 0.5374829437499999 0.3508473930555555 0.009438557031250027 0.021355927777777832
0 0.06040676328125 0.33406773333333334 0.013728810937500002 0.03050846944444443
0 0.02522668515625 0.32796603888888887 0.026599570312500005 0.044237280555555515
0 0.2237796078125 0.3203389222222222 0.015444911718749977 0.018305083333333312
1 0.37947291562499996 0.40957619305555554 0.016302962500000007 0.032033888888888855
1 0.34086063437499997 0.3714406069444444 0.04118643281250001 0.07932201944444443
1 0.33742843203125 0.41567788749999995 0.018877114843750008 0.04423728055555556
1 0.31254496171875 0.4202541569444444 0.030889824999999992 0.05186439722222226
1 0.4446847671875 0.4111016166666666 0.01458686250000003 0.028983044444444456
1 0.454123325 0.3866948416666666 0.029173723437499976 0.06406778472222222
1 0.46699408515625 0.3973728055555556 0.048050839843750026 0.0655932083333333
1 0.5567032734375 0.07932201944444445 0.33635586875 0.5094914208333333
3 0.116523271875 0.4286439875 0.02488346953125 0.10830506250000001
0 0.24008257031250002 0.34169485 0.009438559374999978 0.013728812499999974
