traffic light 0.30433127265625004 0.20802552222222223 0.01828349375 0.08884423055555553
traffic light 0.930845634375 0.43772036666666664 0.018283493749999914 0.034670919444444497
traffic light 0.13368534062499998 0.4940606111111111 0.02194019140625001 0.04117171805555557
traffic light 0.16903342578125 0.5027283416666667 0.010970096874999991 0.030337054166666634
traffic light 0.326271465625 0.21669325 0.017064593749999978 0.08017650277777777
traffic light 0.5286087890625 0.5634024513888889 0.009751196093750015 0.013001594444444464
traffic light 0.28848558125 0.22102711666666666 0.014626794531249977 0.07367570555555558
traffic light 0.9137810421875001 0.4290526361111111 0.014626794531249843 0.04767251805555561
person 0.8333336734375001 0.5395661944444444 0.02559688984374997 0.10617969166666662
traffic sign 0.1349042390625 0.38138012083333334 0.02559688984374999 0.02383625972222221
traffic sign 0.16781452734375 0.40088251527777774 0.00975119765625001 0.02166932500000003
car 0.9796016171874999 0.5720701805555556 0.01989537265625003 0.0736757055555555
car 0 0.5807379083333334 0.1275908421875 0.1365167486111111
person 0.3440343953125 0.5861552444444444 0.012188993749999977 0.05417331111111115
person 0.3257509 0.5991568361111111 0.015845696093749993 0.07584263888888887
car 0.371307253125 0.5736179916666667 0.07435287031250004 0.09317809861111112
car 0.43225222890625004 0.5909534527777778 0.03534808749999998 0.05850717777777774
car 0.45784911875 0.5801187888888889 0.030472489062499976 0.056340244444444444
car 0.48588380859375 0.5887865180555555 0.015845692968749957 0.03467092083333338
car 0.54804768359375 0.5801187888888889 0.023159092187500008 0.028170120833333336
car 0.53463978984375 0.5887865180555555 0.010970096093750038 0.01950239444444443
car 0.50538620078125 0.5801187888888889 0.026815789843750083 0.041171716666666684
traffic light 0.507824 0.5652598319444444 0.012188995312499973 0.017335462500000016
drivable area 0 0 0 0
lane 0 0 0 0
lane 0 0 0 0
lane 0 0 0 0
lane 0 0 0 0
lane 0 0 0 0
lane 0 0 0 0