1 0.0048740390625 0.41938399583333336 0.11405251953125002 0.08491659583333333
1 0.015596925781250002 0.4297819486111111 0.1423219453125 0.11957643055555557
1 0.27489581328125 0.41938399583333336 0.05069000781249997 0.06412069305555555
1 0.3246110125 0.4349809236111111 0.022420578906250023 0.04332479305555555
1 0.34118274609375 0.43324793194444444 0.03411827343750003 0.036392825
0 0.29634158515625 0.21315798194444444 0.009748077343749984 0.04505778750000001
0 0.4152681421875 0.37605920416666666 0.007798463281250001 0.019062909722222247
0 0.46985738203125005 0.3881901472222223 0.009748078124999981 0.015596924999999985
0 0.549791625 0.28940961805555554 0.009748078124999981 0.025994876388888914
1 0.53224508359375 0.022528893055555554 0.4406131476562501 0.6186780444444444
0 0.2242058046875 0.37779219583333334 0.010722885937500015 0.027727868055555563
0 0.06726174140624999 0.35006432916666663 0.010722886718750001 0.025994873611111143
0 0.30608966328125 0.2148909736111111 0.011697696093749998 0.039858809722222256
0 0.28561869921875 0.21662396527777777 0.008773271093750035 0.03639282638888888
1 0.4766810375 0.42804895694444445 0.03411827343749998 0.03812581527777776
1 0.46954259609375004 0.42631596666666666 0.012672501562499949 0.03119384861111109
1 0.45784490078125 0.4228499805555555 0.016571733593749992 0.03119385000000005
1 0.43737393593749996 0.43324793194444444 0.02047096484375004 0.03292684027777774
1 0.41300373984374994 0.43324793194444444 0.019496157812500046 0.034659837500000006
0 0.5143837570312499 0.3639282625 0.009748077343749984 0.020795898611111124
0 0.035753104687499995 0.28421064305555555 0.030219042968750005 0.02252889305555554
0 0.428600665625 0.4089860472222222 0.009748077343750073 0.017329918055555598
0 0.03965233515625 0.3448653541666667 0.0214457734375 0.029460856944444478
0 0.36094476796874997 0.39420146111111115 0.009748077343750028 0.010397952777777735
0 0.5049504640625 0.4211169888888889 0.005848846875000024 0.015596926388888871
