0 0.0203276828125 0.40304944583333335 0.008532296093749999 0.06284104305555552
0 0.010576487499999999 0.22102711527777777 0.04509928203125 0.021669323611111107
0 0.6614688390625 0.2773673611111111 0.008532296093749992 0.05634024583333333
0 0.5603001765625 0.2773673611111111 0.008532296874999989 0.047672515277777765
0 0.39940543828125 0.238362575 0.007313396874999966 0.07584263888888891
0 0.88208965390625 0.21019245277777776 0.017064594531249887 0.09101116527777779
0 0.182441321875 0.33804147083333336 0.042661483593750014 0.07367570555555558
0 0.18975471796875001 0.41388410833333333 0.013407896093749972 0.032503987500000005
0 0.39452983984375 0.33804147083333336 0.029253589062499953 0.06500797500000001
0 0.392092040625 0.41388410833333333 0.020721292187500007 0.02166932500000003
0 0.8625872609374999 0.32503987638888887 0.051193780468750026 0.08884423194444445
0 0.87477625703125 0.4182179736111111 0.030472488281250064 0.028170120833333336
0 0.76263749921875 0.4507219611111111 0.020721292187499962 0.019502393055555543
0 0.63099635 0.46805742083333335 0.039004785156249965 0.0346709208333333
0 0.195849215625 0.07150877222222222 0.035348086718750005 0.04983945000000001
0 0.19828701484375 0.12351515277777778 0.03412918593749999 0.1126804902777778
1 0.425002328125 0.4875598138888889 0.28156579296875 0.42255183888888886
1 0.68462792890625 0.4983944763888889 0.29009808984375 0.2665326986111111
1 0.6773145320312499 0.47427631805555553 0.040894341406250055 0.05012134861111114
1 0.6626877375 0.5287315319444444 0.04875598124999998 0.056340244444444444
0 0.900373146875 0.4507219611111111 0.03534808749999989 0.03683785277777779
0 0.867462859375 0.39004785138888887 0.010970096093750038 0.026003190277777814
0 0.7675130976562501 0.4247187694444444 0.010970096874999946 0.02166932500000003
3 0.9284078359375 0.4572227569444444 0.03534808750000007 0.12134822222222223
3 0.0007993296875 0.45473684444444445 0.03397203984375 0.23802631666666663
