traffic light 0.4525545421875 0.44971135277777774 0.006823657031250008 0.013863934722222224
traffic light 0.50714378203125 0.47743922083333334 0.007798462500000003 0.013863933333333339
traffic light 0.41941107578125003 0.4809052041666667 0.005848846875000024 0.013863933333333339
car 0.5003201265625 0.4895701625 0.016571732031249998 0.029460858333333326
car 0.51104301328125 0.4965021291666667 0.013647309375000027 0.031193851388888857
car 0.52079109140625 0.5017011041666666 0.02339538828124992 0.027727868055555563
car 0.547110903125 0.5103660638888889 0.016571733593749992 0.0415918013888889
car 0.55783378984375 0.5069000791666667 0.037042698437500035 0.0502567611111111
car 0.41648665234375004 0.5017011041666666 0.012672501562499949 0.022528891666666735
car 0.40868818906250004 0.5069000791666667 0.012672501562499949 0.019062911111111133
car 0.38529280078125 0.5103660638888889 0.02339538828125005 0.027727866666666677
car 0.37067068359375 0.5155650388888888 0.013647309374999982 0.034659837500000006
car 0.35799818125 0.5086330722222223 0.02144577187500003 0.04332479444444443
car 0.34630048750000003 0.5138320472222222 0.026319811718749975 0.05025675833333333
car 0.3121822125 0.4999681125 0.0438663515625 0.07278565277777777
car 0.27708913046875 0.5120990555555556 0.05556404687500001 0.07278565138888887
car 0.21665104375 0.5259629888888889 0.07700981953125 0.09184856111111112
car 0.08310236875 0.5328949555555555 0.1540196390625 0.1490372902777778
car 0.44517239921874996 0.4956356333333334 0.016571732812500083 0.02252889305555554
traffic sign 0.21609255546875 0.43324793194444444 0.017546539843749986 0.027727868055555563
traffic sign 0.5806706898437499 0.47137375 0.011697693750000049 0.015596924999999985
truck 0.8395754203125 0.4080653958333333 0.1588936796875 0.3084725263888889
person 0.86394561640625 0.4427252305555555 0.056538855468749996 0.20102703888888895
drivable area 0 0 0 0
drivable area 0 0 0 0
drivable area 0 0 0 0
lane 0 0 0 0
lane 0 0 0 0
lane 0 0 0 0
lane 0 0 0 0
lane 0 0 0 0
lane 0 0 0 0
lane 0 0 0 0
lane 0 0 0 0
lane 0 0 0 0