0 0.4261601625 0.23166305277777777 0.011392399218749993 0.06075946527777781
0 0.5239449320312499 0.4088781708333334 0.01329113515625 0.023628681944444452
0 0.8059068437500001 0.0645745125 0.025632900781250002 0.08270038611111111
0 0.40907156093749997 0.23166305277777777 0.013291133593750004 0.06075946527777781
0 0.47552723046875 0.2890469958333333 0.05126580234375 0.027004206944444477
0 0.9397675484375 0.003815043055555555 0.05221516796875001 0.09620249305555555
1 0.8733118796875001 0.44769671944444445 0.10917716953124987 0.07088605
1 0.5989449015625 0.461198825 0.15569613906249993 0.09451472916666669
1 0.23248935390624997 0.36668409444444444 0.22499990859375005 0.1924049861111111
1 0 0.23841410416666667 0.27236275625 0.29873405694444444
1 0 0.46626211388888894 0.281856425 0.17890288055555553
1 0.7033752390625 0.4561355347222222 0.2952530453125001 0.16708854166666673
1 0.39293232734375 0.43419461527777775 0.22879737578125003 0.15527420277777781
