1 0.2510586203125 0.47510195 0.012397953906250026 0.020204076388888915
1 0.19940046718749999 0.4812243888888889 0.017563772656249997 0.019836733333333318
1 0.2283290328125 0.47755091944444444 0.021696424218749975 0.033061218055555563
1 0.26139025078125 0.4848978555555556 0.029961727343750022 0.044081624999999985
1 0.18080353203125 0.4826937805555555 0.026862239062500005 0.031224483333333334
1 0.15600761953125 0.46959174444444446 0.016530610156250014 0.01285714166666665
1 0.14051017421875 0.46959174444444446 0.015497446874999987 0.016530613888888882
1 0.1219132390625 0.47693868194444444 0.013431121874999997 0.011020405555555533
1 0.0971173265625 0.46799990416666665 0.018596934374999995 0.0202040777777778
1 0.0506249890625 0.46607132777777777 0.035127542968749995 0.025714281944444493
1 0.01239795546875 0.4513774569444444 0.039260196875 0.04040815277777783
1 0 0.4532141875 0.017563771875000002 0.044081624999999985
1 0.2833449671875 0.4954590791666667 0.05165815078125 0.0661224319444444
1 0.092984675 0.4922447930555555 0.05785712968749999 0.05877549999999998
1 0.00051658203125 0.6097957902777777 0.02479591328125 0.18367342916666657
