0 0.3005526203125 0.357039475 0.014987664062500006 0.02131579305555557
0 0.31554028437500004 0.35881579305555555 0.009991776562499988 0.014210526388888903
0 0.44943008906250004 0.33572368750000003 0.01099095234374996 0.026644737499999967
0 0.49339390468750005 0.3161842111111111 0.014987665625000002 0.03552631805555555
0 0.5263667671875 0.33572368750000003 0.009991775000000036 0.03552631805555555
0 0.5693314046875 0.28598684305555555 0.014987663281250008 0.01598684305555555
0 0.568332228125 0.30375000138888886 0.016986019531250028 0.019539475000000035
1 0.30255097656249996 0.3801315805555555 0.025978617968750006 0.0355263166666667
1 0.23760443046875 0.3659210527777778 0.050958059374999996 0.07282894861111104
1 0.20263321171875 0.3517105277777778 0.02997532968749996 0.02486842083333332
1 0.125696534375 0.3641447388888889 0.038967928906250004 0.03730263194444442
1 0.068743409375 0.3073026333333333 0.10990953828125001 0.0799342111111111
1 0.3784884765625 0.3712500013888889 0.011990132031249967 0.04973684305555553
1 0.39247696328125004 0.3801315805555555 0.018984375781250007 0.02486842361111117
1 0.41246051640625003 0.3801315805555555 0.021981907031250005 0.0355263166666667
1 0.42744818046875005 0.37657894999999997 0.04296463749999999 0.05328947500000002
1 0.42844735859374994 0.3907894763888889 0.07593750000000003 0.09592105416666664
1 0.49639143828125 0.3801315805555555 0.19184210468750001 0.2309210541666667
1 0.32453288359375 0.33750000416666665 0.05695312578125002 0.10302631527777777
1 0.11370640234375 0.37657894999999997 0.17685444218750002 0.16697368333333332
1 0 0.33750000416666665 0.14068419999999998 0.1758552638888889
