car 0.1306242515625 0.38645715555555554 0.051664815625000006 0.04679077638888892
car 0.22225618906250003 0.37952518749999997 0.14524636875 0.18543011527777778
car 0.4630337265625 0.3812581791666667 0.045815968750000026 0.06412069444444445
car 0.40746967968750003 0.3691272375 0.027294619531249963 0.04332479305555555
car 0.330459859375 0.3517973208333333 0.018521349218749972 0.020795899999999968
car 0.33923313046875003 0.33620039444444444 0.013647309374999982 0.020795901388888892
car 0.37822544453125 0.3292684277777778 0.012672501562499994 0.027727868055555525
car 0.38114986796875 0.3639282625 0.02631981171875002 0.0415918013888889
car 0.40357044843749995 0.35006432916666663 0.016571732031249998 0.022528891666666655
car 0.42404141328125 0.3465983458333333 0.014622116406250019 0.017329916666666674
car 0.4952023859375 0.3656612541666666 0.01949615703124996 0.027727868055555563
car 0.505925271875 0.35006432916666663 0.014622117968750015 0.02079590000000001
truck 0.19983560859375 0.3587292875 0.024370196093749998 0.0415918013888889
truck 0.44061314609375 0.33273441111111113 0.02729462109374996 0.057188727777777774
car 0.43378949140625 0.33100141944444444 0.007798462500000003 0.008664958333333316
car 0.4172177578125 0.33100141944444444 0.00877327109374999 0.012130941666666652
truck 0.2320042671875 0.33620039444444444 0.09260674531249999 0.09704753750000003
traffic sign 0.44646199375 0.2876766263888889 0.035093082031249966 0.019062909722222205
traffic sign 0.49325277031250003 0.2876766263888889 0.03119385078125001 0.02252889305555554
traffic sign 0.39187275390625 0.32580244444444445 0.011697694531249959 0.019062909722222205
drivable area 0 0 0 0
drivable area 0 0 0 0
lane 0 0 0 0
lane 0 0 0 0
lane 0 0 0 0
lane 0 0 0 0
lane 0 0 0 0
lane 0 0 0 0
lane 0 0 0 0
lane 0 0 0 0