traffic light 0.5587858789062501 0.2937738555555556 0.00716392109374997 0.025471722222222225
traffic light 0.72891111015625 0.2684719388888889 0.010029489843750027 0.025471722222222225
traffic light 0.86359283515625 0.23281152916666667 0.00716392031250006 0.03056606527777777
traffic light 0.381120625 0.3611890013888889 0.012895060156249994 0.017830205555555523
traffic sign 0.6817187773437501 0.34335879722222223 0.014327843749999935 0.010188688888888898
traffic sign 0.5756031890625 0.3520191763888889 0.012895059374999995 0.012735858333333322
traffic sign 0.87184925 0.2712738291666667 0.017193411718750086 0.01018868888888886
traffic sign 0.75865928984375 0.28146251666666666 0.03152125468750002 0.01783020555555556
traffic light 0.8761476023437501 0.31457575416666667 0.015760627343749965 0.022924548611111106
person 0.4269697234375 0.3956607388888889 0.012895058593749998 0.05858495833333326
truck 0.43843199765624996 0.3171229263888889 0.08023592109375004 0.15028315416666665
car 0.581710428125 0.3922645027777778 0.012895058593749998 0.02037737777777772
car 0.59890383984375 0.38717015972222224 0.011462274218750058 0.0254717208333333
car 0.640454584375 0.3846229875 0.011462274999999966 0.022924548611111106
car 0.649051290625 0.3769814708333333 0.022924548437499935 0.04075475277777782
car 0.66624470234375 0.36679278055555553 0.03438682343749999 0.06367930277777781
car 0.8871800593750001 0.3718871263888889 0.06447529374999998 0.07896233472222218
car 0.5619379999999999 0.3744342986111111 0.03152125468750002 0.07386799027777778
car 0.3532836734375 0.37370653750000005 0.04155074453125 0.0713208194444444
car 0.11257591015624999 0.31257440694444444 0.2220815671875 0.05094344305555553
car 0 0.3265474555555556 0.43805589609375 0.44320794444444445
car 0.8689836812499999 0.3324059583333333 0.1303833718750001 0.42792491388888887
car 0.934891759375 0.3298587875 0.06304251015624995 0.09933971111111113
car 0.4842810953125 0.33113237083333336 0.08883262734374994 0.15537749861111108
car 0.6066408773437499 0.3820758138888889 0.03725239218750005 0.05349061388888888
car 0.6854440140625 0.36679278055555553 0.08596705859374998 0.10443405694444444
car 0.77857499375 0.34641540694444445 0.07163921640624996 0.10188688194444444
traffic sign 0.80207268046875 0.32094368472222223 0.017193411718749906 0.015283031944444442
drivable area 0 0 0 0
drivable area 0 0 0 0
drivable area 0 0 0 0
lane 0 0 0 0
lane 0 0 0 0
lane 0 0 0 0
lane 0 0 0 0
lane 0 0 0 0
lane 0 0 0 0