traffic sign 0.852015125 0.20693872638888888 0.013431119531250068 0.033061218055555563
traffic sign 0.6734156773437501 0.36551012638888886 0.008265303906249955 0.018367341666666686
traffic sign 0.348175946875 0.36428564166666666 0.009298467968750002 0.022040809722222183
traffic sign 0.6196395367187499 0.3586223708333333 0.00826530468750004 0.011020406944444498
car 0.33784431640625 0.44816317083333335 0.02169642343750002 0.04040815416666664
car 0.28515300078125 0.4371427638888889 0.056823967187500025 0.06979590416666663
car 0.23039536015625 0.44265296805555554 0.06715559765624998 0.08632651250000005
car 0.55584171796875 0.4199999222222222 0.022729587500000027 0.031224480555555562
car 0.53827794765625 0.39979584444444444 0.020663260937500018 0.06428570000000002
car 0.5703060007812499 0.41265298333333333 0.025829076562500042 0.05510202916666671
car 0.58167079453125 0.4071427805555556 0.027895401562499967 0.06428570000000002
car 0.59613507734375 0.38663257083333336 0.06250636406250001 0.09397958333333334
car 0.6245470609375 0.40867338333333336 0.07645406562499994 0.0918367138888889
car 0.87353935546875 0.3783672666666667 0.1250127273437501 0.27551014583333333
truck 0.35368614453124997 0.37653053194444447 0.05269131484375 0.12489793194444446
bus 0.39448044609375 0.21759561805555555 0.15290813124999997 0.3636733930555555
car 0.133622415625 0.4530611222222222 0.11468109765625004 0.10653059027777777
car 0.6856758804687499 0.37224481249999997 0.15084180546874998 0.1689795583333334
drivable area 0 0 0 0
lane 0 0 0 0
lane 0 0 0 0
lane 0 0 0 0
lane 0 0 0 0