traffic light 0.5254810601562501 0.08177614861111111 0.01481326249999997 0.06791578194444443
traffic light 0.40697494531249995 0.3090861236111111 0.00857610156250006 0.01940450694444442
traffic light 0.95974359765625 0.07207389444444444 0.023389364843750114 0.07484596666666668
traffic light 0.9363542328125 0.07207389444444444 0.02260971953124997 0.0803901125
traffic sign 0.33212897890625 0.28136539444444447 0.014813264062500008 0.04296712916666665
traffic sign 0.24402903828125 0.18434284444444443 0.045999082031250006 0.03880902222222223
person 0.24091045625000002 0.3340347791666667 0.016372557031249978 0.0845482194444444
person 0.23155471015625 0.3312627055555556 0.014033618749999999 0.06375767638888886
person 0.20114853593749998 0.32710459583333334 0.021050428125 0.08593426111111108
person 0.28457060390625 0.34512306944444443 0.01481326249999997 0.02910676527777775
traffic sign 0.49897311328124994 0.34512306944444443 0.00779645468750001 0.015246402777777807
car 0.45219438359374997 0.37007172638888886 0.015592910156250018 0.023562616666666654
car 0.466228003125 0.36452758055555556 0.016372555468749984 0.045739201388888914
car 0.47168552109375 0.36868568888888886 0.04054156562499998 0.056827494444444446
car 0.64554646484375 0.3839320902777778 0.03274510937499997 0.07207389444444448
car 0.404636009375 0.36036947083333337 0.013253971875000038 0.03187884027777778
car 0.3773484171875 0.3506672152777778 0.018711491406250013 0.06375767638888889
car 0.304061740625 0.3229464875 0.08498135703125001 0.1372176027777778
car 0.413212109375 0.35621136111111107 0.043660147656249926 0.05821353055555557
car 0.49195630390625 0.37838794444444446 0.06782915781250001 0.06930182083333333
car 0.5722597890625 0.3672996527777778 0.0818627765625 0.08870633194444445
traffic light 0.2268768375 0.242556375 0.023389364843749982 0.051283347222222234
drivable area 0 0 0 0
lane 0 0 0 0
lane 0 0 0 0
lane 0 0 0 0
lane 0 0 0 0
lane 0 0 0 0
lane 0 0 0 0
lane 0 0 0 0
lane 0 0 0 0
lane 0 0 0 0