traffic light 0.56758191484375 0.5235752597222222 0.005457522656250014 0.012474325000000007
traffic light 0.5590058164062499 0.5360495875000001 0.0038982257812500087 0.011088293055555533
traffic light 0.49117665859375004 0.5291194041666667 0.003898227343750005 0.015246401388888841
traffic light 0.5894119890625 0.43625496666666663 0.006237165624999985 0.024948651388888896
traffic light 0.36331479921875 0.4307108222222222 0.008576096875000027 0.026334690277777798
traffic light 0.58083588984375 0.4334828875 0.006237164843750076 0.029106768055555517
traffic light 0.7203924328125 0.4390270388888889 0.010135391406249994 0.04019506111111113
traffic light 0.3718909 0.4307108222222222 0.011694682812500013 0.03187883333333335
traffic sign 0.6215719375 0.5247456625 0.007722456249999965 0.01830508055555558
traffic sign 0.6198558359375 0.5110168527777778 0.01115465859375 0.012203386111111077
traffic light 0.49766939765625 0.5293219333333333 0.006864403906249983 0.01830508055555558
car 0.55430074375 0.5659320958333334 0.010296607812500014 0.018305084722222236
car 0.58674660859375 0.5659320958333334 0.008740565624999964 0.021505240277777758
car 0.253983003125 0.5659320958333334 0.03346397578125 0.027457622222222176
car 0.13128175390625002 0.5445761680555555 0.07808261328124996 0.05644066666666671
car 0.0609215984375 0.5277965083333334 0.08151481640625 0.08999998333333331
car 0.00257415390625 0.5232202402777778 0.11926904375 0.10067794305555554
car 0.0008580507812500001 0.5293219333333333 0.0680021875 0.10317210277777783
car 0.346652475 0.5567795555555556 0.05319914296874999 0.06711862916666662
car 0.41186432812499996 0.5644066722222222 0.038612278906250005 0.03813559027777779
car 0.4564829640625 0.5461015958333333 0.031747875781250025 0.05644066666666663
car 0.489946940625 0.5506778625000001 0.06606990234375001 0.05186439999999995
car 0.59548717578125 0.56288125 0.025741521093750032 0.0350847375
car 0.799188428125 0.5064405819444444 0.14243641406250002 0.18152538749999994
car 0.63724565859375 0.4901694152777778 0.18047664218750006 0.23644063472222215
person 0.24025419218750002 0.5601355041666667 0.012012710937499982 0.05338981944444438
person 0.17933259375 0.564711775 0.008580506250000019 0.04576270694444441
person 0.18533894765625 0.5555592333333333 0.01630296484375 0.056440669444444404
person 0.32863341328125 0.5692880444444444 0.01115465703124996 0.03813558750000002
car 0.9272222265625001 0.5041249486111111 0.07077302187499993 0.040806066666666634
car 0.9434808945312501 0.5126262125 0.05642713828124997 0.07662308055555561
car 0.5618804117187499 0.5619335444444444 0.028691763281250005 0.03230480277777777
drivable area 0 0 0 0
drivable area 0 0 0 0
drivable area 0 0 0 0
lane 0 0 0 0
lane 0 0 0 0
lane 0 0 0 0
lane 0 0 0 0
lane 0 0 0 0