traffic sign 0.22406531328125 0.39765858611111116 0.019500565624999976 0.02447129861111108
traffic sign 0.18735836640625 0.4302869847222222 0.00917673671874999 0.018353472222222205
traffic light 0.15638688125 0.43096673055555557 0.010323828125000012 0.018353472222222205
traffic light 0.10591483046875001 0.41669180694444446 0.011470921093749985 0.016314199999999977
traffic light 0.12082702578125 0.43708455416666664 0.011470921093750008 0.01631419861111109
traffic light 0.196535103125 0.41669180694444446 0.009176735937499991 0.028549845833333306
car 0.15523978828125 0.4710724777777778 0.020647658593749996 0.03262839722222218
car 0.1735932609375 0.4710724777777778 0.013765105468750006 0.0224320222222222
car 0.18506418046875 0.47311175555555557 0.028677303124999987 0.030589119444444417
car 0.0015294484375 0.46903320416666666 0.03900113125 0.03670694722222218
car 0.04282476484375 0.45679755416666673 0.051619143750000006 0.05302114444444438
car 0.07494334375 0.4547582805555556 0.09520864296875 0.11419938888888884
traffic light 0.06232532890625 0.40037760833333336 0.005735461718750001 0.020392748611111088
traffic light 0.0829729875 0.39018123472222227 0.006882553125000001 0.02651057222222219
drivable area 0 0 0 0
drivable area 0 0 0 0
lane 0 0 0 0
lane 0 0 0 0