1 0.25618577578125 0.48564089583333336 0.045911428906249975 0.05386941111111112
1 0.1999327984375 0.4962515375 0.03764737265625 0.057134223611111104
1 0.51105979453125 0.49741755694444445 0.03581091562500003 0.06856106944444444
1 0.5459524828125 0.4990499611111111 0.02662862812500002 0.05550181666666671
1 0.55788945234375 0.5088444 0.03672914453125005 0.058766630555555505
1 0.581763396875 0.4990499611111111 0.06335777187499998 0.08325272499999999
1 0.61416375234375 0.5100104208333333 0.09182285859375003 0.09467957083333339
1 0.0014283421875 0.4868822013888889 0.0587666296875 0.0963119763888889
1 0.27689691875 0.5015738569444445 0.046829657812499995 0.04897219166666665
1 0.0005101148437500001 0.49177942083333337 0.244248803125 0.2579202083333333
1 0.420140578125 0.4770877625 0.10100514531249996 0.1632406361111111
1 0.38983903515625 0.4754553583333333 0.011936971093749981 0.014691655555555547
1 0.37698383359375 0.49341182777777776 0.029383314843749987 0.042442566666666674
1 0.32464480546874996 0.4852497944444445 0.06152131484375003 0.0799879125
1 0.949958471875 0.5848265819444444 0.04866611484375003 0.19915357916666676
0 0.5073722929687501 0.4444396361111111 0.01010051562499994 0.0179564694444445
0 0.3024032765625 0.4521765666666667 0.00734582812500002 0.009794438888888852
0 0.46514836718749997 0.4246588763888889 0.007345827343749977 0.01795646944444442
