truck 0.59383809921875 0.4268992194444444 0.04054156562500007 0.06098560277777775
car 0.58916022578125 0.4495378152777778 0.018711491406249968 0.04573920277777772
car 0.54627972421875 0.43290537777777777 0.04911766718749995 0.08454822222222226
car 0.508856740625 0.4315193416666666 0.05847341171874998 0.12058516944444446
car 0.39970637265625003 0.40934275694444444 0.13409902421874995 0.1898869902777778
car 0.0839499484375 0.36914770416666665 0.36487408984375 0.39086227222222225
traffic sign 0.5423814960937501 0.4296712916666667 0.00935574609374994 0.006930183333333339
traffic sign 0.5423814960937501 0.4130388569444444 0.010135391406249994 0.01801847083333333
traffic sign 0.5377036226562499 0.3991784916666667 0.018711491406250058 0.01247432638888889
traffic sign 0.671802646875 0.37007172638888886 0.014033619531249996 0.029106762499999977
traffic sign 0.78537101171875 0.24810052083333334 0.026507946875000066 0.05405541805555557
traffic sign 0.7947267578125 0.3049280138888889 0.019491137500000023 0.02079054583333332
traffic sign 0 0.2772072847222222 0.02157831015625 0.07207389583333333
car 0.63334013984375 0.4541579319444445 0.015592910156250018 0.0180184736111111
car 0.6520516328125 0.4541579319444445 0.008576099218749977 0.02079054583333328
car 0.65750915078125 0.44861378611111113 0.011694682031250014 0.02772072777777773
car 0.66452596015625 0.44722775000000003 0.024948656250000045 0.03326487222222217
car 0.68401709765625 0.4430696416666666 0.03976191953125001 0.05544145694444451
car 0.6941524890624999 0.44722775000000003 0.03898227421875004 0.05821352638888884
car 0.725338309375 0.4361394583333334 0.053795536718750016 0.09147840555555552
car 0.7362533460937499 0.4458417138888889 0.05691412109375005 0.09702254861111115
car 0.7627612921875 0.4444556777777778 0.09277781328124987 0.12751535000000003
car 0.823573640625 0.4458417138888889 0.17386094453125 0.18018473472222218
car 0.9405204625 0.5179156069444445 0.05769376640625001 0.1718685166666666
traffic light 0.58682128828125 0.3622175208333333 0.008576101562499971 0.02079054861111113
traffic light 0.59227880859375 0.3594454486111111 0.007796455468749919 0.026334693055555566
traffic light 0.6577690296875 0.36637563194444445 0.009355744531250033 0.023562620833333308
drivable area 0 0 0 0
drivable area 0 0 0 0
lane 0 0 0 0
lane 0 0 0 0
lane 0 0 0 0
lane 0 0 0 0
lane 0 0 0 0
lane 0 0 0 0
lane 0 0 0 0
lane 0 0 0 0