person 0.196535103125 0.5227341083333333 0.020647657031250023 0.11012083749999996
traffic sign 0.9046732828125 0.4697129625 0.027530210156250057 0.06117824444444445
traffic sign 0.606654046875 0.4789368666666667 0.01812876718749994 0.01678508333333334
car 0.70010852421875 0.5614803305555556 0.01261801328125003 0.018353475000000053
car 0.70813816875 0.5635196041666666 0.016059289062499982 0.026510575000000043
car 0.7219032734375 0.5533232305555555 0.020647657812499977 0.03670694722222226
car 0.8886139937499999 0.5553625055555556 0.0711197101562501 0.04690332083333336
car 0.73605074765625 0.5553625055555556 0.034412764062500045 0.04690332083333336
car 0.671431221875 0.5614803277777778 0.01835347343749998 0.02651057222222227
car 0.65193065703125 0.5614803277777778 0.01032382968750003 0.014274923611111174
car 0.63357718359375 0.5614803277777778 0.014912198437500024 0.01835347638888894
car 0.6241884640625 0.5628398458333334 0.006069605468749994 0.020404322222222267
car 0.5808109484374999 0.5621600819444444 0.02408893281250002 0.036706945833333296
car 0.48216102968749996 0.5363292722222223 0.05850169609374998 0.09176736527777775
car 0.3846582046875 0.5444863722222222 0.10094410234375002 0.09380663749999998
traffic sign 0.40301167656250003 0.46835344027777775 0.016059289062499982 0.01835347638888894
traffic sign 0.42595351796875003 0.47039271527777776 0.013765105468749983 0.040785495833333366
traffic sign 0.10495558203125 0.15572606388888888 0.03345043984375 0.05591715416666666
traffic sign 0.4088094203125 0.4873294083333334 0.006069606249999993 0.023978690277777777
traffic sign 0.40611181796875 0.5292921166666666 0.006744006250000023 0.0311722986111111
traffic sign 0.613398053125 0.4717432597222222 0.012139212499999986 0.008392541666666632
traffic sign 0.77862621484375 0.5484750680555556 0.012813614062500011 0.028774427777777827
car 0.6194676593749999 0.5628622819444444 0.006744006250000023 0.02158082083333331
car 0.60395644453125 0.5616633472222222 0.018208817187499983 0.028774427777777827
car 0.8352758695312501 0.5544697402777777 0.05260325156249994 0.0431616416666667
drivable area 0 0 0 0
lane 0 0 0 0
lane 0 0 0 0
lane 0 0 0 0
lane 0 0 0 0
lane 0 0 0 0
lane 0 0 0 0
lane 0 0 0 0
lane 0 0 0 0