car 0.0759629828125 0.5184289861111111 0.07876698906249999 0.07069485833333336
car 0.04460913203125 0.5347431833333333 0.10170883124999999 0.06389727638888895
car 0.48636703984374996 0.5315709652777778 0.00535309765625005 0.010876131944444485
car 0.4924848640625 0.5342899972222223 0.007647280468749962 0.010876134722222177
car 0.50854415390625 0.5356495152777777 0.006117824218750023 0.012235651388888947
car 0.511603065625 0.5342899972222223 0.006882552343749992 0.01631419722222221
car 0.5138972500000001 0.5342899972222223 0.007647279687499964 0.0203927472222222
car 0.52230925859375 0.5356495152777777 0.01682401640625004 0.025830816666666735
car 0.481778671875 0.5356495152777777 0.00841200859375002 0.01631419861111117
car 0.47489611875 0.5342899972222223 0.007647279687499964 0.019033231944444395
car 0.41448260390625 0.5220543486111111 0.03670694843750004 0.05845921111111115
car 0.5926642390625 0.5166162833333333 0.04358949921874995 0.10196374027777774
car 0.6129295328125 0.4867069194444445 0.1475925125 0.18217521666666667
car 0.72457982890625 0.547885163888889 0.2737726414062499 0.27326282222222215
car 0.36282097343749997 0.5148271986111111 0.058884059374999964 0.08293050833333335
car 0.53335532890625 0.5352199444444444 0.03441276249999996 0.04078549583333329
car 0.463911846875 0.5361631958333334 0.016059288281250073 0.023111780555555503
car 0.49849344609374996 0.5350668819444444 0.009941464062500049 0.01631419722222221
car 0.00056398984375 0.48317217916666666 0.02064765859375 0.14682778472222222
drivable area 0 0 0 0
drivable area 0 0 0 0
drivable area 0 0 0 0
lane 0 0 0 0
lane 0 0 0 0
lane 0 0 0 0
lane 0 0 0 0
lane 0 0 0 0
lane 0 0 0 0