1 0.41432795625 0.3948568041666667 0.012226070312499981 0.03864042361111109
1 0.32874545703125 0.3972718333333334 0.039395117187499995 0.05796062638888889
1 0.346405340625 0.3876117277777778 0.042112021875 0.05796063194444443
1 0.30836867421875 0.3876117277777778 0.04075357031249997 0.08211089722222221
1 0.20920165468750002 0.28618062361111113 0.10460082734374998 0.1980321583333333
1 0.38036664765625 0.39123426666666666 0.03260285703124999 0.05313057777777775
1 0.53115485390625 0.39123426666666666 0.02037678593750005 0.03864042222222221
1 0.55017318671875 0.3827816736111111 0.04754583046874998 0.06279068333333335
1 0.4211202171875 0.3030858013888889 0.11003463671875 0.20286221250000003
1 0.001358453125 0.20165470277777778 0.22414463125000003 0.3791591333333334
