0 0.2647338796875 0.5424166902777777 0.00839750546875 0.02985780000000007
0 0.232343496875 0.5466820916666667 0.00959715000000001 0.021326998611111096
0 0.29232568359375 0.5680090902777778 0.008397506249999997 0.01706160277777779
0 0.34271072187499996 0.5680090902777778 0.004798575781250003 0.021327002777777753
0 0.41109041640625 0.5466820916666667 0.007197862499999985 0.01919429999999996
1 0.2851278234375 0.5978668930555555 0.0215935875 0.04265400138888893
1 0.32471606484375004 0.5893360930555556 0.022793232031249964 0.038388598611111116
0 0.47587117890624997 0.5722744902777778 0.017994656250000053 0.03838860138888889
1 0.429085071875 0.6170611916666667 0.08037613124999998 0.07890989999999995
1 0.50106369765625 0.6319900916666666 0.05998218749999999 0.08530799999999993
1 0.55144873515625 0.6623432972222223 0.02090010937500004 0.06562495416666671
1 0.19875347265625 0.5808052930555555 0.08877363671874998 0.1236966
1 0.33791214687500004 0.5893360930555556 0.09717114374999998 0.1450236
3 0.10038268359375 0.5978668930555555 0.014395727343750008 0.06611370000000005
3 0.11957698359374999 0.6063976930555556 0.00959715000000001 0.051184799999999975
3 0.13637199687499998 0.6127957930555555 0.014395725781250012 0.04905209861111114
3 0.165163446875 0.6106630916666667 0.013196081250000002 0.05331750138888888
1 0.56464481640625 0.4016584902777778 0.36589134531250006 0.44146890138888895
0 0.46819852656250005 0.5076559013888888 0.015820301562499937 0.03281247638888887
0 0.443149715625 0.5685933597222222 0.013183585156250021 0.014062490277777723
0 0.44578643281249997 0.5451558777777777 0.010546867968750017 0.01874998750000003
