traffic sign 0.24433993515625 0.5040280902777777 0.028791451562500025 0.029857801388888956
traffic sign 0.22514563437500001 0.5040280902777777 0.016795012499999994 0.027725100000000048
traffic sign 0.17955917187499998 0.5082934888888889 0.011996437500000012 0.021327001388888867
traffic sign 0.6570173859375 0.03270138888888889 0.1463565382812499 0.2879145013888889
traffic sign 0.6807218164062501 0.3206158902777778 0.07466635624999993 0.18755627083333334
car 0.19395489609375 0.5637436902777778 0.014395725000000015 0.03412320277777773
car 0.201152759375 0.5680090902777778 0.04198753125000003 0.05331750277777777
car 0.07399052109375 0.5424166902777777 0.033590024218750014 0.03412320416666669
car 0.10398161484374999 0.5274877902777777 0.09117292578125 0.1386255
car 0.21554848437500002 0.5701417902777778 0.1079679375 0.15995249999999991
car 0 0.5189569902777778 0.0955841078125 0.2943126027777779
drivable area 0 0 0 0
lane 0 0 0 0
lane 0 0 0 0
lane 0 0 0 0
lane 0 0 0 0
lane 0 0 0 0
lane 0 0 0 0
lane 0 0 0 0
lane 0 0 0 0