car 0.15812351015624998 0.4964564388888889 0.41014734375 0.2754583263888889
car 0.5893114828125 0.49897105833333333 0.23622887343749993 0.20233008055555557
person 0.48219555859375 0.49897105833333333 0.04208125625000001 0.06971036250000001
person 0.55583775625 0.5346763652777778 0.05260157031250001 0.16492451944444436
car 0.7853718820312501 0.5210743444444444 0.08033694374999997 0.09861466250000003
car 0.96899918203125 0.5236778555555556 0.02947426171875005 0.0306045513888889
car 0.9240487492187499 0.5329761138888889 0.04399404062500008 0.030604552777777787
car 0.86188325703125 0.5295756083333334 0.058339921874999943 0.03910581527777776
drivable area 0 0 0 0
drivable area 0 0 0 0
lane 0 0 0 0
lane 0 0 0 0
lane 0 0 0 0
lane 0 0 0 0
lane 0 0 0 0
lane 0 0 0 0