0 0.857114275 0.3309372666666667 0.02373045234374995 0.04453121805555556
0 0.82679203046875 0.33796851111111115 0.014501942968749936 0.04218747083333333
0 0.5749855625 0.4364059430555556 0.009228509374999926 0.023437483333333297
0 0.51697778984375 0.42703095 0.009228509375000016 0.025781233333333296
0 0.8136084453124999 0.29343729166666666 0.06064448984375002 0.03984372222222225
0 0.85184084140625 0.23249983333333332 0.034277319531249975 0.035156226388888906
0 0.6092628828125 0.3285935166666667 0.06459956406250003 0.04453121805555556
1 0.50888636875 0.4816402944444444 0.018457018750000033 0.03281247500000006
1 0.5233883125000001 0.47460904861111114 0.015820301562499937 0.016406240277777723
1 0.48120084140625 0.4863277902777777 0.011865225781249933 0.021093736111111146
1 0.45087859609375 0.4792965458333333 0.042187471093749984 0.06796870277777782
1 0.354638428125 0.46289030555555555 0.05668941406250001 0.10078118194444446
1 0.58798787734375 0.47460904861111114 0.011865225781249933 0.023437483333333297
1 0.59457966953125 0.4769527972222223 0.013183584375000024 0.02109373472222218
1 0.603808178125 0.4769527972222223 0.014501943750000024 0.03046872916666664
1 0.6117183296875 0.47460904861111114 0.014501943750000024 0.03749997638888887
1 0.61699176328125 0.47226529861111116 0.027685528906249958 0.049218718055555555
1 0.25444318359375 0.47226529861111116 0.06459956484374998 0.13359365833333334
1 0.4891109921875 0.4791291208333333 0.02241209375000004 0.03749997500000006
1 0.3825052265625 0.4739059166666667 0.08041986640625001 0.10312492916666662
1 0.524887940625 0.4645309236111111 0.06723628281249994 0.10078118194444446
3 0.6764991648437501 0.4645309236111111 0.02373045234374995 0.08203119305555553
3 0.8465674070312501 0.46687467222222223 0.0474609046874999 0.21093735416666665
1 0.03973202421875 0.45281218055555555 0.24257795859375003 0.23906233611111113
1 0.0001812703125 0.30046853749999997 0.34804663593749996 0.3656247486111111
0 0.69891125859375 0 0.06855464062500002 0.09421867916666668
