car 0.45742276562499995 0.3925773888888889 0.028994849218750042 0.049484544444444445
car 0.40407224218750004 0.39051553194444444 0.009278353906249936 0.02268041388888891
car 0.3866753328125 0.3768041875 0.01739691015625002 0.03432990694444445
car 0.35536089375 0.36824748055555556 0.02203608749999999 0.04288661111111109
car 0.34260316015625 0.3843299625 0.01159793828125002 0.016494851388888856
car 0.3183634546875 0.3685567611111111 0.023079910156249994 0.034329902777777796
car 0.28693304765625 0.38020625277777775 0.03595361328125 0.03711340555555556
car 0.26124359921874996 0.3742268625 0.026675263281250007 0.03917527222222227
car 0.2148518390625 0.37628872222222226 0.04639175859374998 0.041237118055555536
car 0.16961987421875 0.35154644999999995 0.046391759374999994 0.06391753194444448
car 0.131056721875 0.37649490416666664 0.04639176093750001 0.04329897638888893
car 0.4853968671875 0.39890470555555557 0.061469081250000016 0.07422681805555556
car 0.40492757734374996 0.3909278958333333 0.04987114296875008 0.06886599166666672
car 0.62396917578125 0.4057732611111111 0.024355674218749977 0.04536083472222224
car 0.6402062921875 0.4140206875 0.028994847656249954 0.04536083333333336
car 0.6703609351562501 0.4119588305555556 0.049871142187499995 0.05567010833333331
car 0.72000013984375 0.4202062569444444 0.029226785156249945 0.055670108333333385
car 0.73067022265625 0.4156701680555555 0.06471649062500004 0.07422681666666667
car 0.79213930625 0.41360831111111107 0.05891752265624994 0.08020620277777779
car 0 0.37690727916666666 0.034793821093749996 0.05567010833333331
traffic sign 0.5162678015625 0.3092784 0.026675262500000053 0.04123711944444442
traffic sign 0.74474721953125 0.3443299527777778 0.011597940625000015 0.0391752652777778
traffic light 0.40268047578125 0.31051551944444444 0.009278353906250026 0.014432993055555541
traffic light 0.46298976328124997 0.33731965138888886 0.010438146874999976 0.0144329875
traffic light 0.33541242265625 0.31670108750000003 0.01507732343749999 0.0164948472222222
car 0.37484541953125 0.37649490416666664 0.011597941406249968 0.026804129166666732
traffic sign 0.41659800234375 0.3600000541666667 0.012757734374999963 0.012371131944444455
traffic sign 0.16585054375 0.31082479166666666 0.014076996093750016 0.029381447222222214
traffic light 0.16701033671875 0.2489691138888889 0.008118557812499993 0.032680426388888864
traffic light 0.1762886890625 0.2510309708333333 0.011597940625000015 0.03298969722222221
car 0.09046393203125 0.3726804736111111 0.037113410156250005 0.028865987499999968
car 0.06082576015625 0.3684372444444444 0.031640603125 0.037499974999999984
drivable area 0 0 0 0
drivable area 0 0 0 0
drivable area 0 0 0 0
lane 0 0 0 0
lane 0 0 0 0
lane 0 0 0 0
lane 0 0 0 0
lane 0 0 0 0
lane 0 0 0 0
lane 0 0 0 0
lane 0 0 0 0
lane 0 0 0 0
lane 0 0 0 0
lane 0 0 0 0
lane 0 0 0 0
lane 0 0 0 0
lane 0 0 0 0
lane 0 0 0 0
lane 0 0 0 0