0 0.2442226625 0.7764405416666667 0.02145126796875001 0.03355931805555549
0 0.232209953125 0.7825422361111112 0.014586862499999987 0.025932198611111013
0 0.36177560703125 0.8313557847222222 0.007722456250000009 0.016779659722222263
0 0.45358702890625 0.8801693347222221 0.006006354687499993 0.015254234722222293
0 0.5574111625 0.8328812097222222 0.019735167187500034 0.021355926388888866
0 0.553978959375 0.8557625597222223 0.02059321796875002 0.03966100972222222
1 0.2279197 0.8119611138888888 0.013728810937500002 0.024406775000000082
1 0.17214640546874999 0.7936560347222223 0.03003177421875001 0.038135586111110974
1 0.00825872578125 0.7326390972222222 0.03174787421875 0.06406778333333342
1 0.254519271875 0.8241645027777779 0.010296608593750011 0.015254234722222135
1 0.27339638671875 0.8272153472222222 0.007722456249999965 0.016779656944444495
1 0.37035611328125 0.8668763597222222 0.01716101406249999 0.01830508055555558
1 0.385801025 0.8729780527777778 0.015444911718749977 0.01830508194444431
1 0.39952983671875 0.8729780527777778 0.01716101406249999 0.024406777777777697
1 0.41240059609374996 0.8760288972222222 0.024025419531250057 0.03355931805555549
1 0.43385186484375 0.89891025 0.029173723437499976 0.02288135138888884
1 0.4492967765625 0.9019610944444444 0.048908890625000014 0.03813558750000002
1 0.49563151328125 0.9187407555555556 0.034322027343750075 0.033559312500000105
1 0.50764422421875 0.9217916055555556 0.0669279515625 0.07627117083333322
1 0.5788624296875 0.9599271902777777 0.07465041015625004 0.0396610111111111
1 0.2957057046875 0.8378933125 0.010296608593749968 0.018305081944444464
1 0.2776866390625 0.8333170430555557 0.018877115625000006 0.03050846944444443
1 0.2999959578125 0.8424695847222221 0.027457621875000005 0.04576270416666672
1 0.310292565625 0.828740775 0.019735164062499998 0.021355929166666638
1 0.341182390625 0.8607746638888888 0.031747874218749986 0.04576270277777784
1 0.00053626796875 0.7158594375 0.00943855703125 0.09762710277777778
