traffic sign 0.29146754609375003 0.5233635000000001 0.012672501562499994 0.02252889305555554
car 0.448411609375 0.6048141111111112 0.011697694531249959 0.013863934722222224
car 0.43963833828125 0.6013481291666667 0.012672501562499949 0.024261883333333303
car 0.4240414140625 0.6048141111111112 0.018521348437499974 0.0259948777777778
car 0.40746967968750003 0.6030811208333333 0.022420580468750017 0.03812581944444441
car 0.36067890390625 0.6204110375 0.008773270312499993 0.025994876388888914
car 0.36847736484375 0.6204110375 0.007798463281250001 0.02252889305555554
car 0.34605678515625 0.6204110375 0.02047096484375004 0.031193851388888937
car 0.25150042421875 0.6342749722222222 0.03899231484375001 0.057188727777777774
car 0.48058026875 0.5996151375 0.006823653906250016 0.017329915277777826
car 0.48545430703125003 0.5978821444444444 0.015596925781250003 0.02252889305555554
car 0.4952023859375 0.5996151375 0.013647308593750029 0.02599487500000003
car 0.50592527109375 0.5909501805555556 0.018521350000000058 0.04332479166666666
car 0.51762296640625 0.5788192361111111 0.024370196093749998 0.05025676249999999
car 0.53516950703125 0.5736202597222223 0.039967121875 0.0710526625
car 0.5546656640625 0.5770862444444445 0.06238770234375002 0.07625163611111113
car 0.57221220625 0.5788192361111111 0.05166481484374996 0.09011557083333335
car 0.5839099 0.5701542777777777 0.09845559218749997 0.1369063458333333
car 0.65409606484375 0.5094995694444445 0.21055849374999988 0.2599487583333333
car 0.37432621250000003 0.5996151375 0.037042698437499945 0.058921718055555614
car 0.2748958125 0.6134790708333333 0.083833475 0.09358155277777777
person 0.25247523203125 0.6134790708333333 0.018521349218750018 0.08838257777777782
truck 0.11795175 0.5684212861111111 0.12575021171875 0.15596925555555557
car 0.055564046874999995 0.6446729222222223 0.1686417578125 0.17676515555555558
bus 0 0.5337614513888889 0.12282578828124999 0.2668807263888888
car 0.811040128125 0.5112325597222223 0.18716310703124997 0.32753543611111113
car 0.45913449531249995 0.6013481291666667 0.015596926562500002 0.01906290833333328
traffic sign 0.6171685539062499 0.47805050000000004 0.014099803906250052 0.016114061111111036
drivable area 0 0 0 0
drivable area 0 0 0 0
lane 0 0 0 0
lane 0 0 0 0
lane 0 0 0 0
lane 0 0 0 0
lane 0 0 0 0
lane 0 0 0 0
lane 0 0 0 0
lane 0 0 0 0
lane 0 0 0 0
lane 0 0 0 0
lane 0 0 0 0
lane 0 0 0 0
lane 0 0 0 0
lane 0 0 0 0