traffic light 0.45132705624999997 0.4694232847222222 0.008900195312499993 0.028549845833333382
traffic light 0.516817128125 0.4802994166666667 0.00994146406249996 0.021752269444444434
traffic light 0.399049009375 0.555072825 0.011470920312499988 0.016314199999999977
traffic sign 0.57264227578125 0.4830184513888889 0.009941465624999956 0.024471297222222275
traffic sign 0.57264227578125 0.5278824972222222 0.011470921874999984 0.012235648611111098
traffic sign 0.60288378359375 0.5074897486111112 0.00917673671874999 0.027190333333333268
person 0.21704373124999998 0.5659489597222223 0.029059667187500037 0.13595165833333336
car 0.61699650234375 0.5601401236111111 0.03211857890624996 0.08293050833333335
car 0.6292321507812499 0.5601401236111111 0.07417862109374998 0.10876132777777778
car 0.5491442640625 0.5479044777777777 0.07876699062499996 0.13051358472222224
car 0.34913311640625 0.5696567416666667 0.06423715703125002 0.11148035555555554
car 0.00062569375 0.7192035611111111 0.08947318203125 0.28006040277777783
car 0.26522159843750004 0.5886899722222222 0.1238859421875 0.14546826805555552
car 0.4059315625 0.5098380138888889 0.15447506640624997 0.26102717499999994
truck 0.683180228125 0.391560075 0.31583268359375005 0.41465254166666665
traffic light 0.44559591875000004 0.4648589083333334 0.011462274999999966 0.03311323749999996
car 0.9552910304687501 0.769245973611111 0.0429835289062499 0.229245488888889
drivable area 0 0 0 0
drivable area 0 0 0 0
drivable area 0 0 0 0
lane 0 0 0 0
lane 0 0 0 0
lane 0 0 0 0