traffic light 0.1356883109375 0.4867105291666667 0.01099095390625 0.01953947361111111
traffic light 0.33852137109374997 0.46006579166666667 0.013988487500000035 0.033750000000000016
traffic light 0.25259209453125 0.5719736875 0.007993421093750008 0.012434211111111104
traffic light 0.31953699609375 0.5897368458333333 0.007993421093749963 0.010657894444444496
traffic sign 0.3595041015625 0.47250000277777776 0.0329728625 0.024868422222222207
traffic sign 0.0657458765625 0.5080263180555555 0.038967928124999995 0.01953947361111111
car 0.13269077812500002 0.6252631611111111 0.03896792812499998 0.028421054166666612
car 0.07673683046874999 0.6199342138888889 0.05195723750000001 0.04440789305555555
car 0.19164225859375 0.6110526333333334 0.029975328906249987 0.03552631805555559
car 0.222616765625 0.6181578986111111 0.016986019531250028 0.024868422222222207
car 0.28856248984375 0.5773026347222222 0.318737665625 0.42098684444444445
traffic sign 0.4164572265625 0.46717105555555555 0.015986842968750015 0.026644736111111123
truck 0.34751396953125 0.5275657916666667 0.14088404765624998 0.06394736805555555
drivable area 0 0 0 0
lane 0 0 0 0
lane 0 0 0 0
lane 0 0 0 0
lane 0 0 0 0