traffic sign 0.37042698125 0.3292684277777778 0.020470964843749995 0.029460858333333284
car 0.46205891796875004 0.3933891222222222 0.007798463281250001 0.012130941666666692
car 0.45133603203124995 0.38645715555555554 0.015596924218750008 0.02599487500000003
car 0.42891545234375006 0.37779219583333334 0.025345003906249986 0.04679077638888892
car 0.40552006484375 0.37952518749999997 0.03314346562499999 0.05718872916666666
car 0.10527924765625 0.36739424583333335 0.21153330234374995 0.2183569569444444
car 0.498126809375 0.3951221138888889 0.008773270312499993 0.017329916666666632
car 0.50397565625 0.3985880972222222 0.010722887499999967 0.01906290833333336
car 0.51177411875 0.3951221138888889 0.017546541406249984 0.031193851388888857
car 0.52152219765625 0.3968551041666667 0.015596925781250003 0.025994874999999952
car 0.53224508359375 0.39165613194444443 0.033143467187500074 0.045057784722222195
car 0.3392331296875 0.3604622791666667 0.07603501171875 0.10051352083333333
car 0.5605145109375 0.3968551041666667 0.052639624218750035 0.08145061249999996
car 0.60925490390625 0.3985880972222222 0.12185098124999998 0.15250327361111116
car 0 0.3569962958333333 0.17936464453125 0.4211169875000001
car 0.8597805203125001 0.49390264305555553 0.13939752109374998 0.29807457916666674
car 0.47668103593750005 0.39165613194444443 0.015596925781249915 0.024261883333333303
drivable area 0 0 0 0
drivable area 0 0 0 0
drivable area 0 0 0 0
lane 0 0 0 0
lane 0 0 0 0
lane 0 0 0 0
lane 0 0 0 0
lane 0 0 0 0
lane 0 0 0 0
lane 0 0 0 0
lane 0 0 0 0
lane 0 0 0 0
lane 0 0 0 0