0 0.47839709296875005 0.4040205777777778 0.007345829687499972 0.021221283333333375
0 0.4646236640625 0.3991233569444444 0.008264060156249985 0.022853690277777776
0 0.3529058484375 0.41136640694444443 0.008264059374999988 0.0179564694444445
1 0.39973550703125 0.44891175277777773 0.03672914140625001 0.06366385000000005
1 0.32719544765625 0.4554413791666667 0.036729143750000005 0.05386940972222223
1 0.2711835046875 0.44401453194444446 0.05509371484374999 0.08325272222222221
1 0.15042254609375 0.45190295138888886 0.047302671874999994 0.0342805347222223
1 0.10634757421875 0.4470057319444445 0.04682966015624999 0.09141475000000002
1 0.0004591140625 0.4538089736111111 0.15058948906249997 0.20405080138888892
1 0.16849494453125 0.43911731666666665 0.11110566015625001 0.12406288333333329
1 0.36499586171875 0.4374849083333333 0.0321380015625 0.05876662638888893
1 0.41825312031250006 0.4587061902777778 0.09825045546875 0.15181379444444443
0 0.5927165515625 0.17466748055555556 0.02754686015625003 0.12896010416666667
