3 0.983703496875 0.6945062361111111 0.011483934374999904 0.03827978611111117
3 0.9908809578125 0.7583058791666667 0.007177457031250079 0.06124765694444439
3 0.93920324765625 0.7187500986111112 0.033734060156250044 0.10463141527777774
3 0.8918320124999999 0.7200260930555555 0.03373406093750013 0.10590740694444443
3 0.87029963046875 0.7174741097222223 0.023685617187499907 0.09442347222222212
3 0.8365655695312499 0.7187500986111112 0.0165081578125001 0.12632329861111108
3 0.8494849984374999 0.7225780777777777 0.020096886718750005 0.11866733611111108
3 0.8164686828125 0.7225780777777777 0.0244033632812501 0.12121932361111112
3 0.8078557296875 0.7315100277777778 0.012201682031250095 0.10335542361111104
3 0.79421855703125 0.7047141791666667 0.01435492109375005 0.03827978749999998
3 0.7863233507812499 0.7289580416666667 0.020096886718750095 0.06635162777777784
3 0.75617801953125 0.7429939666666666 0.02799209453125 0.08166354305555565
3 0.73536338515625 0.7353380069444444 0.021532380468750036 0.08293953611111123
3 0.71167776796875 0.7340620152777777 0.02225012265624997 0.07783556666666666
3 0.67840046171875 0.7429939666666666 0.024403365625000006 0.09952743750000002
3 0.45133173437499996 0.7672378291666667 0.00789520546875 0.057419677777777796
3 0.43625906875 0.7736177944444445 0.010766189843749973 0.06379964166666667
3 0.4068314828125 0.7799977583333333 0.010766189062500065 0.05614368888888887
3 0.41903316484375 0.7748937875 0.012919428125000021 0.06379964305555556
0 0.8530737281249999 0.5630789694444445 0.033734060156250044 0.026795850000000045
0 0.8509204890625 0.43292769861111113 0.044500251562499926 0.12887528333333337
0 0.41394368515625 0.5847708513888888 0.018661395312499975 0.024243865277777762
0 0.41968565390625 0.7136461305555555 0.0157904109375 0.017863895833333428
0 0.346801815625 0.6230506347222222 0.007895207812499994 0.03317581944444446
0 0.34249533906249996 0.6217746430555556 0.0064597140625000105 0.03572780000000001
0 0.20397036328125 0.7493739291666667 0.005741968749999993 0.0165879069444445
0 0.1243005609375 0.6664343930555555 0.008612949999999998 0.0331758083333333
1 0.21904302890625 0.7953096708333334 0.01866139453125002 0.02679585138888885
1 0.29297086640625 0.7851017291666667 0.015072664843750028 0.028071844444444435
1 0.23626893359375 0.7634098513888888 0.03158082499999999 0.05231571111111116
0 0.116405353125 0.7327860222222223 0.021532378906249993 0.012759924999999978
1 0.0747760859375 0.7340620152777777 0.12058132968749999 0.15949911388888896
1 0.30086607265625 0.7876537152777778 0.05670192968750003 0.0816635416666666
1 0.22909147343749997 0.7889297083333334 0.07249234609375002 0.11228737361111109
1 0.451103353125 0.6826561847222222 0.24188039609374998 0.3164462277777778
1 0.0003189859375 0.7810715638888889 0.147137928125 0.2181947833333333
