traffic sign 0.6604750953125 0.36346161388888887 0.11279843281249997 0.20948280416666662
traffic sign 0.6977388625 0.2828913069444444 0.03222812265625006 0.08594166249999999
traffic sign 0.588968946875 0.5478780986111111 0.023163962499999968 0.057294441666666605
traffic sign 0.5537194359375001 0.6230770555555556 0.013092675781249952 0.01253315833333338
traffic light 0.43387110078125 0.6051725430555556 0.008057030468749993 0.03222812361111112
traffic light 0.44595664765625004 0.5281831361111111 0.010071288281250012 0.03401857500000002
traffic light 0.5557336937499999 0.5622017111111112 0.009064158593750005 0.02864722222222219
car 0.43789961718750003 0.6588860833333333 0.020142576562499938 0.02506631805555549
car 0.36437921093750003 0.6660478861111111 0.014099803906250008 0.02864722222222219
car 0.328122571875 0.6696287902777778 0.03726376562499998 0.04118038055555557
car 0.26870196796875 0.6714192402777778 0.05136357187500003 0.04834218611111104
car 0.37344336953125 0.6535147277777777 0.04632792734375002 0.059084893055555594
car 0.4610635796875 0.6445624708333333 0.09869862890625 0.13249339722222228
bike 0.5929974609374999 0.6946951055555556 0.03021386796875003 0.0751989569444444
bike 0.6433539046875 0.7125996208333334 0.042299412500000064 0.13070294722222225
car 0.6655107390625 0.6553051805555555 0.09366298437499995 0.07877985416666675
person 0.719895696875 0.6499338236111112 0.022156835156249954 0.11279843194444447
traffic light 0.22841681328125 0.4744695986111111 0.00906416015625 0.04476128055555553
traffic light 0.21230275078125 0.4816314013888889 0.010071289843750008 0.032228125
traffic sign 0.31704415390624996 0.5657826138888888 0.018128319531250003 0.0447612819444445
traffic sign 0.32006553984375 0.6177057013888889 0.00805703203124999 0.03580902638888885
traffic light 0.5051125640625 0.6145308208333333 0.009228507812500019 0.02578123194444441
traffic light 0.56707541171875 0.6239058138888889 0.010546867968750017 0.021093736111111146
traffic light 0.18343309765625 0.6239058138888889 0.013183584375000001 0.028124980555555606
person 0.8557959164062501 0.6332808069444444 0.03427732031249988 0.16640613611111107
drivable area 0 0 0 0
drivable area 0 0 0 0
drivable area 0 0 0 0
lane 0 0 0 0
lane 0 0 0 0
lane 0 0 0 0
lane 0 0 0 0
lane 0 0 0 0
lane 0 0 0 0
lane 0 0 0 0
lane 0 0 0 0
lane 0 0 0 0
lane 0 0 0 0
lane 0 0 0 0
lane 0 0 0 0
lane 0 0 0 0
lane 0 0 0 0
lane 0 0 0 0