traffic light 0.21738215 0.0178124875 0.03987902187500003 0.12429283333333334
traffic light 0.17644022109375 0.001406248611111111 0.036067889062500004 0.14243206527777777
traffic sign 0.22030657421875 0.4384469069444445 0.03996712031250001 0.024261883333333303
traffic sign 0.23980273046875 0.47830571666666666 0.03314346640624999 0.027727868055555563
traffic light 0.24077753828124998 0.5077665777777778 0.015596925000000006 0.038125815277777836
traffic light 0.22225618906250003 0.5025676 0.017546541406249984 0.04679077777777773
traffic light 0.57903586015625 0.24088584861111112 0.01949615703125005 0.07971761944444443
traffic light 0.5556404710937499 0.23915285833333333 0.025345003906250073 0.0814506125
traffic sign 0.69113876328125 0.4055200638888889 0.035093082031250056 0.02252889305555554
traffic light 0.7242822304687501 0.47137375 0.015596924999999918 0.03639282777777776
traffic light 0.71160972734375 0.4731067416666667 0.013647310156250026 0.03292684027777774
traffic sign 0.65019683203125 0.48523768333333334 0.01852134921875006 0.019062906944444475
traffic sign 0.6151037515625 0.5025676 0.02047096484374995 0.04332479305555555
traffic sign 0.54589239296875 0.5701542763888889 0.009748078124999981 0.015596926388888871
traffic light 0.52542142890625 0.5597563277777778 0.00877327109374999 0.02079590000000001
traffic light 0.4971520015625 0.5580233347222222 0.007798462500000003 0.02079590000000001
car 0.5176229671875 0.5892171875 0.010722885156249973 0.017329916666666632
car 0.52834585234375 0.5857512027777777 0.007798462500000003 0.020795901388888892
car 0.53614431484375 0.5909501777777778 0.011697694531249959 0.02252889305555554
car 0.5468672015625 0.5909501777777778 0.006823654687500014 0.034659834722222234
car 0.5546656640625 0.5892171875 0.012672501562500039 0.04159180000000002
car 0.56343893515625 0.5874841944444444 0.028269427343750042 0.055455734722222164
car 0.49520238515625004 0.5892171875 0.00974807890624998 0.022528891666666655
car 0.47960546015625 0.5944161625000001 0.013647310156250026 0.025994873611111066
car 0.46790776640625 0.5996151375 0.011697693750000049 0.027727868055555563
car 0.4571848796875 0.5926831708333333 0.013647310937500023 0.039858809722222256
car 0.44646199375 0.5996151375 0.014622117187500016 0.04159180000000002
car 0.43768872265625003 0.5996151375 0.014622118750000013 0.04332479444444443
car 0.42404141328125 0.5892171875 0.016571733593749992 0.060654709722222186
car 0.38797352265625 0.5718872694444445 0.039967121874999956 0.09531454722222227
car 0.3197369734375 0.5788192361111111 0.08090905156249999 0.11264446250000001
car 0.5751366296875 0.5736202611111112 0.06628693281249998 0.08664958472222221
drivable area 0 0 0 0
lane 0 0 0 0
lane 0 0 0 0
lane 0 0 0 0
lane 0 0 0 0
lane 0 0 0 0
lane 0 0 0 0
lane 0 0 0 0
lane 0 0 0 0
lane 0 0 0 0
lane 0 0 0 0
lane 0 0 0 0
lane 0 0 0 0
lane 0 0 0 0
lane 0 0 0 0