person 0.14124562578125 0.4504684319444444 0.025048811718749998 0.04218747083333333
person 0.8716162179687499 0.45515593055555553 0.021093735156250126 0.07499994583333332
person 0.8768896523437499 0.4481246847222222 0.043505829687500074 0.2132811041666667
person 0.9757665375 0.4457809375 0.02373045312500004 0.21796859861111118
car 0.452378225 0.4809371611111111 0.01186522656250002 0.02109373472222218
car 0.44446807421875 0.4809371611111111 0.01186522656250002 0.023437484722222183
car 0.4365579234375 0.4809371611111111 0.013183584375000024 0.03046872916666664
car 0.42732941406249997 0.48328091111111116 0.014501942968750025 0.035156224999999985
car 0.41678254609375004 0.48328091111111116 0.015820301562499937 0.03984372222222221
car 0.402280603125 0.48328091111111116 0.018457017968750034 0.046874968055555556
car 0.3825052265625 0.4809371611111111 0.02109373593749999 0.049218718055555555
car 0.19793504140625 0.4692184208333333 0.07778314921875 0.1453124
car 0.1096050234375 0.4809371611111111 0.14501943203125 0.18046862777777778
car 0.4932473375 0.48328091111111116 0.009228508593750018 0.02578123194444441
car 0.49720241249999997 0.48328091111111116 0.01713865937500003 0.03984372222222221
car 0.5214576421875 0.47859341388888893 0.00870373359375005 0.05390621249999994
car 0.5209328656250001 0.4762496666666667 0.036914036718749973 0.07265619861111108
car 0.53279809140625 0.49265590416666666 0.032958961718750054 0.07265620000000005
car 0.553891828125 0.47156216805555556 0.035595678124999974 0.11718741944444441
car 0.5644386953125 0.4645309236111111 0.12128897968749994 0.1453124
car 0.261216246875 0.43640594444444447 0.13710928046875 0.2015623597222222
car 0.5868507890625 0.49499965277777774 0.19775377031250008 0.22499984583333332
car 0 0.47156216805555556 0.1583842859375 0.25781232361111106
traffic sign 0.2743998328125 0.38953097500000006 0.013183584374999979 0.023437483333333297
traffic sign 0.74637216328125 0.2981247875 0.019775377343750032 0.03046872916666668
car 0.48006375234375 0.48328091111111116 0.013183585156250021 0.018749986111111068
drivable area 0 0 0 0
lane 0 0 0 0
lane 0 0 0 0