0 0.3197311234375 0.09675542083333334 0.028315672656250034 0.042711855555555546
0 0.1867332671875 0.25387403611111115 0.02488346874999998 0.03966100833333333
0 0.51794083125 0.10743338472222222 0.027457621875000005 0.044237277777777785
0 0.63120352265625 0.2676028458333333 0.0223093171875 0.03661015972222224
0 0.349762896875 0.42777230694444446 0.015444912500000019 0.02745762361111114
0 0.63439058125 0.3554236611111111 0.01973516562499995 0.038135588888888905
0 0.02370363671875 0.2676028458333333 0.0171610140625 0.03966100972222222
0 0.74924679375 0.27828081111111114 0.012012708593749987 0.04118642916666665
0 0.29962823515625 0.42668272777777777 0.009438557812500026 0.01677965555555553
0 0.23135190390625 0.40532680000000004 0.012870760156250017 0.024406774999999926
0 0.00139431953125 0.17150116944444443 0.051483040625 0.1311864180555556
0 0 0.30573843194444444 0.030568040624999997 0.04118643333333331
0 0.73649861171875 0.19002417361111112 0.07550845859375004 0.12813556944444443
0 0.747653271875 0.32121059027777776 0.04805083671875003 0.042711855555555546
0 0.43103256874999996 0.28154958055555557 0.03346397734374999 0.04881355000000001
0 0.40271689609375 0.28002415694444444 0.028315672656249992 0.04271185833333335
3 0.67507137578125 0.43855923888888887 0.024883470312499954 0.08237286805555558
3 0.6270205375 0.4629660138888889 0.01973516562500004 0.04728812777777781
3 0.71368365703125 0.42483042777777774 0.03260592578125001 0.18762708333333333
3 0.7737472046875 0.4202541569444444 0.0446186359375 0.2044067416666667
3 0.8758552359375 0.45991516666666665 0.04032838281249997 0.14491522916666671
3 0.91360946640625 0.4629660138888889 0.04376058671875001 0.1586440361111111
0 0.6256874953125 0.3957384152777778 0.014586861718750033 0.027457622222222176
0 0.14211463124999998 0.37176748472222226 0.030889825000000017 0.08084744166666663
0 0.17300445625 0.3702420611111111 0.02574151874999999 0.08542371250000005
1 0.34289849140625 0.4983776305555555 0.020593216406249983 0.03355931527777779
1 0.2914154515625 0.5029538986111111 0.024025417968750018 0.024406776388888888
1 0.38923322890625 0.49380136111111117 0.02230931796875 0.036610159722222195
1 0.52419235546875 0.429733575 0.07894066249999998 0.1311864166666667
1 0.31095757578125 0.47593211250000006 0.035180078125000014 0.06406778611111111
1 0.39333042890625 0.4042372111111111 0.15788132578125005 0.2730507986111111
3 0.1040386453125 0.4126270402777778 0.042902536718749995 0.21813555277777777
1 0.17954710546875 0.48279651805555557 0.07036015625000003 0.04881355000000001
