car 0.07329890703125 0.6639335472222222 0.0639309734375 0.05913759166666668
car 0.69909476875 0.5946316791666667 0.30020907734374996 0.33819311250000006
car 0.5805885749999999 0.5955557041666667 0.1725616515625 0.17371668055555556
car 0.41374433125000004 0.6057199777777778 0.08420176796874994 0.11919921388888892
car 0.2765266328125 0.6057199777777778 0.0977156328125 0.1524641097222223
car 0.39750395703125 0.60380535 0.011434807812499947 0.014784398611111114
car 0.41205735 0.602881325 0.007796460156249995 0.017556472222222258
car 0.4203735734375 0.602881325 0.0062371687499999775 0.009240248611111133
traffic sign 0.14437888671875002 0.6222858486111111 0.010915046093749981 0.016632445833333283
traffic sign 0.46715233359374997 0.5381995819444444 0.012994100000000054 0.02679672083333339
traffic sign 0.46715233359374997 0.5723885055555555 0.014033628125000063 0.012936345833333323
car 0.40559227734375 0.5903199124999999 0.007796460937499994 0.009240248611111133
car 0.4522527625 0.5948120402777778 0.0219819078125 0.01776315833333331
drivable area 0 0 0 0
drivable area 0 0 0 0
lane 0 0 0 0
lane 0 0 0 0
lane 0 0 0 0
lane 0 0 0 0
lane 0 0 0 0
lane 0 0 0 0
lane 0 0 0 0
lane 0 0 0 0