car 0.47253168515625 0.38948041666666666 0.03109252812500003 0.0340157569444444
car 0.44127472890624997 0.3940158625 0.021525595312500024 0.023385833333333356
car 0.22737905781249998 0.35674024722222225 0.05022639140625 0.08503939305555555
truck 0.27043025078125 0.17900791666666668 0.14469984375000006 0.2827559847222222
drivable area 0 0 0 0
drivable area 0 0 0 0
drivable area 0 0 0 0
lane 0 0 0 0
lane 0 0 0 0
lane 0 0 0 0
lane 0 0 0 0
lane 0 0 0 0
lane 0 0 0 0
lane 0 0 0 0
lane 0 0 0 0
lane 0 0 0 0
lane 0 0 0 0