person 0.30024081640625 0.41245203055555557 0.07895943437500001 0.11437745416666666
person 0.319736971875 0.4141850236111111 0.034118274999999976 0.11611044305555554
traffic sign 0.6628693343750001 0.32926842916666665 0.017546539843749986 0.04852376944444441
traffic sign 0.92216822109375 0.3379333861111111 0.008773272656249987 0.024261881944444456
traffic sign 0.77399742890625 0.32926842916666665 0.02339538750000001 0.04505778472222224
traffic sign 0.836385134375 0.28247765138888886 0.011697691406249966 0.038125818055555566
traffic sign 0.09748078437499999 0.3916561333333333 0.009748080468750009 0.025994873611111143
traffic light 0.4737566125 0.2564827736111111 0.00877327109374999 0.03812581666666668
traffic light 0.51079931015625 0.2582157680555556 0.005848850781250014 0.03812581944444441
person 0.6441530281250001 0.38645715694444444 0.012672502343749947 0.07625162916666671
person 0.6753468781249999 0.3899231361111111 0.009748078906250068 0.05198975972222218
person 0.835215365625 0.37779219444444445 0.012672500000000041 0.0259948777777778
person 0.8254672859375001 0.3708602277777778 0.011697694531249959 0.02772786944444445
person 0.8176688249999999 0.37605920277777777 0.007798463281250001 0.024261881944444418
person 0.8118199765625 0.37605920277777777 0.006823658593750004 0.029460858333333326
person 0.7962230531250001 0.38645715694444444 0.01411881406249993 0.03273458888888893
person 0.699717075 0.38645715694444444 0.00974807890624998 0.05545573472222224
person 0.69094380390625 0.3847241625 0.011697692187500053 0.05545573750000001
person 0.68509495703125 0.3847241625 0.0068236554687500115 0.05545573750000001
person 0.65682552890625 0.3881901486111111 0.0068236554687500115 0.06931966666666661
person 0.663649184375 0.3812581805555556 0.007798462500000003 0.07105265833333334
person 0.8820061578124999 0.3725932208333333 0.016571732031250085 0.031193845833333397
car 0.77075821953125 0.40205408333333337 0.1588936796875001 0.16290122222222214
truck 0.16052850703125 0.3899231361111111 0.05458923984374999 0.07971761805555554
person 0.47344182734375 0.3951221152777778 0.01267250078125004 0.0606547083333333
traffic light 0.43055028203125 0.33620039305555555 0.008773270312499993 0.032926843055555585
traffic light 0.33989315000000003 0.3431323611111111 0.006823655468749967 0.019062911111111133
bus 0.50073644453125 0.3136715027777778 0.10235482421875002 0.19582806805555558
car 0.88968477578125 0.33273441111111113 0.10878432265624997 0.28421064166666665
person 0.9335511296875 0.3639282625 0.021445773437500114 0.03812581805555561
traffic sign 0.882861121875 0.2478178166666667 0.02339539062500009 0.0554557347222222
drivable area 0 0 0 0
lane 0 0 0 0
lane 0 0 0 0
lane 0 0 0 0
lane 0 0 0 0
lane 0 0 0 0
lane 0 0 0 0
lane 0 0 0 0
lane 0 0 0 0