0 0.2403691609375 0.41403554722222224 0.019133864062500016 0.014881894444444457
0 0.24515262734375 0.4342324041666667 0.011958662499999972 0.03188977083333329
1 0.29179141953125 0.45549225277777783 0.07055612187499997 0.04039371111111107
1 0.10882384921874999 0.45549225277777783 0.14709157578125004 0.1488189375
1 0 0.4895080097222222 0.11480318125 0.1509449236111111
0 0.45323339296875 0.4342324041666667 0.014350398437500012 0.01488189305555557
0 0.6864273546875 0.3258071763888889 0.031092528124999942 0.021259850000000018
1 0.8649104265625001 0.4108465708333333 0.13393704453124985 0.14244098611111108
1 0.61347950078125 0.42360248055555555 0.03707186015624995 0.07440946944444443
1 0.5776035054687501 0.4363583888888889 0.06816438828124997 0.09992128750000001
1 0.37037693203125 0.43613060138888887 0.08251478750000003 0.102047275
