traffic sign 0.8480828257812499 0.41765100555555557 0.009748078906250157 0.060654711111111065
traffic sign 0.7886195476562501 0.4557768236111111 0.01462211640624993 0.027727868055555563
traffic light 0.5244466210937501 0.3847241625 0.006823654687499925 0.031193851388888857
traffic light 0.43866353046875 0.4107190388888889 0.007798464062499999 0.025994876388888834
traffic light 0.35288043984375 0.3847241625 0.007798464062499999 0.02426188472222219
traffic light 0.24272715390625002 0.37779219583333334 0.004874039062499991 0.027727868055555563
traffic sign 0.5244466210937501 0.46964075833333335 0.01169769374999996 0.01906290833333336
traffic sign 0.5088496953125 0.4644417819444444 0.00974807890624998 0.01386393611111111
car 0.47765584453125004 0.49043665833333333 0.012672501562499949 0.012130941666666692
car 0.46595814999999996 0.49216965 0.015596925781250003 0.03812581805555561
car 0.39479717734375 0.4887036666666667 0.018521349218750018 0.02252889305555554
car 0.36652775000000004 0.49043665833333333 0.029244235156249986 0.025994876388888914
car 0.29926600859375 0.4817717 0.05361443124999998 0.053722743055555515
car 0.23785311406249998 0.47483973333333335 0.06921135703125003 0.08145061111111107
car 0.20860887890625 0.49390264166666664 0.037042698437499987 0.06412069444444445
car 0.07700981953125 0.4817717 0.038017506249999986 0.06238770138888883
car 0.048740392187499995 0.4731067416666667 0.05458923984375001 0.04332479305555555
car 0.10138001562500001 0.46097579861111115 0.11112809453124999 0.12477540416666663
car 0.3996712171875 0.4817717 0.07213578046875 0.12304241249999998
car 0.45913449531249995 0.4817717 0.13257386718750003 0.19409507361111109
car 0.0009748078125000001 0.47830571666666666 0.085783090625 0.10571249444444446
car 0 0.48697067499999996 0.06141289453125 0.1247754041666667
truck 0.5712373976562499 0.3552633041666667 0.42794064453124997 0.3968551055555556
drivable area 0 0 0 0
lane 0 0 0 0
lane 0 0 0 0
lane 0 0 0 0
lane 0 0 0 0
lane 0 0 0 0
lane 0 0 0 0