0 0.64550089140625 0.15808947916666669 0.029251753906250056 0.09568573749999998
0 0.515623103125 0.4950696888888889 0.016380981250000027 0.043682618055555546
0 0.54487485625 0.5969957986111111 0.01755105312500005 0.03120187222222223
0 0.09088763046875001 0.45346719305555555 0.014040842187500003 0.05200311944444446
0 0.10609854296875001 0.45346719305555555 0.017551053906249982 0.058243491666666675
0 0.09088763046875001 0.6240374208333334 0.010530632812500006 0.027041622222222214
0 0.624439628125 0.17057022777777778 0.02223133359374998 0.09152548749999999
0 0.675922715625 0.14560873194444443 0.04329259687500002 0.12064723333333334
0 0.7437867835937501 0.0998459875 0.05148308828124994 0.12272735972222223
0 0.8888754875 0.07072424027777778 0.03861231328125001 0.17473047916666665
0 0.51094282109375 0.4014640736111111 0.04095245625000006 0.04576274305555559
0 0.58582731328125 0.5845150527777778 0.02340140234375001 0.0228813722222222
0 0.39159566562500003 0.6406784194444444 0.016380981249999982 0.01802774027777782
1 0.90993674921875 0.6656399166666667 0.08892533203125001 0.09568574027777785
1 0.48988155859375004 0.6552392930555555 0.021061262499999955 0.03744224583333333
1 0.44541889296875 0.6656399166666667 0.062013718750000016 0.04992299444444441
1 0.28979956015625 0.6739604180555556 0.028081683593749983 0.037442244444444446
0 0.055785527343749995 0.690601413888889 0.028081683593750007 0.04368261805555546
0 0.44892910234374994 0.6344380472222222 0.01287077187500003 0.022881370833333314
