0 0.310963703125 0.18543011527777778 0.010722885937499971 0.0415918013888889
0 0.57318701328125 0.23741986666666667 0.00974807890624998 0.03639282638888888
0 0.5858595156249999 0.24261884166666667 0.008773270312499993 0.032926843055555544
0 0.17059137265625 0.3569962958333333 0.015596926562500002 0.02079590000000001
0 0.74670281015625 0.35006432916666663 0.011697693750000049 0.01906290833333336
1 0.177415028125 0.37432621250000003 0.15499444765624998 0.1490372902777778
1 0.36262851875 0.4107190388888889 0.04971520000000003 0.05198974999999998
1 0.364578134375 0.42631596527777776 0.06043808671874999 0.055455736111111126
2 0.376275828125 0.37779219583333334 0.028269429687500035 0.0831836027777778
1 0.44061314609375 0.3951221138888889 0.07506020546874996 0.11437745416666666
0 0.47765584453125004 0.3708602277777778 0.007798461718750005 0.020795902777777778
0 0.5088496953125 0.3708602277777778 0.007798464062499999 0.013863933333333339
1 0.549791625 0.39165613055555554 0.017546541406249984 0.031193847222222203
1 0.56343893515625 0.3985880972222222 0.027294619531250053 0.03465983333333335
1 0.6940631859375 0.3847241625 0.12769982734375002 0.08318360694444446
0 0.75255165703125 0.24088585 0.0243701953125 0.032926843055555544
0 0.25929888671875 0.2044930236111111 0.027294620312500007 0.04852376805555557
0 0.1978859921875 0.21662396527777777 0.026319812499999994 0.04332479166666666
0 0.60340605625 0.2599487597222222 0.049715200781250066 0.020795901388888892
0 0.6511716421875 0.2530167916666667 0.021445770312500036 0.0311938513888889
1 0.5107993109375 0.3985880972222222 0.016571733593749992 0.010397949999999965
