traffic light 0.3772317921875 0.38015598194444444 0.007910150781250014 0.021093733333333295
traffic light 0.3271341703125 0.3496872527777778 0.007910150000000015 0.021093733333333337
car 0.0845562125 0.4246872013888889 0.027685528125000004 0.028124981944444412
car 0.2823099828125 0.4082809625 0.015820301562499983 0.0374999736111111
car 0.26253460546874996 0.40593721388888887 0.019775377343750032 0.03984372222222221
car 0.34559118906249997 0.40359346527777773 0.013183583593750025 0.021093736111111146
car 0.357456415625 0.3989059680555555 0.013183583593749982 0.021093736111111146
car 0.34954626484375 0.4223434513888889 0.01582030312499998 0.01874998888888884
car 0.36536656640625 0.41765595555555557 0.019775377343750032 0.03281247777777775
car 0.37855015078125 0.41531220694444443 0.015820301562499983 0.0398437236111111
car 0.29285685 0.3989059680555555 0.059326130468750016 0.1031249277777778
car 0.39041537734375 0.4082809625 0.04218746953124999 0.06562495416666671
car 0.443149715625 0.37781223333333336 0.10942375234375001 0.15703114027777773
car 0.12938040078125 0.3989059680555555 0.0843749421875 0.09843743333333334
car 0 0.40359346527777773 0.0225933640625 0.04687496944444444
car 0.76219246484375 0.32624976805555556 0.23730452421875006 0.4289059555555556
drivable area 0 0 0 0
drivable area 0 0 0 0
drivable area 0 0 0 0
lane 0 0 0 0
lane 0 0 0 0
lane 0 0 0 0
lane 0 0 0 0
lane 0 0 0 0