0 0.51924389609375 0.49065689444444444 0.03274510937499997 0.044353166666666666
0 0.552768653125 0.4948150055555555 0.03040617421875007 0.04296712777777777
0 0.54419255234375 0.5419402430555555 0.021830073437500007 0.033264873611111134
0 0.32043429609374996 0.5294659152777778 0.006237164062500034 0.012474327777777777
0 0.340705078125 0.5419402430555555 0.012474328906249976 0.02217658194444441
0 0.32979004296875003 0.5558006069444444 0.009355746093749983 0.020790544444444396
1 0.0007796468749999999 0.3756158694444444 0.0374229828125 0.20097528055555555
1 0.11226895078125002 0.5474843888888888 0.0686088015625 0.04712523888888885
1 0.1871149171875 0.5294659152777778 0.042100857031249994 0.049897311111111106
1 0.27287592109375003 0.5627307902777778 0.021830074218750006 0.01940450972222215
1 0.34824976953125 0.5821352999999999 0.005457517968749981 0.016632438888888934
1 0.35214799609375 0.5793632263888889 0.014033619531249996 0.026334690277777798
1 0.3630630328125 0.5779771916666666 0.009355746874999982 0.026334690277777798
1 0.368520553125 0.5724330430555555 0.017931844531250008 0.0457392027777778
1 0.3763170078125 0.5724330430555555 0.055354830468749984 0.08039011527777776
1 0.4386886453125 0.5382441486111111 0.08030348437499998 0.10949687777777774
1 0.52653157421875 0.5872885569444445 0.016380982031250026 0.0228813722222222
1 0.17858194140625 0.39403504722222227 0.08073484140624998 0.02704162083333333
0 0.8203236789062499 0.19528534583333332 0.012292051562500106 0.024280594444444463
0 0.79983692578125 0.21228176111111113 0.016389401562499996 0.026708654166666672
1 0.17977123046875002 0.15400833333333333 0.055997121875000014 0.031564776388888896
1 0.3422994625 0.4190136916666667 0.05599712265625003 0.02913671388888888
1 0.51029083046875 0.4554345875 0.023218318749999956 0.014568358333333404
1 0.5567274679687501 0.4627187652777778 0.06828917421874996 0.016996413888888878
1 0.143407265625 0.4627881361111111 0.07648387421875003 0.03642089444444447
