car 0.23208259140625 0.49689405555555555 0.11572076640624998 0.24675053888888898
car 0.3084878484375 0.5121404555555555 0.04867606953125003 0.16494014583333336
car 0.33388318046875 0.5135264930555555 0.04366014374999998 0.12612931666666666
car 0.3674079375 0.5398611888888889 0.021050430468750037 0.04851127361111109
car 0.39547517265625 0.541247225 0.018711492968750056 0.041581091666666715
car 0.46057557265625004 0.541247225 0.01481326640624996 0.036036945833333396
car 0.45044018203125 0.541247225 0.014033620312499995 0.03465090833333338
car 0.6975878015625 0.4566990027777778 0.15670874218749997 0.2383982625
car 0.00121850859375 0.49130315416666664 0.31778735703125005 0.5077665736111111
car 0.79324988359375 0.43584741666666665 0.20652363906250004 0.34139936805555565
car 0.47205070156250006 0.4185175027777778 0.24662638203124992 0.31887047777777777
car 0.4106378046875 0.520015075 0.043866350781249966 0.07526758472222228
person 0.39894011093750004 0.5398269222222223 0.01267250312499999 0.051989755555555524
traffic light 0.34240125625 0.4462453694444445 0.003899230468749959 0.019062909722222167
traffic light 0.3472752953125 0.4462453694444445 0.004874037499999995 0.019062909722222167
traffic light 0.35102104921875 0.44566672916666666 0.007020422656250025 0.024961491666666703
traffic light 0.46217771640625005 0.4290257277777778 0.007020420312499986 0.024961497222222247
traffic light 0.4680280671875 0.4290257277777778 0.005850352343750043 0.022881373611111085
traffic light 0.47270834765625 0.43110585 0.0070204187499999906 0.024961498611111133
drivable area 0 0 0 0