1 0 0.46097579861111115 0.01462211796875 0.09878052916666667
1 0.0029244234375 0.41245203055555557 0.139397521875 0.13344036250000002
1 0.1325738671875 0.3847241625 0.1384227140625 0.12304241388888887
1 0.28659350781250004 0.40032108888888884 0.019496155468749964 0.025994876388888914
1 0.28561869921875 0.3899231388888889 0.036067890625 0.03639282638888888
1 0.08773270703125 0.3847241625 0.017546541406250005 0.03639282638888888
1 0.1082036703125 0.3847241625 0.018521349999999992 0.046790777777777806
1 0.1384227140625 0.37605920416666666 0.017546541406250005 0.05198975416666664
1 0.32071178125 0.39165613194444443 0.01267250312499999 0.038125818055555524
3 0.7057608796875 0.4089860472222222 0.01949615703125005 0.07625163472222225
3 0.723307421875 0.3985880972222222 0.019496156250000053 0.06758667638888885
1 0.723307421875 0.3812581791666667 0.1744906039062501 0.1975610569444444
1 0.52152219765625 0.38645715694444444 0.05361443046875003 0.08491659305555556
1 0.3236362046875 0.3933891222222222 0.06043808671874999 0.06412069305555555
1 0.41234371875000003 0.3933891222222222 0.026319811718749975 0.03985880833333337
1 0.45815968749999997 0.3968551069444445 0.023395388281250006 0.027727866666666677
1 0.49227796250000005 0.3933891222222222 0.01364730859374994 0.017329916666666712
1 0.643373178125 0.3985880972222222 0.061412894531250026 0.08838257777777775
1 0.631675484375 0.4159180138888888 0.02047096484374995 0.048523769444444455
1 0.61510375078125 0.3985880972222222 0.03801750703125002 0.055455733333333354
1 0.60535567265625 0.39165613194444443 0.028269427343749952 0.055455733333333354
1 0.581960284375 0.3933891222222222 0.025345003124999987 0.03639282638888888
1 0.57416182109375 0.3985880972222222 0.011697694531249959 0.027727868055555563
1 0.56636335859375 0.4020540805555556 0.015596926562500002 0.017329918055555518
1 0.4952023859375 0.38645715694444444 0.014622116406250019 0.020795898611111124
1 0.42696583671875 0.3847241625 0.017546540625000072 0.041591802777777784
1 0.44353756874999994 0.3933891222222222 0.010722886718750057 0.032926843055555585
0 0.43086506796875 0.29980756805555553 0.004874039062499946 0.022528894444444465
0 0.56636335859375 0.3102055180555556 0.003899232031249955 0.02426188333333334
0 0.627776253125 0.3691272375 0.005848846875000024 0.015596924999999985
0 0.39577198515625 0.3691272375 0.007798463281249957 0.013863931944444453
0 0.56148931953125 0.3102055180555556 0.003899231250000046 0.02599487499999999
0 0.42306660546875 0.29980756805555553 0.005848846875000024 0.024261884722222227
0 0.647272409375 0.3639282625 0.00974807890624998 0.02079590000000001
0 0.93776514765625 0.1282413875 0.04289154531250006 0.06758667777777777
0 0.93776514765625 0.19582806527777777 0.05361443046875003 0.053722744444444435
0 0.6453227929687501 0.32233646111111114 0.010722886718749968 0.012130941666666652
0 0.62972586875 0.33100142083333334 0.014622117187499927 0.015596926388888911
0 0.39577198515625 0.33966637777777775 0.009748078125000026 0.008664959722222242
0 0.39967121640625003 0.3465983458333333 0.01169769374999996 0.013863931944444493
0 0.3480064 0.3639282625 0.00974807890624998 0.013863931944444453
0 0.227130228125 0.27381269444444445 0.008773270312499993 0.020795898611111124
0 0.22030657421875 0.2946085930555556 0.017546539843749986 0.03639282777777776
