car 0.47663254765624996 0.3716325805555556 0.012397955468749977 0.018367341666666606
car 0.4962626453125 0.36795910972222223 0.015497444531249993 0.02204081249999995
car 0.50556111171875 0.36795910972222223 0.013431118750000071 0.03857142222222218
car 0.51176008984375 0.36795910972222223 0.017563772656249997 0.045918358333333326
car 0.52312488359375 0.36428564166666666 0.029961728125000066 0.06244896666666667
car 0.53035702421875 0.3808162513888889 0.02376275078125003 0.058775498611111095
car 0.554119775 0.3557142111111111 0.07128825078125 0.10653059027777777
car 0.4311733734375 0.37591828888888884 0.05165815234375 0.07530610555555563
drivable area 0 0 0 0
lane 0 0 0 0
lane 0 0 0 0
lane 0 0 0 0