1 0.21805627031250002 0.3611920402777778 0.05833609062499998 0.050066220833333355
1 0 0.3880132319444444 0.06517548203125 0.19847681388888888
1 0.9388525 0.34152316666666666 0.06064448984375002 0.059006619444444415
1 0.49967877656250004 0.28251654583333335 0.008046357031250029 0.014304634722222234
1 0.49163241953125 0.2896688652777778 0.007040563281250023 0.014304634722222194
1 0.48358606249999997 0.30218541944444444 0.015086920312500052 0.01251655555555556
1 0.4725223203125 0.3039735 0.010057946874999946 0.021456952777777774
1 0.46548175937499997 0.3111258152777778 0.013075329687500048 0.019668875000000027
1 0.45944699062499994 0.3218542930555556 0.016092714843750057 0.025033111111111082
1 0.48358606249999997 0.3057615777777778 0.015086920312500052 0.02682119166666668
1 0.46347016953125 0.3433112472222222 0.024139072656249993 0.0339735083333333
1 0.5057135453125 0.36834435694444445 0.035202813281249946 0.050066222222222165
1 0.4141458296875 0.35403972222222224 0.04731275156249994 0.044701984722222185
1 0.30455461171875 0.37370859722222227 0.07040562656249998 0.07331125694444438
1 0.62942628984375 0.36298011944444447 0.055318706250000016 0.06258277916666664
1 0.56505543125 0.3504635625 0.023133276562499992 0.03218543194444443
1 0.7169304249999999 0.345099325 0.11264900234374994 0.13947019305555558
1 0.68273340625 0.3665562777777778 0.0502897328125 0.08761589166666665
1 0.41619782031249997 0.34688740416666664 0.021121687499999986 0.016092715277777794
1 0.50269616171875 0.3611920402777778 0.026150660937500004 0.02145695416666666
1 0.527841028125 0.33794700694444446 0.027156456250000006 0.04112582499999999
1 0.5710901984375 0.3003973402777778 0.010057946875000034 0.023245031944444407
1 0.5781307609375 0.3129138972222222 0.015086920312499964 0.021456952777777812
1 0.5811481453125 0.3325827694444445 0.02514486640625 0.026821190277777754
1 0.8716162179687499 0.3433112472222222 0.07463539062500005 0.06825096944444442
1 0.527841028125 0.2771523069444444 0.009052151562499944 0.010728475000000001
3 0.54795692109375 0.2950331 0.006034767968750021 0.016092715277777753
3 0.53588738515625 0.2878807847222222 0.004023178906250013 0.016092715277777753
0 0.6686522796875 0.2878807847222222 0.010057946093750037 0.03218543055555555
0 0.4172036140625 0.2556953527777778 0.006034767968750021 0.02682119166666668
0 0.5590206625 0.25927151527777775 0.007040562499999936 0.021456952777777774
0 0.40915725703124994 0.2503311180555556 0.007040563281250023 0.032185427777777775
0 0.42424417734375003 0.25390727500000004 0.004023178906250013 0.032185427777777775
0 0.5560032781250001 0.25390727500000004 0.004023178124999927 0.028609270833333315
0 0.56404963515625 0.25390727500000004 0.005028973437500017 0.026821190277777754
0 0.31461256015625 0.32543045 0.012069535937499997 0.02145695416666666
0 0.67871022734375 0.3200662125 0.012069535937499954 0.01966887083333333
0 0.63445526328125 0.3236423722222222 0.006034767187499934 0.016092712500000023
3 0.3820008015625 0.3343708472222222 0.008046357031249984 0.02682119166666668
1 0.085291375 0.36476819722222226 0.08448675234375 0.055430461111111065
0 0.8426123320312501 0.21140609722222223 0.015820301562500028 0.018749987499999992
