1 0.55901619765625 0.5839123597222222 0.04817786640624995 0.08564954027777777
1 0.5750754859375 0.5961480055555556 0.05964878828125002 0.09788518749999997
1 0.6163708031249999 0.5472054111111111 0.14912197109375 0.18761327777777773
1 0.754213040625 0.48942595555555557 0.24318351875 0.4078549583333333
1 0.90314382265625 0.2841389611111111 0.041295313281250044 0.13459213750000004
1 0.6565190249999999 0.39425978472222223 0.2580957203125 0.1651812597222222
0 0.47298429453125 0.4962235402777778 0.010323828125000035 0.02651057222222219
0 0.5452510953124999 0.4962235402777778 0.014912196875000028 0.02447129583333331
0 0.405305859375 0.5553625111111111 0.018353474218749978 0.032628395833333296
1 0.40760004375000003 0.5716767069444445 0.182387640625 0.2406344222222222
1 0.41083299453125 0.6113213041666666 0.030088470312499994 0.05603778611111107
