person 0.04305119296875 0.46133871111111113 0.022721463281249993 0.057401590277777755
person 0.0717519890625 0.4677166666666666 0.016742130468750005 0.04251969583333338
person 0.11360731406249999 0.4655906819444445 0.01793799609375 0.03614174305555551
person 0.62304643359375 0.38905522638888884 0.02989666171875003 0.12968507500000004
traffic light 0.25471955859375 0.3316536333333333 0.007175198437499963 0.025511819444444465
traffic light 0.26906995546875 0.3295276513888889 0.007175198437500007 0.027637801388888918
traffic light 0.26069889062499996 0.32740166666666665 0.008371064843750008 0.031889770833333365
traffic light 0.46160445859375 0.2785040138888889 0.009566932031250008 0.029763788888888913
traffic light 0.45084166015625 0.2785040138888889 0.011111303125000038 0.04212087361111112
traffic light 0.44127472812499996 0.2806299986111111 0.009566931250000011 0.03188977083333333
traffic sign 0.0956693171875 0.39755916527777774 0.031092528906250007 0.03401575555555559
traffic sign 0.0956693171875 0.4315749208333334 0.032288394531249986 0.04464568333333329
traffic sign 0.13274117890624998 0.46133871111111113 0.009566931250000011 0.02338583472222216
traffic sign 0.13154531171875 0.44433083055555556 0.008371064843750008 0.019133863888888828
traffic sign 0.5002708203124999 0.2806299986111111 0.023917328906250025 0.044645681944444446
car 0.27265755703125 0.35929143750000003 0.08251478593750003 0.11480318194444439
car 0.30434801718750004 0.3390945819444445 0.33962607812499995 0.5102363638888889
lane 0 0 0 0