3 0.773022621875 0.4107190388888889 0.028269426562499957 0.12650839583333326
1 0.74962723359375 0.3881901472222223 0.11892655703124992 0.07278565138888887
1 0.67261741328125 0.4089860472222222 0.029244236718750028 0.02426188472222227
1 0.61802817421875 0.4055200638888889 0.019496157812500046 0.020795901388888892
1 0.66871818203125 0.4089860472222222 0.07798462812499993 0.05372274305555559
1 0.6121793273437499 0.4159180138888888 0.036067889062500046 0.03639282638888896
1 0.55369085625 0.3985880972222222 0.024370196093749998 0.027727868055555563
1 0.55369085625 0.4089860472222222 0.06823654921875004 0.05025675833333333
1 0.47765584453125004 0.3968551055555556 0.08773270625 0.06238770138888891
3 0.32948505156249996 0.3881901472222223 0.016571733593749992 0.055455734722222164
1 0.17351579687500002 0.3985880972222222 0.08578308906250001 0.05545573472222224
0 0.0994304 0.30500654444444447 0.01949615781249999 0.04159179999999998
1 0 0.33620039444444444 0.1423219453125 0.11264446250000001
1 0.280744659375 0.41245203055555557 0.2719713890625 0.38819014722222217
1 0.7145341507812499 0.40032108888888884 0.28269427578124995 0.3985880972222222
0 0.65897010390625 0 0.04484116015625004 0.08318360277777778
0 0.57416182109375 0.015596925000000001 0.010722886718749968 0.06412069444444445
0 0.1783898359375 0.1992940486111111 0.06823654921875003 0.027727868055555563
0 0.0984555921875 0.18716310694444446 0.013647310156250004 0.03639282638888888
0 0.9494628421875 0.235686875 0.04386635312500005 0.06931966944444447
0 0.11502732578125 0.18369712361111112 0.016571733593750016 0.05718872638888889
0 0.27879504375 0.18369712361111112 0.00974807890624998 0.05892171805555554
0 0.38309948359375 0.2599487583333333 0.011697693750000005 0.0415918013888889
0 0.43476429921875 0.10917847916666666 0.013647310156250026 0.06758667361111112
0 0.5244466210937501 0.19756105694444445 0.017546541406249984 0.06412069166666663
0 0.9426391867187499 0.0017329916666666667 0.041916737500000065 0.09531454444444444
0 0.52249700546875 0.013863933333333333 0.03801750625000002 0.10397950416666665
0 0.26709735 0.20276003194444445 0.010722886718749968 0.039858809722222215
0 0.4474368015625 0.12477540416666666 0.009748078124999981 0.05545573472222224
0 0.540043546875 0.2599487583333333 0.015596924218750008 0.0415918013888889
