0 0.279673265625 0.37781223333333336 0.007910150781249969 0.03984372222222221
0 0.6936378249999999 0.4762496652777778 0.019775376562500037 0.03281247777777775
0 0.1452007015625 0.31453102638888886 0.05405269687500001 0.10078118055555557
0 0.14256398515625 0.28640604583333334 0.05537105625000001 0.028124980555555526
0 0.6778175234375 0.4364059430555556 0.025048810156249955 0.018749987499999954
0 0.688364390625 0.4082809625 0.021093735937500035 0.01874998750000003
0 0.61585467578125 0.3707809888888889 0.04218747031249999 0.028124980555555526
0 0.36009313203125004 0.4973434013888889 0.018457018749999988 0.018749986111111148
3 0.1728862296875 0.5020308958333334 0.03823239531249998 0.12421866527777775
1 0.26253460546874996 0.5395308722222222 0.03823239687500002 0.06093745833333336
1 0.1452007015625 0.5489058652777777 0.11733390312499999 0.10078118055555557
1 0.402280603125 0.5207808847222223 0.029003886718749962 0.08203119444444443
1 0.6132179585937501 0.4692184208333333 0.03955075390624998 0.14062490277777778
1 0.42469269687500005 0.2699998069444444 0.19116197734374998 0.43359345277777783
1 0.69627454140625 0.3332810138888889 0.3032224492187501 0.48984341249999996
1 0 0.4645309236111111 0.22562056953125 0.5062496527777777
1 0.2823099828125 0.5371871236111111 0.10810539453124997 0.14062490277777778
0 0.9889501218750001 0.31218727777777777 0.010546868750000016 0.03046872916666664
0 0.9784032539062499 0.27234355555555556 0.021093736718750124 0.03281247777777779
