traffic light 0.30340371796875 0.09421867777777777 0.010546867968749974 0.04453121805555556
traffic light 0.5143410734375 0.15515613611111112 0.009228507812500019 0.032812476388888887
traffic light 0.1241069671875 0.22078109166666668 0.019775376562499992 0.02812498194444445
traffic light 0.31526894453125 0.09187492916666667 0.009228510156250013 0.046874968055555535
traffic light 0.524887940625 0.1504686388888889 0.009228510156249925 0.03749997638888889
traffic light 0.6567237875 0.24656232361111113 0.015820302343750026 0.028124980555555526
traffic light 0.57234884609375 0.2699998069444444 0.014501943749999935 0.02343748472222222
traffic sign 0.134653834375 0.17156237500000002 0.03691403671875 0.03046872916666664
traffic sign 0.6329933359375 0.1926561111111111 0.03427732031250006 0.016406236111111108
traffic sign 0.26912639765625 0.21140609722222223 0.017138660156249985 0.014062490277777763
traffic light 0.2453959453125 0.2582810638888889 0.01582030234374998 0.025781233333333337
traffic sign 0.5644386945312501 0.2278123347222222 0.018457018749999943 0.014062490277777803
traffic sign 0.6461769203125 0.24421857500000002 0.01054686718750002 0.0374999736111111
traffic sign 0.8861181609375001 0.014531233333333334 0.043505830468749986 0.16640613333333332
car 0.4866555453125 0.316874775 0.014501943750000024 0.028124980555555564
car 0.4932473375 0.30749978194444444 0.02373045234375004 0.046874968055555556
car 0.4998391296875 0.3192185236111111 0.01713866015625003 0.042187469444444445
car 0.70550305078125 0.3239060208333333 0.07250971640625004 0.060937456944444475
car 0.74505380546875 0.3567184972222222 0.021093735156250036 0.02578123194444449
car 0.03577694921875 0.316874775 0.06723628203125 0.07499994722222228
car 0.37195835859375 0.31453102638888886 0.015820301562500028 0.035156226388888906
car 0.357456415625 0.3098435305555556 0.022412093749999994 0.046874966666666636
truck 0.41282747109375 0.29578104027777774 0.018457018749999943 0.035156226388888906
car 0.40359896093750003 0.316874775 0.015820302343750026 0.01874998750000003
car 0.31790566171875 0.3028122847222222 0.04350582968750003 0.06796870416666666
car 0.51038599765625 0.31218727777777777 0.03955075390624998 0.06328120694444443
car 0.59476093984375 0.31453102638888886 0.11469718671875002 0.14062490416666668
car 0.08851128671875 0.2418748263888889 0.15952137578125 0.20390610972222217
truck 0.45369658359375 0.27234355555555556 0.03427732031249997 0.07968744722222224
car 0.43523956484375 0.30046853749999997 0.010546867968750017 0.023437483333333335
person 0.004136346875 0.29578104027777774 0.011865225000000002 0.021093734722222222
car 0.0001812703125 0.3426560069444444 0.04614254609375 0.17343738055555558
car 0.7305518625 0.24656232361111113 0.26894512812500004 0.3749997416666666
drivable area 0 0 0 0
lane 0 0 0 0
lane 0 0 0 0
lane 0 0 0 0
lane 0 0 0 0
lane 0 0 0 0
lane 0 0 0 0
lane 0 0 0 0
lane 0 0 0 0
lane 0 0 0 0
lane 0 0 0 0