car 0.16504011328124998 0.49951635 0.07345828671875003 0.13059251111111111
car 0.38376215937499997 0.5706892722222222 0.030301542968750005 0.0359129416666667
car 0.2357437140625 0.5337968847222222 0.026628628124999977 0.04220937083333338
car 0.26038339062500004 0.5417257222222223 0.033056228124999976 0.04407497222222219
person 0.29153757578125 0.5354292916666666 0.023873943750000005 0.08962930138888889
car 0.12012100390625 0.5009957083333333 0.10076397187500001 0.13700157222222226
car 0.32580420546875 0.5449501166666667 0.06519422968750002 0.07672309861111112
car 0.390006115625 0.5328174416666667 0.11661503124999997 0.1354897291666667
traffic sign 0.39355276953125 0.4733978486111111 0.019282800781249998 0.013059251388888922
traffic sign 0.7044649820312501 0.39177753055555553 0.028465085937499968 0.019588877777777784
traffic sign 0.666817609375 0.36402662222222226 0.03489268671875001 0.0244860944444444
traffic sign 0.6870186390625 0.4309552833333333 0.011936971093749981 0.026118502777777764
traffic sign 0.9708180484375 0.49211950833333334 0.027546858593750122 0.029383315277777752
traffic sign 0.97724564921875 0.5264000430555555 0.021119256250000086 0.08325272499999999
bike 0.9663016414062501 0.6730955527777778 0.031145036718749887 0.1591580833333333
drivable area 0 0 0 0
lane 0 0 0 0