car 0.59764103515625 0.40156109305555554 0.03619041640625005 0.05990137777777775
car 0.52151636796875 0.40156109305555554 0.04929384531250003 0.0998356305555556
car 0.569562265625 0.40156109305555554 0.02995068906249996 0.07432207777777775
car 0.4684786890625 0.4004518069444445 0.05553356953124995 0.11536561666666666
car 0.31997318828125 0.38048468333333335 0.15412125312499997 0.18968769444444442
car 0 0.3571896986111111 0.3162293515625 0.3971239583333333
car 0.7118280484375 0.4259653555555556 0.01622328906249999 0.036606398611111104
car 0.7292992843749999 0.4359489194444444 0.037438361718750014 0.05435495416666672
car 0.76548969921875 0.42707464305555554 0.03681438828124994 0.09650777638888886
car 0.80417600625 0.4170910791666667 0.03868630781249997 0.13422345972222216
car 0.84473423125 0.4082168 0.15474522656249992 0.20188983055555557
drivable area 0 0 0 0
lane 0 0 0 0
lane 0 0 0 0