bus 0.1480509296875 0.2981657 0.18028341796875 0.24523400833333334
bus 0.20814540078125 0.06507198194444444 0.6296261812500001 0.49775220138888887
person 0.8719161710937501 0.4016010375 0.028681448437500024 0.1383993888888889
person 0.860989903125 0.39188880000000004 0.02048674921874998 0.16025192777777772
person 0.8336742328125 0.3846046222222222 0.04233928906249993 0.16510804583333333
person 0.82411374921875 0.4016010375 0.03004723828125009 0.13354326527777782
person 0.7899691609375 0.45259028472222224 0.0163894 0.07769791111111111
person 0.7626534914062499 0.4137413333333333 0.024584102343750035 0.1189749152777778
person 0.72441155390625 0.40645715694444445 0.043705073437500006 0.1578238694444444
person 0.60558839296875 0.42345357499999997 0.04370507031250002 0.15539580555555554
person 0.29009241015625 0.3748923819444444 0.07238652421874998 0.3350722194444445
person 0.08932223984375 0.40888521666666666 0.025949885937499993 0.08741014027777776
person 0.10980899140625 0.4185974527777778 0.02731566875 0.0946943236111111
person 0.0278619828125 0.41131327777777776 0.025949888281249993 0.08498208333333332
person 0.00054631328125 0.4161693944444444 0.02321831875 0.08012596250000001
person 0.03605668359375 0.40888521666666666 0.030047240625 0.11411879999999996
person 0.91015810703125 0.3821765625 0.021852537500000047 0.05341730972222223
person 0.8910371390625 0.3797485027777778 0.03414458671874989 0.17724834444444446
person 0.9005976234374999 0.3846046222222222 0.05189977343750005 0.18696058194444448
person 0.9661552304687501 0.39431685833333335 0.031413015625000006 0.13111521111111107
person 0.82274796484375 0.40645715694444445 0.010926267187499939 0.031564774999999975
person 0.8350400164062499 0.39917298055555556 0.010926267187500116 0.026708661111111098
traffic light 0.1333345921875 0.3652495097222222 0.016389400781250018 0.029136718055555535
traffic light 0.7711554742187501 0.2802674263888889 0.03004723828124991 0.04856119305555554
traffic light 0.9582678101562501 0.23413429583333334 0.016389401562499906 0.04613313055555557
traffic light 0.713792565625 0.2851235458333333 0.012292052343750016 0.03399283194444445
traffic light 0.6236508578125 0.2802674263888889 0.013657835937500007 0.02428059583333331
traffic light 0.41605176953124995 0.25841489027777775 0.010926269531250022 0.03642088472222223
rider 0.17703966015625 0.3968142847222222 0.061460257812500016 0.23309371527777778
bike 0.1688449609375 0.5012208444444445 0.07102073828125 0.16510804305555557
car 0.9350494906250001 0.39195816111111115 0.0628260414062499 0.06798566666666667
drivable area 0 0 0 0
lane 0 0 0 0
lane 0 0 0 0
lane 0 0 0 0
lane 0 0 0 0
lane 0 0 0 0
lane 0 0 0 0
lane 0 0 0 0
lane 0 0 0 0