0 0.4055102875 0.15642325416666666 0.01052031484375 0.056108343055555565
0 0.553751078125 0.21253159722222223 0.009563921093749973 0.042506319444444426
0 0.5164517828124999 0.3757558625 0.0076511367187499955 0.020403034722222203
0 0.48297805546875 0.3757558625 0.005738352343750019 0.020403034722222203
0 0.34525757968750004 0.3519523263888889 0.011476707031249988 0.023803538888888868
0 0.6532158640625 0.3570530833333333 0.011476707031250033 0.023803540277777795
0 0.8129333601562501 0.26863993750000004 0.03729929531249994 0.045906824999999984
0 0.41603060234375 0.16322426527777778 0.009563921093749973 0.04930732916666667
0 0.56427139140625 0.20913109166666669 0.006694744531249963 0.040806066666666675
0 0.19797318359375 0.26693968472222224 0.01338949062499999 0.042506319444444426
0 0.18745286875 0.18107692083333332 0.03060454921875 0.027204045833333346
0 0.19414761328125002 0.20828096666666668 0.045906824999999984 0.030604549999999973
0 0.21901381171874998 0.24058576944444446 0.014345882812499999 0.02890429722222222
0 0.6388699828125 0.13261971805555556 0.020084235937500063 0.056108343055555565
0 0.637913590625 0.23463488194444446 0.021040628125000006 0.044206572222222226
0 0.63600080625 0.2924434777777778 0.023909804687499925 0.030604550000000015
0 0.63600080625 0.33665005 0.02486619609374996 0.01870278055555556
0 0.92234464921875 0.28394221388888885 0.04208125625000001 0.028904298611111143
0 0.5359621765625 0.3961588972222222 0.00669474531250005 0.015302273611111162
1 0.52027735078125 0.4182621819444445 0.01052031484375 0.027204045833333308
1 0.52505931171875 0.4182621819444445 0.01912784375000003 0.030604550000000015
1 0.47819609453125 0.42846369999999995 0.009563921093749973 0.017002527777777804
1 0.47150135000000004 0.42336294305555555 0.00860752890624994 0.02380353888888883
1 0.45141711406249996 0.41783712083333335 0.02486619609375005 0.03570530833333328
1 0.5441871554687501 0.4110361097222222 0.024866196874999958 0.04250631944444447
1 0.0010566828125 0.32542839583333333 0.31168356328125 0.3349498
1 0.80700374609375 0.4169019902777778 0.13395944140625 0.07821162638888887
