0 0.64199068046875 0.5366721833333333 0.022231332812499983 0.03952236944444441
1 0.381065034375 0.5449926819444444 0.018721122656249988 0.022881372222222276
1 0.42084741875000004 0.5491529319444445 0.014040842187499968 0.016640997222222214
0 0.4325481203125 0.5449926819444444 0.017551053906249958 0.01872112222222226
0 0.47935092734375007 0.5491529319444445 0.019891192187499927 0.016640997222222214
1 0.4091467171875 0.5533131805555556 0.012870771874999942 0.012480748611111083
1 0.4325481203125 0.5657939291666666 0.016380982812499934 0.012480750000000047
1 0.32724180546875 0.5449926819444444 0.017551052343750005 0.03328199583333339
1 0.29916012109375 0.5366721833333333 0.023401403906250007 0.0291217458333333
1 0.13535029765625 0.5033901875000001 0.06552392968750001 0.04784287083333333
1 0 0.49714981249999995 0.03589433515625 0.04992299444444449
1 0.3471329984375 0.5491529319444445 0.03393203437499999 0.04992299305555561
1 0.42084741875000004 0.5616336805555556 0.09711582343749994 0.1456087333333333
