0 0.3864603015625 0.24656232361111113 0.011865226562499975 0.0773436972222222
0 0.5710304875000001 0.34031225833333334 0.006591791406250014 0.02812498194444445
0 0.18079638046875 0.29109354305555557 0.010546867968749995 0.03281247777777775
0 0.17156787109375 0.29343729166666666 0.007910150781249991 0.03046872916666668
0 0.39568881093749997 0.3637497430555555 0.009228509375000016 0.03281247777777775
0 0.6685890140625 0.31218727777777777 0.009228509375000016 0.03046872916666664
0 0.7516455976562499 0.3309372652777778 0.01054686718750002 0.03046872916666664
0 0.75296395625 0.3965622208333333 0.013183585156250021 0.016406236111111146
0 0.8913915953125 0.39187472361111114 0.007910150000000015 0.021093736111111067
0 0.6527687125 0.38953097500000006 0.014501942968750025 0.02578123194444441
0 0.366684925 0.3356247625 0.022412093749999994 0.0374999736111111
0 0.1597026453125 0.34734350416666665 0.015820300781250008 0.018749987499999992
0 0.09114800468749999 0.3309372652777778 0.014501943750000001 0.02109373749999999
0 0.6685890140625 0.3707809875 0.019775376562499947 0.04687496666666667
0 0.63826676953125 0.3496872527777778 0.013183584375000024 0.03046872916666668
0 0.7358252960937499 0.36609349166666666 0.011865225781250021 0.0374999736111111
0 0.25198773750000003 0.41296845972222224 0.011865226562499975 0.018749986111111148
1 0.44183135703125 0.4457809361111111 0.014501944531250022 0.025781233333333375
1 0.4141458296875 0.44109344027777775 0.03164060390624997 0.03281247638888895
1 0.38909701874999997 0.43171844583333335 0.025048810937500044 0.03515622638888887
1 0.6145363164062501 0.4246872013888889 0.021093735937499948 0.056249962500000014
1 0.6224464671875001 0.41765595555555557 0.09755852812499999 0.14062490416666668
1 0.33768103828124996 0.4082809625 0.06459956484375003 0.04687496666666667
1 0.45633330078125 0.3989059680555555 0.01582030078125003 0.06093745833333336
1 0.44578643281249997 0.37312473611111113 0.18325182656250005 0.2789060583333333
1 0.6778175234375 0.4106247111111111 0.22412093906250002 0.24843732777777783
