0 0.557304096875 0.21823457222222223 0.013917528125 0.06597939166666665
0 0.05975246796875 0.3914304763888889 0.018556703906250006 0.028865984722222196
0 0.4506030484375 0.4512243013888889 0.008118558593749992 0.01855670416666663
0 0.73707216796875 0.42442017499999996 0.006958764062500044 0.01855670555555559
0 0.5329484234375 0.4697810055555556 0.006958764843749954 0.016494848611111085
0 0.13861846171875 0.34606964444444444 0.012757734374999986 0.03917526388888888
0 0.757948459375 0.4223583152777778 0.008118557812499993 0.018556706944444477
0 0.8449330093749999 0.3976160444444444 0.00927835156250012 0.014432993055555541
0 0.7904226921874999 0.407925325 0.006958764843750043 0.01855670416666671
0 0.62512896875 0.46153358194444444 0.008721532031249968 0.02061855972222225
0 0.3456186140625 0.49140900416666666 0.009278350781250033 0.0164948472222222
0 0.33750005546875 0.4934708611111111 0.00811855937499999 0.022680415277777793
0 0.12657701484375 0.47463924583333333 0.01043814609375 0.03092784027777782
0 0.59281420546875 0.227216525 0.017396909375000026 0.03505155277777775
0 0.5777368828125 0.22515466944444446 0.01159794218750001 0.06597939305555553
0 0.63108740703125 0.2643299347222222 0.06610825859374998 0.02886598333333331
0 0.7319894859375 0.37773201527777783 0.03131443828125002 0.024742272222222222
0 0.6576032015625 0.4553756208333333 0.012757733593750053 0.0164948472222222
0 0.64716505546875 0.46156118888888886 0.008118557812499993 0.02268041666666668
0 0.5752578265625 0.4471281972222222 0.01855670468749997 0.010309279166666683
0 0.59613411875 0.4801178930555556 0.006958764062499956 0.0164948472222222
0 0.6019330882812499 0.47187046805555555 0.011597940625000015 0.014432993055555541
0 0.049314321875 0.4656572930555556 0.013917528125 0.020618559722222173
3 0.05743288125 0.5378222541666667 0.018556703124999997 0.06804124722222218
0 0.607732059375 0.48188519027777776 0.009278350781250033 0.012371137499999997
1 0.5881750296875 0.5076289430555556 0.008118558593749992 0.026804129166666652
1 0.5939739992187499 0.5138145111111111 0.008118557812500083 0.02268041666666668
1 0.6020925570312501 0.5138145111111111 0.013917528125 0.026804130555555618
1 0.61237123515625 0.5202749888888889 0.009278351562499943 0.024742272222222222
1 0.6216495867187499 0.5079038527777777 0.009278351562500032 0.039175268055555615
1 0.62628876328125 0.5058419958333333 0.011597939843750016 0.04948454305555556
1 0.34677840781249997 0.5264605569444445 0.012757734375000006 0.025085925000000012
1 0.40012893203125 0.5206186430555555 0.008118558593749992 0.03505155277777779
1 0.3896907859375 0.5185567875 0.011597939843750016 0.037113408333333334
1 0.35721655390625 0.5185567875 0.032474232031250015 0.04536083472222224
1 0.6334069953125 0.5014433819444445 0.04059278984375005 0.057731968055555506
1 0.22399971093749999 0.5241237972222221 0.06030928828125002 0.06391753888888894
3 0.76678330703125 0.4251547027777777 0.01971649765625001 0.11752579166666671
1 0.5010310101562501 0.5079038527777777 0.013917528125 0.02268041666666668
1 0.48711348125000004 0.5120275652777778 0.013917528125 0.020618559722222173
1 0.523067096875 0.5079038527777777 0.012757733593749964 0.016494850000000047
1 0.55670112265625 0.5017182847222222 0.011597939843750016 0.014432991666666655
1 0.43668552109375 0.48215214166666664 0.03595361328125 0.0639175361111111
1 0.57670756953125 0.5051547222222222 0.0075966703125000205 0.016494848611111085
