car 0 0.4571678083333333 0.22718154765624998 0.1682826291666667
car 0.890320284375 0.4665168388888889 0.10833194140624994 0.13275629722222218
traffic light 0.4238618703125 0.4964337527777778 0.008414132031249988 0.013088648611111135
traffic light 0.5306161632812499 0.13182139305555557 0.01682826250000007 0.07105266805555553
traffic light 0.07467541718750001 0.36554726388888886 0.023138866406249993 0.03739613888888892
traffic light 0.64315517109375 0.38611514583333334 0.02208709609374999 0.03552633194444444
traffic light 0.5153655484375 0.11873274722222223 0.018931794531250025 0.08414131388888889
traffic light 0.50064082109375 0.12621196944444446 0.015776496093750047 0.0822715097222222
traffic sign 0.07257188359375 0.2589682638888889 0.037863591406249994 0.022437683333333305
traffic sign 0.11148724218749999 0.3206719013888889 0.014724731250000001 0.02243767916666665
traffic sign 0.10517664374999999 0.37115668611111113 0.018931792968750007 0.03365652361111107
traffic sign 0.62737867265625 0.36741707083333336 0.01788002890625 0.02056787777777771
car 0.41860303906249996 0.5039129805555556 0.009465896093750014 0.01682826250000002
car 0.40598184140625 0.5039129805555556 0.01472472890625003 0.02056787777777779
car 0.37968768359375 0.5020431736111112 0.026294159374999994 0.033656526388888844
car 0.34603115624999997 0.4870847194444445 0.03681182656250002 0.06170363472222217
car 0.44069013593750006 0.5039129805555556 0.013672964843750001 0.018698075000000043
car 0.45436309921875007 0.5020431736111112 0.010517659374999955 0.024307494444444445
car 0.4627772296875 0.505782788888889 0.011569430468749965 0.026177299999999962
car 0.4711913609375 0.5039129805555556 0.0178800296875 0.031786719444444445
car 0.4827607890625 0.5001733652777778 0.02208709687499999 0.05048478888888886
car 0.49538198749999995 0.49456395000000003 0.05364008828125 0.0635734375
car 0.27766633671875 0.5020431736111112 0.080986015625 0.07666208749999993
person 0.6463104703125 0.4534281958333333 0.05153655468749996 0.3178671875
person 0.6873293625 0.4590376166666667 0.10938370859375005 0.3683519694444444
drivable area 0 0 0 0
lane 0 0 0 0
lane 0 0 0 0
lane 0 0 0 0
lane 0 0 0 0