traffic light 0.41187652109375 0.04337779583333333 0.018364572656250022 0.07019347222222223
traffic light 0.72223778359375 0.0009352305555555556 0.018364571874999937 0.029383312499999998
traffic sign 0.0197929140625 0.16580827222222222 0.057848400781249996 0.035912941666666656
traffic sign 0.08957828749999999 0.1756027125 0.028465085156250004 0.040810156944444426
traffic sign 0.06662257187500001 0.1984564013888889 0.03489268593749999 0.026118501388888878
traffic sign 0.19884748828125 0.24253137083333334 0.017446342968750007 0.037545347222222206
traffic sign 0.8645632140625 0.18539714861111112 0.03672914296874996 0.026118502777777764
traffic sign 0.8618085273437501 0.21314805555555555 0.023873942968749874 0.02938331527777779
traffic sign 0.8618085273437501 0.2408989666666667 0.021119257812499903 0.06856106666666667
traffic light 0.8801731 0.2751795 0.04132028515625006 0.04733978333333333
person 0.624905553125 0.3649618513888889 0.01836457031250003 0.06529625416666668
person 0.63867898125 0.36006463055555554 0.011018743749999959 0.06366384861111109
person 0.6524524109375001 0.36332944305555553 0.02387394374999996 0.07509069305555562
person 0.6634711531249999 0.36169703750000004 0.023873944531250045 0.08488513333333327
person 0.6781628109375 0.35843222500000005 0.027546857812499947 0.08325272499999999
person 0.792941384375 0.37149147777777775 0.021119257031249995 0.09794438194444442
person 0.8177335546875 0.36169703750000004 0.032138000781250044 0.0783555069444444
person 0.8930282999999999 0.37638869583333334 0.03764737265625016 0.13875454305555557
person 0.9490402429687499 0.36169703750000004 0.03581091562500003 0.16487304583333334
person 0.9784235578124999 0.37638869583333334 0.02020102968750006 0.1632406361111111
car 0.41773661796874995 0.36565902916666665 0.03672914296875005 0.04733978333333337
car 0.3387689578125 0.3264812736111111 0.05050257265625002 0.04081015972222224
car 0.39569913046875 0.3542321847222222 0.021119257812500035 0.04733978333333337
car 0.474666790625 0.36565902916666665 0.03672914296875005 0.06203144305555557
car 0.52057821875 0.3558645888888889 0.02295571484375003 0.021221281944444413
car 0.5416974765625 0.33464330833333333 0.05417548593750006 0.08651753750000002
car 0.3268319875 0.3542321847222222 0.08723171562499998 0.13385732083333335
car 0.49241801328125 0.3689557236111111 0.06978537343749994 0.10120919722222219
car 0 0.24979005833333331 0.35468372656249997 0.5435913236111112
traffic sign 0.7284804367187501 0.0005441277777777778 0.04407497265624993 0.058766627777777775
traffic sign 0.77531009453125 0.0005441277777777778 0.05142080078124991 0.057134222222222225
person 0.728635903125 0.36245798055555556 0.02479217265624998 0.10610641388888888
drivable area 0 0 0 0
drivable area 0 0 0 0
lane 0 0 0 0
lane 0 0 0 0
lane 0 0 0 0
lane 0 0 0 0
lane 0 0 0 0
lane 0 0 0 0
lane 0 0 0 0
lane 0 0 0 0