1 0.4827735859375 0.5571568416666667 0.027294620312499962 0.046790773611111156
1 0.49447127734374996 0.5571568416666667 0.014622118750000013 0.05718872638888889
1 0.500320125 0.5432929041666666 0.026319811718749975 0.07625163611111113
1 0.51786666875 0.5432929041666666 0.04386635078125005 0.09184856666666666
1 0.5276147484375 0.5467588861111111 0.04289154375000006 0.10571249722222223
1 0.554909365625 0.51383205 0.11795174921875003 0.19062908750000002
1 0.29171124609375 0.53289495 0.07798462656249998 0.11784343888888885
1 0.25954258750000003 0.5606228208333334 0.04289154531249997 0.0623877027777778
1 0.1367168 0.5259629888888889 0.12575021328125002 0.13170736944444442
1 0.00121850859375 0.5172980305555556 0.1384227140625 0.19582806388888885
1 0.3599477984375 0.4878371694444445 0.12867463437500004 0.21662396666666664
1 0.61924668515625 0.5103660638888889 0.3129213968749999 0.31128320972222223
0 0.64069245703125 0.4895701638888889 0.02047096406249995 0.027727868055555563
1 0.872494503125 0.6056646152777778 0.12490205703124993 0.3449523916666667
