1 0.40513407968750004 0.36298011944444447 0.006034767187499934 0.017880791666666656
1 0.38602397890625 0.36834435694444445 0.011063742187499993 0.014304637499999965
1 0.38702977421874996 0.38264899444444445 0.008046357031250029 0.008940394444444482
1 0.3789834171875 0.3790728319444444 0.005028973437500017 0.014304637500000043
1 0.3990993109375 0.3772847541666666 0.015086919531249965 0.01788079305555562
1 0.41519202499999996 0.3772847541666666 0.018104303124999978 0.019668875000000065
1 0.30254302421875 0.36834435694444445 0.008046355468749988 0.03576158749999997
1 0.2894676921875 0.37370859722222227 0.014081125781250004 0.026821190277777716
1 0.26432282578125 0.37370859722222227 0.02514486640625 0.02860926666666662
1 0.19794037578125 0.34152316666666666 0.05632450234374999 0.0661589375
3 0.26029964687499996 0.36834435694444445 0.007040564062500021 0.030397349999999948
0 0.35685593359375 0.3236423722222222 0.007040564062499977 0.014304634722222234
1 0.43530791953125 0.2682119111111111 0.06939983203125007 0.12874171805555562
1 0.42424417734375003 0.34688740416666664 0.09655628828124999 0.16092714722222226
1 0.31058938046875 0.33973508472222225 0.07342301015625 0.10192052638888885
0 0.0641696875 0.3111258152777778 0.010057945312499993 0.02860926805555558
0 0.057129125 0.2807284652777778 0.05934188515625001 0.04112582638888891
1 0.5871829140625 0.37549667499999995 0.03017383828125002 0.02860927222222224
3 0.69681453046875 0.3719205166666667 0.015086920312499964 0.053642381944444394
1 0.9794428328125001 0.40052978611111106 0.020054157031249888 0.08225165277777782
