0 0.39423203203125 0.17782260416666668 0.023730471874999947 0.057157265277777786
0 0.647867428125 0.346119 0.014544482812500004 0.02313508194444442
0 0.8208702226562499 0.26582665 0.01071698750000003 0.017691531944444467
0 0.88823414296875 0.2426915666666667 0.016840979687500025 0.03266129444444444
0 0.95049471953125 0.24405245416666668 0.018371978906250065 0.02993952222222222
0 0.86782081796875 0.23724801805555554 0.012247985937499983 0.019052423611111122
0 0.39117003515625004 0.37741941805555557 0.010716988281249984 0.024495970833333304
1 0.8463868437500001 0.37061498055555553 0.06277092421874997 0.07348791249999999
1 0.4368448296875 0.3932964236111111 0.048991942187500026 0.038104841666666625
1 0.89844078203125 0.3674395638888889 0.06966041718750002 0.07757057222222224
1 0.75988544609375 0.36880045138888884 0.042102450000000055 0.04763105416666673
1 0.76677493828125 0.3810484361111111 0.08420490000000003 0.10887098333333335
