2 0.443149715625 0.5343746319444445 0.014501942187500028 0.04687496944444444
1 0.44578643281249997 0.5554683680555556 0.010546867968750017 0.03281247777777775
1 0.4194192640625 0.5437496263888889 0.02373045234374995 0.035156224999999985
1 0.41019075390625004 0.548437125 0.007910150781250014 0.025781230555555527
1 0.40359896171875 0.548437125 0.009228509375000016 0.03046872638888887
1 0.39305209375 0.548437125 0.015820301562500028 0.0351562236111111
1 0.3772317921875 0.5531246194444445 0.018457018749999988 0.03984372222222221
1 0.361411490625 0.5437496263888889 0.021093735156249994 0.05859370972222225
1 0.33372596250000003 0.548437125 0.034277319531249975 0.07031244999999997
1 0.30208535937500003 0.5554683680555556 0.050097621875 0.07968744444444442
1 0.457651659375 0.5390621291666666 0.009228508593750018 0.021093736111111146
1 0.4642434515625 0.5414058777777778 0.013183584375000024 0.0374999736111111
1 0.47610867734375006 0.5390621291666666 0.022412092968749953 0.04921871666666667
1 0.49061062031249997 0.5390621291666666 0.018457019531250028 0.05859370972222225
1 0.4998391296875 0.5343746319444445 0.034277319531249975 0.07734369722222227
1 0.52356958203125 0.5249996388888889 0.02768552812499996 0.08437494166666673
1 0.5301613749999999 0.5156246458333333 0.07382807421875004 0.12187491527777776
1 0.5776222796875 0.4921871611111111 0.11206046953124993 0.19687486388888892
1 0.6329933359375 0.43593719999999997 0.36123022031250007 0.37031224583333333
1 0.26648968203125 0.5578121180555555 0.058007771875000017 0.10781242499999995
1 0.15311085234375 0.5507808708333334 0.13974599765625 0.17812487777777777
3 0.11751517421874999 0.5431230694444444 0.0249895609375 0.15765769861111115
3 0.13274413671875002 0.5656808972222223 0.03513815390624999 0.05552695833333329
