car 0.980909475 0.42360247916666666 0.01793799609374993 0.021259848611111132
traffic light 0.9318789484375 0.3151772527777778 0.0119586648437501 0.025511819444444424
traffic light 0.8971988218750001 0.3343111166666667 0.00837106484374992 0.019133861111111095
car 0.86251869453125 0.42998043611111114 0.031092528906250118 0.03826772499999996
car 0.8254468328125 0.42998043611111114 0.03826772734374995 0.03826772499999996
car 0.80392123671875 0.42998043611111114 0.02870079531249985 0.031889770833333365
car 0.47386208984374995 0.4533662680555556 0.09686518359375 0.0701574986111111
car 0 0.48313005555555555 0.14111224375 0.11267719444444448
car 0.16742130625 0.46824816111111106 0.161441975 0.09992128611111113
car 0.33364674609375 0.4576182375 0.12795771328125 0.08503939305555555
car 0.57162417578125 0.44911429722222224 0.07294785312499999 0.0616535597222222
car 0.8780649578125 0.41509854027777776 0.09447345156249991 0.08929136250000001
car 0.667054340625 0.39713396805555556 0.1745965062499999 0.16582681666666665
drivable area 0 0 0 0
drivable area 0 0 0 0
lane 0 0 0 0
lane 0 0 0 0
lane 0 0 0 0
lane 0 0 0 0
lane 0 0 0 0
lane 0 0 0 0
lane 0 0 0 0