3 0.23591859999999998 0.36469031527777773 0.02179475000000002 0.1040030166666667
3 0.21756512734375 0.37080813888888886 0.023515387499999995 0.09890482777777779
3 0.27683155390624997 0.35721298055555556 0.03555985546875 0.16416162222222222
3 0.43838036171874994 0.3738670513888889 0.021221203124999997 0.09992446527777775
3 0.53645673359375 0.38202415 0.006309006249999971 0.03976585833333333
3 0.610252984375 0.3861027 0.01204446640625001 0.04690331944444447
3 0.46285165234375 0.37080813888888886 0.01261801328125003 0.07953171805555555
3 0.55461901875 0.3799848763888889 0.008029643750000037 0.05608005694444442
3 0.54200100625 0.3850830652777778 0.007456097656250016 0.03976585694444444
1 0.6859610609375 0.3830437888888889 0.012618012499999942 0.050981868055555504
1 0.6985790749999999 0.3850830652777778 0.03269212421875008 0.061178241666666605
1 0.79206707890625 0.34429756666666667 0.07341389296875 0.1223564888888889
1 0.6217239046875 0.30759062083333333 0.06481070234375004 0.15702416111111112
1 0.86242207109375 0.2290785416666667 0.137077503125 0.3038519430555555
0 0.08642621874999999 0.0013595125 0.09979701015625 0.14682778472222224
0 0.5089384609375001 0.23689575277777777 0.01548574296874996 0.06117824166666668
0 0.7907407531249999 0.1186178138888889 0.011470920312500077 0.05608005555555556
0 0.5137180171875 0.20936554166666665 0.030397940624999988 0.018353472222222243
0 0.5137180171875 0.31744710555555555 0.02294184218749997 0.010196372222222215
0 0.50396773515625 0.3092900083333333 0.009750282031250012 0.018353472222222205
0 0.5418217734375 0.2980739944444445 0.012618012499999942 0.017333837499999977
0 0.5970733703125 0.16450149583333334 0.06595779453124999 0.035687308333333334
3 0 0.31540783194444444 0.02218906171875 0.3120090444444445
