car 0.39187275390625 0.42458297222222224 0.10138001640625002 0.15077028055555555
car 0.34898120781249997 0.4540438305555556 0.05069000937500001 0.03639282777777776
truck 0.12575021171875 0.41765100555555557 0.189112721875 0.19409507361111109
car 0.0711609734375 0.4592428055555555 0.0662869328125 0.07798462777777779
car 0.05556404609375 0.4557768236111111 0.042891546093749996 0.039858809722222256
car 0 0.45750981527777773 0.02924423515625 0.039858809722222256
car 0 0.48187466805555557 0.1715661828125 0.40715008749999987
car 0.19301195234375 0.4592428055555555 0.23590350000000004 0.21662397083333337
car 0.44710479140625 0.40921846805555556 0.30849588125 0.4828121680555556
car 0.7320806921874999 0.43498092222222223 0.08090905156250008 0.048523769444444455
car 0.8256622460937499 0.43324793194444444 0.06043808671874995 0.05718872638888889
car 0.8120149367187499 0.41938399722222225 0.056538854687500084 0.05545573750000001
car 0.9533620734375001 0.42631596527777776 0.04613491718749998 0.055455736111111126
traffic light 0.8012920492187501 0.32233646111111114 0.02144577265624985 0.0554557347222222
traffic sign 0.9689589984375001 0.25474978472222226 0.028269427343749952 0.09878052916666663
traffic sign 0.09163193750000001 0.3292684277777778 0.0497152 0.019062909722222205
traffic sign 0.005848846875 0.42631596527777776 0.02339538828125 0.01039795138888885
traffic sign 0.30998889531249996 0.23915285833333333 0.03119385078125001 0.04159180000000002
traffic sign 0.597557209375 0.37952518749999997 0.02826942812499995 0.012130944444444462
traffic sign 0.6258266375 0.3639282611111111 0.015596925000000006 0.02079590000000001
traffic sign 0.651171640625 0.4055200638888889 0.012672502343750036 0.01039795138888885
traffic sign 0.23102945937500002 0.37779219583333334 0.010722887499999967 0.015596926388888871
traffic sign 0.1881379140625 0.3171374861111111 0.004874038281249993 0.029460858333333326
traffic sign 0.80519128046875 0.27034670972222224 0.007798463281250001 0.02252889305555554
traffic light 0.816888975 0.26514773472222225 0.01072288593750006 0.036392822222222225
traffic light 0.79446839453125 0.27901166805555555 0.00877327109374999 0.032926843055555585
traffic light 0.21250811015624999 0.33100141805555555 0.006823656250000009 0.027727868055555525
traffic light 0.161818103125 0.32233646111111114 0.008773270312499993 0.03465983472222219
traffic light 0.18716310703125 0.2512838 0.010722886718749991 0.05025675972222222
traffic light 0.34800640078125 0.24955080833333332 0.01364731093749998 0.05545574027777778
traffic light 0.30998889531249996 0.4072530555555555 0.012672501562500039 0.025994876388888914
traffic light 0.48837873046875 0.3483313375 0.006823656250000009 0.02252889305555554
traffic light 0.55953970390625 0.33966637777777775 0.010722885937499971 0.031193852777777784
traffic light 0.66384414296875 0.3933891222222222 0.006823654687500014 0.02772786527777779
drivable area 0 0 0 0
lane 0 0 0 0
lane 0 0 0 0
lane 0 0 0 0
lane 0 0 0 0
lane 0 0 0 0
lane 0 0 0 0
lane 0 0 0 0