traffic light 0.193954896875 0.48909919027777776 0.004798574218749985 0.03199050000000001
traffic light 0.187956678125 0.49123189027777775 0.004798574218749985 0.02345970138888889
car 0.201152759375 0.6063976930555556 0.00959715000000001 0.027725100000000048
car 0.154366653125 0.5999995930555555 0.02279323125000001 0.03625589999999998
car 0.17715988437500002 0.5936014930555555 0.026392162500000003 0.0383886
car 0.09078553359375 0.5829379930555555 0.0467861078125 0.061848298611111116
car 0.04399942734375 0.5829379930555555 0.05518361328124999 0.07251179861111115
car 0 0.5850706930555556 0.066792659375 0.08104259999999996
car 0.21794777187499997 0.5808052930555555 0.03119073750000001 0.04691940000000001
car 0.259935303125 0.5701417902777778 0.061181831249999964 0.10236959999999995
car 0.32231677890625 0.5978668930555555 0.04198753281250003 0.05118480000000005
car 0.36430431015625003 0.5893360930555556 0.06718004999999998 0.10450229861111117
car 0.210749909375 0.5893360930555556 0.1079679375 0.12796199999999996
traffic sign 0.5970351984375 0.5488147902777778 0.014395726562499966 0.02772510277777774
traffic sign 0.73139529765625 0.5018953902777779 0.03598931484375001 0.027725099999999968
traffic sign 0.74339173515625 0.5424166902777777 0.017994658593749956 0.03412320138888892
traffic sign 0.7457910234375 0.41445469027777776 0.038388601562499944 0.029857798611111104
person 0.9185397242187501 0.6234592930555556 0.02879144999999994 0.14502360138888887
person 0.86935433046875 0.6234592930555556 0.02399287500000007 0.09810420138888887
person 0.8357643046875 0.6085303930555556 0.03478967031250004 0.106635
bus 0.46027581015625 0.6106630930555556 0.04558646249999994 0.0383886
traffic sign 0.52625621796875 0.5808052930555555 0.01919429999999993 0.02985780000000007
car 0.9458058749999999 0.6068801819444445 0.05319914296875013 0.23338978611111108
car 0.35804115625 0.6068801819444445 0.014586861718749988 0.03508473888888888
drivable area 0 0 0 0
drivable area 0 0 0 0
lane 0 0 0 0
lane 0 0 0 0
lane 0 0 0 0
lane 0 0 0 0
lane 0 0 0 0
lane 0 0 0 0
lane 0 0 0 0
lane 0 0 0 0
lane 0 0 0 0
lane 0 0 0 0
lane 0 0 0 0
lane 0 0 0 0
lane 0 0 0 0
lane 0 0 0 0
lane 0 0 0 0