car 0 0.37779219583333334 0.14622117578125 0.4992384444444444
car 0.8139645515625 0.4505778486111111 0.18521348984375 0.15423626388888892
car 0.01169769453125 0.37086023055555556 0.288543121875 0.3604622791666666
car 0.20081041640625 0.35006432916666663 0.151095215625 0.2356868736111111
car 0.32851024375 0.37952518749999997 0.05751366406249998 0.16116823055555557
car 0.3801750609375 0.3968551041666667 0.02729461953125001 0.09704753611111107
car 0.40162083359375 0.4211169875 0.013647309375000027 0.051989754166666714
car 0.73500511640625 0.4488448583333333 0.12575021171875003 0.11264446111111112
car 0.689189146875 0.4609758 0.06921135703125003 0.07625163611111113
car 0.65409606484375 0.45750981527777773 0.04971519999999998 0.06758667638888893
car 0.6190029828125 0.4471118638888889 0.04679077656250001 0.0623877027777778
car 0.59658240234375 0.4384469069444445 0.04289154531249997 0.060654711111111065
car 0.58001066796875 0.4505778486111111 0.02339538750000001 0.04332479444444443
car 0.5644137421875 0.44364588194444443 0.028269427343750042 0.04505778472222228
car 0.5468672015625 0.4471118638888889 0.024370196874999993 0.034659834722222234
car 0.4493864171875 0.4315149402777778 0.02047096562500004 0.025994874999999952
car 0.48545430703125003 0.43671391666666665 0.01754654218749998 0.024261883333333383
car 0.51664815859375 0.42631596527777776 0.02242057968749993 0.05025675972222222
car 0.46888257421875 0.43324793194444444 0.02242058046874993 0.03465983333333335
person 0.5049504640625 0.4211169875 0.015596925000000006 0.07625163750000002
traffic sign 0.3353338984375 0.3327344125 0.020470965624999993 0.03985880833333329
traffic sign 0.7018616484375 0.3847241625 0.016571733593749992 0.04332479444444443
person 0.44256276171875 0.4297819472222222 0.007798463281250001 0.036392825
traffic sign 0.2359034984375 0.23395388333333333 0.016571732812499997 0.032926843055555544
drivable area 0 0 0 0
lane 0 0 0 0
lane 0 0 0 0