car 0 0.40947018194444446 0.08126819765625 0.3559980444444444
car 0.0249436953125 0.2932450222222222 0.26854717578125 0.24854303611111112
car 0.24219534296875 0.3111258152777778 0.11466059140625 0.14483443333333337
bus 0.150668028125 0.2771523069444444 0.19612996015625 0.0679470180555556
truck 0.4172036140625 0.15735098611111112 0.10259105546875 0.2503311180555556
car 0.35886752421875 0.2485430375 0.14885761093750002 0.24317879861111108
bus 0 0.29145694305555553 0.0726909859375 0.07557405694444444
person 0 0.345099325 0.00985677578125 0.0393377472222222
person 0.012874159375 0.34152316666666666 0.0120695359375 0.04827814305555557
person 0.02695528359375 0.33973508472222225 0.009052152343749998 0.04470198749999999
person 0.0420422046875 0.34152316666666666 0.015086920312500002 0.023245030555555563
traffic sign 0.14161587656250002 0.1430463513888889 0.012069536718749996 0.03218542916666666
traffic sign 0.22610262734375 0.2324503208333333 0.011063742187499993 0.023245031944444446
traffic sign 0.65255956640625 0.20026489305555553 0.016092714062499968 0.01251655555555556
traffic sign 0.6445132085937499 0.18238409861111113 0.016092714843750057 0.012516556944444446
traffic sign 0.604281421875 0.18417217916666667 0.01709850937499997 0.06794701666666667
traffic sign 0.65255956640625 0.2503311180555556 0.007040563281250023 0.014304634722222234
traffic sign 0.14563905625 0.19668873611111112 0.011063740624999995 0.026821190277777754
traffic light 0.2623112359375 0.20026489305555553 0.008046358593750025 0.026821190277777796
traffic light 0.5841655289062501 0.2288741638888889 0.006034767187499934 0.02682119166666664
traffic light 0.27438077265625 0.20205297083333335 0.005028972656250019 0.025033112500000006
traffic light 0.19794037734375 0.2288741638888889 0.009052152343750008 0.019668874999999985
traffic light 0.23414898593750003 0.2503311180555556 0.006034767187499979 0.025033109722222235
traffic light 0.24219534296875 0.2503311180555556 0.007040562499999981 0.026821190277777796
traffic sign 0.51979466953125 0.23423840277777777 0.009052153125000028 0.026821190277777796
traffic light 0.6374726468749999 0.18953641666666665 0.009052152343750031 0.02860927222222224
traffic light 0.6364668515624999 0.2628476722222222 0.012069535937500042 0.014304634722222194
car 0.5177830812499999 0.3093377375 0.01765172734374998 0.0500662222222222
person 0.7712433359374999 0.2789403875 0.036208607812499946 0.1466225111111111
person 0.665634896875 0.2860927027777778 0.027156456250000006 0.13052979861111114
person 0.6223857265625 0.3093377375 0.018104303906249973 0.0750993347222222
person 0.53588738515625 0.3129138972222222 0.009052151562500032 0.04827814305555557
person 0.55198010078125 0.31470197499999997 0.013075330468749957 0.06973509722222222
person 0.56404963515625 0.3182781347222222 0.008046357031250029 0.04827814305555557
person 0.54594533203125 0.3218542930555556 0.007040562500000025 0.03218542916666666
person 0.75213323828125 0.2896688652777778 0.021121687499999986 0.10728476388888891
person 0.72296519296875 0.29145694305555553 0.030173839843750015 0.12479277361111112
person 0.74006370234375 0.28251654583333335 0.015086919531250053 0.03397350972222222
person 0.72899996171875 0.2860927027777778 0.012069535937499954 0.03218542916666666
person 0.6897739695312499 0.2950331 0.02112168828125007 0.1251655583333333
person 0.658594334375 0.2896688652777778 0.014081124218749963 0.0911920472222222
person 0.64049003046875 0.3039735 0.008046357031250029 0.041125825000000026
person 0.6485363875 0.29860926250000003 0.011063742187500036 0.06437085694444443
person 0.8577416781249999 0.30754965694444447 0.019110098437500157 0.0876158902777778
person 0.8294287468749999 0.3111258152777778 0.009202832031250097 0.06615893888888888
drivable area 0 0 0 0
drivable area 0 0 0 0
lane 0 0 0 0
lane 0 0 0 0
lane 0 0 0 0
lane 0 0 0 0
lane 0 0 0 0
lane 0 0 0 0
lane 0 0 0 0
lane 0 0 0 0
lane 0 0 0 0