traffic light 0.41109041640625 0.3163504902777778 0.008397506249999954 0.01706159999999998
car 0.36430431015625003 0.33767749027777777 0.040787887499999974 0.04691940000000001
car 0.352307871875 0.3504736902777778 0.010796795312500019 0.01706159999999998
car 0.34151107812500003 0.3526063902777778 0.01199643749999999 0.014928899999999995
car 0.328314996875 0.3504736902777778 0.015595367968749985 0.019194301388888887
car 0.321117134375 0.3504736902777778 0.014395725000000015 0.021327000000000023
car 0.30672140937500003 0.34834099027777776 0.016795012499999994 0.027725098611111124
car 0.28272853593749997 0.3419428902777778 0.03119073750000001 0.042654000000000004
car 0.261134946875 0.33767749027777777 0.029991096093750037 0.051184799999999975
car 0.203552046875 0.3248812916666667 0.06238147499999998 0.08104259861111109
car 0.43748257890625003 0.3462082902777778 0.01319608203125 0.017061600000000017
car 0.44947901640625 0.3462082902777778 0.007197863281250072 0.017061600000000017
car 0.45547723515625 0.3462082902777778 0.011996437500000035 0.017061600000000017
car 0.46267509765625 0.3462082902777778 0.015595368750000027 0.02132699999999998
car 0.47707082265625 0.34834099027777776 0.019194300781250017 0.027725098611111124
car 0.48906726015624996 0.3419428902777778 0.03119073906250005 0.03838860138888892
car 0.51066084921875 0.33767749027777777 0.050385037499999986 0.0618483
car 0.55384802265625 0.3227485902777778 0.08397506406249997 0.1002369
traffic light 0.7985753484375 0.2225116888888889 0.02519251875000004 0.0383886
traffic light 0.155566296875 0.2651656986111111 0.015595367968749985 0.029857801388888876
drivable area 0 0 0 0
lane 0 0 0 0
lane 0 0 0 0
lane 0 0 0 0
lane 0 0 0 0
lane 0 0 0 0
lane 0 0 0 0
lane 0 0 0 0
lane 0 0 0 0
lane 0 0 0 0
lane 0 0 0 0