traffic sign 0.45858192343750004 0.36117822638888886 0.01529456171875001 0.025830813888888887
traffic sign 0.56589875625 0.3339878958333333 0.01223565156249995 0.02447129583333335
traffic sign 0.5735460375 0.3557401597222223 0.011470920312499988 0.02447129861111108
traffic sign 0.5857816859375 0.28776433333333334 0.06423715625000001 0.05709969444444442
traffic sign 0.6033704320312501 0.3516616125 0.01835347265624998 0.023111780555555544
traffic sign 0.62401808828125 0.3530211263888889 0.04511895546874998 0.019033231944444475
traffic sign 0.22712423203125 0.38564952222222226 0.019118200781249994 0.016314199999999977
traffic sign 0.26969409296875 0.3530211263888889 0.016824017187499995 0.029909366666666652
traffic light 0.53403509609375 0.3439576819444444 0.005353097656249961 0.01631420000000002
traffic light 0.51950526328125 0.34667671666666666 0.005353096093750054 0.016314199999999977
traffic light 0.5156816234375 0.35211478194444445 0.004588368749999993 0.016314198611111132
traffic light 0.54856493046875 0.34259816805555554 0.006117822656250027 0.014954683333333366
person 0.56742821328125 0.38474318055555556 0.006117824218749934 0.021752263888888894
car 0.03543239609375 0.40060420416666664 0.132297953125 0.12643503611111112
car 0.41907098359374995 0.3940655777777778 0.02523602578125006 0.020392748611111088
car 0.3930702296875 0.39950364583333337 0.028294936718749986 0.017673711111111125
car 0.5071239640625 0.39270606249999995 0.00994146406249996 0.009516615277777795
car 0.49641777109375 0.39270606249999995 0.009941463281249962 0.009516615277777795
car 0.5331247179687499 0.3913465430555556 0.00841200859375002 0.006797587499999954
car 0.52394798125 0.3913465430555556 0.00841200859375002 0.009516615277777715
car 0.517065428125 0.3899870277777778 0.00764728124999996 0.010876130555555521
car 0.54994873515625 0.3872679958333334 0.013000376562500016 0.0095166166666666
drivable area 0 0 0 0
drivable area 0 0 0 0
lane 0 0 0 0
lane 0 0 0 0
lane 0 0 0 0
lane 0 0 0 0
lane 0 0 0 0
lane 0 0 0 0
lane 0 0 0 0
lane 0 0 0 0