0 0.44354908359375 0.3726148861111111 0.011462274218749968 0.03311323611111116
0 0.47363755625000004 0.3995421375 0.011462274218749968 0.0254717208333333
0 0.5252177890625 0.40973082638888886 0.011462274218749968 0.020377377777777796
1 0.5072056453125 0.4462645638888889 0.022924548437500025 0.0687736472222222
1 0.5243990562499999 0.4317456722222222 0.08023592109375004 0.1197170875
1 0.598903840625 0.41136829444444445 0.19734813281250005 0.14646239583333331
0 0.6347234484375 0.340047475 0.015760627343749965 0.022924548611111106
1 0.44273035078125 0.44448153194444445 0.06590807578125002 0.10698122777777776
0 0.54957512265625 0.3919006222222222 0.020058979687500055 0.03311323611111108
1 0.17407587421874998 0.4899913486111111 0.046672517187500026 0.04036542083333335
1 0.23462400390625 0.4608385458333333 0.05802529140625001 0.07400327083333341
1 0.30147923125 0.4384133125 0.07063948515625 0.07176074722222228
