1 0.89121562421875 0.6025428013888889 0.10647638671874997 0.17681060416666664
1 0.10726861406249999 0.5345920583333333 0.09828589453125003 0.09776586250000005
1 0.51913331328125 0.5678740541666667 0.03159189453125002 0.0520031180555555
1 0.510942821875 0.5616336805555556 0.018721122656249988 0.02496149305555551
1 0.4465889625 0.5678740541666667 0.015210910937499999 0.0228813722222222
1 0.43371819062499994 0.5761945527777778 0.01989119140625002 0.018721123611111147
1 0.4161671375 0.5699541777777778 0.018721122656249988 0.020801248611111114
1 0.45360938359374997 0.5491529333333334 0.06786406875000006 0.10400623611111115
0 0.851433240625 0.5366721819444444 0.009360561718749948 0.020801245833333346
0 0.47738862734375004 0.5110173236111112 0.005850351562499956 0.020801245833333346
0 0.45705864140625 0.5087390749999999 0.005850350781249958 0.018721125000000033
0 0.348242115625 0.5105220319444445 0.014040841406250015 0.010400623611111036
0 0.5108818687500001 0.5521245277777778 0.010530632812499973 0.010400625
1 0.54364383359375 0.5666854 0.047972876562500044 0.06656399444444448
3 0 0.43771766805555556 0.07678583515625001 0.24961496944444445
3 0 0.5193532875 0.0413003546875 0.16676481944444446
