1 0.19752641484375 0.44537547361111113 0.09287327578125001 0.09226626250000002
1 0.4105886359375 0.46722800972222217 0.02731566953125002 0.021852537500000026
1 0.2685471546875 0.4405193555555556 0.04780242187499999 0.08498208194444443
1 0.3067890921875 0.4696560694444445 0.03414458671874998 0.04370507083333332
1 0.33410476171875 0.4696560694444445 0.015023617968750003 0.04127701111111111
1 0.34093367890625 0.46237189027777775 0.025949885937500028 0.041277012499999995
1 0.532143365625 0.4550877125 0.038241937500000045 0.05098924861111106
1 0.52121709765625 0.4550877125 0.015023617968750003 0.048561190277777735
1 0.5034619124999999 0.45994383055555554 0.021852536718750048 0.043705072222222204
1 0.4911698609375 0.45994383055555554 0.01638940234374999 0.043705072222222204
1 0.48297516015625 0.45994383055555554 0.016389401562499996 0.04127701111111111
1 0.43790430546875003 0.46479994999999996 0.016389401562499996 0.016996416666666726
1 0.394199234375 0.46722800972222217 0.017755185156249985 0.021852537500000026
0 0.34093367890625 0.15643639305555557 0.009560484374999989 0.05584536805555557
0 0.52121709765625 0.14672415416666668 0.009560484375000034 0.06555760694444446
0 0.04046131484375 0.26569907083333333 0.051899771874999986 0.024280594444444463
0 0.08143481875 0.2948357847222222 0.04643663906249999 0.026708654166666672
0 0.44200165625 0.39195816527777777 0.00682891718750005 0.02913671388888888
0 0.39829658515625 0.40652652222222224 0.008194700781249998 0.024280594444444463
