1 0.3631897796875 0.43765824444444446 0.011700700781250007 0.0166409986111111
1 0.351489078125 0.4418184958333333 0.010530632031249976 0.01872112222222226
1 0.33978837734375 0.43973836944444444 0.016380980468749983 0.022881373611111085
1 0.3011760609375 0.44597874305555557 0.019891192968750016 0.02080124722222223
1 0.2269936125 0.45138707083333335 0.03510210468750001 0.029121743055555527
1 0.1509390515625 0.47218831666666666 0.025741543749999995 0.022881373611111085
1 0.038612315625 0.4451466944444445 0.08307498124999999 0.062403743055555495
1 0.0011700710937500001 0.45138707083333335 0.04446266484375 0.06656399027777773
1 0.5204472140624999 0.4339140180555556 0.01287077187500003 0.0228813722222222
1 0.52863770390625 0.4359941444444444 0.019891192968750016 0.03120187222222223
1 0.5426785468750001 0.4359941444444444 0.021061263281249954 0.03120187222222223
1 0.55671938984375 0.4359941444444444 0.03627217578125004 0.04160249583333334
1 0.5695901601562501 0.44015439166666664 0.025741542968749975 0.04160249444444446
1 0.5894813546875 0.4422345166666667 0.01989119140625002 0.043682618055555546
1 0.6058623359374999 0.43807426805555555 0.06084364921874998 0.07280436666666669
1 0.65026649609375 0.4529471611111111 0.047972876562500044 0.08112486527777776
1 0.6957529539062499 0.42672273194444443 0.13806827968750007 0.15184910833333337
1 0.81041983125 0.44603816388888884 0.18721122578125 0.19969197638888891
0 0.5073716593750001 0.3925492569444445 0.009360560937499951 0.02496149583333328
