1 0.5478637749999999 0.5994900972222222 0.01463648515624998 0.026020419444444404
1 0.55389056328125 0.5857145777777778 0.04132654921874997 0.04132655416666664
1 0.5762757765625001 0.5964288708333333 0.038743640625 0.03673470972222219
1 0.59607808203125 0.5795921277777778 0.017219394531249942 0.01836735416666665
1 0.60468778046875 0.5750002916666667 0.022385214843749956 0.024489805555555615
1 0.61071456796875 0.5688778375 0.04218751953124995 0.06275512916666667
1 0.6772962406249999 0.5709186208333333 0.03529976015625005 0.05357145277777783
1 0.7504786718750001 0.5586737208333333 0.10245540312499993 0.06428574166666673
1 0.7737248554687499 0.5770410763888889 0.12828449765625 0.07806125833333329
1 0.3725129265625 0.6030614986111111 0.01205357812500001 0.015306129166666693
1 0.2376276578125 0.6183676263888889 0.012053577343749965 0.021428580555555576
1 0.34955372812499996 0.6066329402777778 0.010331637500000036 0.013775515277777827
1 0.37882670078124997 0.6066329402777778 0.02841200312500001 0.0413265486111111
1 0.34151801484375 0.6051023277777777 0.006887757812499995 0.016836743055555558
1 0.26029987109374997 0.6127553930555555 0.04563139921874999 0.052040838888888885
0 0.3047833 0.5612247486111112 0.004304850000000027 0.013775516666666635
0 0.39518512656250004 0.5642859722222222 0.005165819531249971 0.016836743055555478
0 0.32458560546875004 0.5806125208333334 0.0034438796874999957 0.012244904166666654
0 0.38714941328124997 0.5714288430555555 0.004304847656250032 0.013775516666666713
0 0.3067922375 0.6051023277777777 0.007748727343749984 0.010714288888888904
0 0.01205357734375 0.4678573625 0.0335778203125 0.0520408375
0 0.5346622296875 0.5336737166666666 0.015497458593749958 0.015306130555555578
0 0.7114480585937499 0.44336755138888884 0.02496812343750001 0.0903061638888889
0 0.24595037031250003 0.5061226847222222 0.030133942187499985 0.018367351388888883
0 0.25283812890625 0.5260206527777778 0.01808036640624997 0.007653062499999979
1 0.893632815625 0.6021431291666667 0.04735333593750006 0.05204084305555554
1 0.48837873046875 0.5912967722222222 0.05458923984375001 0.029460858333333326
