car 0.6118996 0.6533170902777777 0.018725623437499995 0.023459700000000003
car 0.5922366218749999 0.6469189902777778 0.02159358828125004 0.03412319999999996
car 0.57064303515625 0.6426535916666667 0.021593586718749957 0.04691940000000001
car 0.5466501609375001 0.6490516916666667 0.028791448437499943 0.05545019861111105
car 0.5286555046875 0.6575824902777777 0.027591806250000062 0.059715601388888866
car 0.47947011093749997 0.6447862888888889 0.06238147500000002 0.11090040138888892
car 0.45547723515625 0.6554497888888889 0.04438681796875006 0.11303310277777776
truck 0.24433993359375 0.6106630916666667 0.22673267031250002 0.2601893999999999
car 0.6726127546875 0.6405208902777778 0.00959714999999992 0.021326998611111096
car 0.68340954921875 0.6469189902777778 0.011996436718749948 0.023459700000000003
car 0.6978052734375 0.6405208902777778 0.02879151328125005 0.04265400138888885
car 0.7253970804687501 0.6341227902777777 0.022793231249999924 0.05758290000000004
car 0.7481903101562499 0.6362554902777777 0.05038503906250007 0.07677720138888897
car 0.77698176328125 0.6213265944444444 0.08157577500000004 0.12796200000000005
car 0.84656109921875 0.5765398916666666 0.15343890078125 0.25165859999999995
drivable area 0 0 0 0
lane 0 0 0 0