0 0.3675025578125 0.027727865277777777 0.01364731093749998 0.05198975416666667
0 0.38212467578125 0.029460858333333336 0.009748075781250032 0.05198975138888889
0 0.35775447968749996 0.031193851388888888 0.009748078125000026 0.051989751388888894
3 0.39577198515625 0.2616817486111111 0.02534500390625003 0.08145060972222223
0 0.24565157734374998 0.08664958611111111 0.021445770312500036 0.020795902777777788
0 0.3197369734375 0.05718872638888889 0.013647310156249981 0.043324790277777775
0 0.257349271875 0.1940950722222222 0.016571732031249998 0.038125815277777794
0 0.727206653125 0.2200899486111111 0.015596924218750008 0.024261886111111113
3 0.9611605367187501 0.22355593333333335 0.03704269687499995 0.08664958749999999
1 0.8870751390624999 0.29980756805555553 0.07408539609375016 0.07798462500000002
1 0.9231430296875001 0.2963415861111111 0.07506020546874996 0.3188704763888889
1 0 0.14210532083333333 0.32071178203125 0.4505778486111111
0 0.28229874921875 0.057203394444444444 0.0053628187500000205 0.02669491805555555
