traffic light 0.33856255859375 0.20232991666666666 0.021040610937500002 0.04874054027777777
traffic light 0.6324935179687501 0.28054148055555556 0.01976542265624994 0.03853903194444443
traffic light 0 0.23293444166666666 0.01402707265625 0.034005029166666666
traffic sign 0.20721813828125 0.3870905680555556 0.0063759429687499924 0.012468513888888881
traffic sign 0.5534318265625 0.3780225583333333 0.014027072656250006 0.0396725319444444
traffic sign 0.69210858203125 0.33948352638888885 0.11221659140624993 0.03173802361111113
traffic sign 0.69210858203125 0.3077455 0.10902862187500002 0.030604524999999997
traffic sign 0.6952965546875001 0.15472287777777777 0.10839102656249996 0.15075562083333335
traffic sign 0.58435515 0.37122155 0.03251730937500001 0.021536519444444478
traffic light 0.03761806171875 0.4414986125 0.007651132031249996 0.011335006944444437
car 0.17278804453125002 0.4585011236111111 0.026141366406249998 0.03740553055555556
car 0.13708276875 0.4346976069444445 0.022953395312500003 0.01813601527777777
car 0.43165132109375 0.44036510972222226 0.018490235156250014 0.032871526388888836
car 0.44440320624999996 0.4346976069444445 0.014664669531250053 0.03967253611111106
car 0.45715509453125 0.4358311055555556 0.015302259375000026 0.04307303472222222
car 0.48010848671875 0.4358311055555556 0.015302260937500024 0.021536515277777744
car 0.47245735624999996 0.43809810694444445 0.010839102343750007 0.02267001527777776
car 0.47373254296875 0.4585011236111111 0.014027073437500004 0.023803522222222206
car 0.51262579453125 0.4324306055555555 0.01466466718749997 0.01700251666666672
car 0.49668593828125 0.4358311055555556 0.015939856249999985 0.010201502777777765
car 0.48775961875 0.44829961805555557 0.03761806171875 0.038539029166666613
car 0.5266528703125 0.4358311055555556 0.024228581249999957 0.012468512499999997
car 0.5496062640625 0.4324306055555555 0.03315490234374998 0.027204019444444484
car 0.5725596562499999 0.44263211111111106 0.037618062499999994 0.03060452777777785
car 0.60954012421875 0.44263211111111106 0.022315799218749977 0.03627202916666674
car 0.6331311125 0.4358311055555556 0.052920324218750016 0.05327454305555553
car 0.50656865 0.44603261666666666 0.07778650312500002 0.0487405375
person 0.83492969921875 0.42336259305555557 0.05993386249999997 0.19722916666666665
car 0.78200937578125 0.47437014027777774 0.15110984296874994 0.08161206666666669
car 0.9286560570312499 0.44036510972222226 0.06949777421875006 0.054408041666666664
car 0.10329027187499999 0.4392316111111111 0.05929626718750001 0.07481106111111112
car 0.0013628546875 0.4402517527777778 0.11476696953125001 0.27884122777777776
truck 0.1779764734375 0.3541056972222222 0.27862869687499997 0.4046598152777777
traffic light 0.3261297359375 0.1904283111111111 0.012433099218750021 0.05780859444444444
drivable area 0 0 0 0
lane 0 0 0 0
lane 0 0 0 0
lane 0 0 0 0
lane 0 0 0 0
lane 0 0 0 0
lane 0 0 0 0
lane 0 0 0 0
lane 0 0 0 0
lane 0 0 0 0
lane 0 0 0 0
lane 0 0 0 0
lane 0 0 0 0