car 0.45642433281250006 0.4511842125 0.020982730468749988 0.0444078972222222
car 0.65625985859375 0.44940789722222224 0.037968751562500014 0.04973684305555553
car 0.6772425906249999 0.45473684444444445 0.09392269921875007 0.09236842083333335
car 0.51237828046875 0.4298684236111111 0.159868421875 0.23802631666666663
traffic sign 0.59331166875 0.4032236861111111 0.01298930937499998 0.02309210555555552
traffic light 0.5113791015625 0.44585526527777775 0.007993421875000007 0.010657894444444496
traffic sign 0.45042926640625 0.39967105416666665 0.011990132031250055 0.02486842361111117
traffic sign 0.14368173203125 0.08171052638888888 0.04396381640625 0.03374999861111112
traffic sign 0.14168337656250002 0.12256579027777778 0.045962171875 0.03019736805555555
traffic sign 0.13468913359375 0.16875000138888888 0.04995888046874999 0.08348684305555554
traffic sign 0.14068419921875 0.25046052916666667 0.03896792812500001 0.036449011111111124
car 0.47840624062500003 0.44940789722222224 0.019983552343749978 0.0426315819444444
drivable area 0 0 0 0
lane 0 0 0 0
lane 0 0 0 0