car 0.00079222890625 0.59283555 0.13455806953125 0.13936835694444452
car 0.7835691703125 0.5533131805555556 0.21529291093750008 0.21009259999999996
car 0.299160121875 0.5949156763888889 0.062013718750000016 0.07488449305555554
car 0.41499706796874997 0.578274676388889 0.06318378906250004 0.10816648888888886
car 0.5203033835937501 0.5449926805555555 0.08190491171875003 0.14560873333333338
car 0.624439628125 0.5949156763888889 0.08892533125000002 0.11024661111111106
car 0.1330101578125 0.5949156763888889 0.07956477109375 0.09152548749999999
car 0.2184252796875 0.5990759250000001 0.05616336875000001 0.06656399166666663
car 0.21023478906249998 0.6198771722222222 0.012870773437500028 0.03744224583333333
car 0.35532348984375 0.5990759250000001 0.025741544531249973 0.04992299444444441
car 0.49924212109375 0.6053163 0.021061262500000046 0.03952236805555553
car 0.47584071640625 0.60115605 0.0269116140625 0.04160249444444446
car 0.38808545390625004 0.6032361763888888 0.02340140390624996 0.03536211944444448
car 0.37755482265625 0.5990759250000001 0.012870771874999987 0.04160249722222215
person 0.62677976796875 0.5969957986111111 0.011700700781250007 0.024961497222222247
traffic sign 0.91461702890625 0.4139448236111111 0.028081684374999936 0.033281995833333314
drivable area 0 0 0 0
lane 0 0 0 0
lane 0 0 0 0
lane 0 0 0 0
lane 0 0 0 0
lane 0 0 0 0