0 0.4978123265625 0.2493749125 0.010546870312500012 0.026249991666666656
0 0.439804534375 0.2474999138888889 0.00843749765625006 0.018749993055555532
0 0.4978123265625 0.2906248986111111 0.005273435937500004 0.014999994444444435
0 0.49886701328124994 0.3074998916666667 0.006328122656250023 0.016874991666666655
0 0.47355452187499997 0.31124989166666667 0.006328122656250023 0.01499999583333336
0 0.47355452187499997 0.2868749013888889 0.00843749765625006 0.016874991666666696
0 0.402890484375 0.30937489027777776 0.010546870312499923 0.013124994444444442
0 0.546327934375 0.3074998916666667 0.005273435937500004 0.01499999583333332
0 0.5737497984375 0.26812490555555557 0.013710932812500066 0.03937498888888887
0 0.40183579765625 0.2906248986111111 0.011601558593750028 0.00937499444444442
0 0.41027329375 0.25499991111111114 0.00949218437499999 0.011249995833333297
1 0.45351546640624996 0.3343748736111111 0.012656246093750045 0.02249999166666667
1 0.44296859531250005 0.3343748736111111 0.012656246093749957 0.026249988888888885
1 0.42820297500000004 0.33062487361111115 0.01898436874999998 0.037499988888888836
1 0.46089827578125 0.33624987222222225 0.024257804687499985 0.03562498750000004
1 0.5231248171875 0.33062487361111115 0.00843749765624997 0.022499993055555518
1 0.52628887734375 0.33062487361111115 0.01054687109375001 0.02999999166666664
1 0.5294529406249999 0.326874875 0.04746092109375004 0.07499997500000002
1 0.34910143984375 0.34187487083333334 0.027421864843749998 0.06562497499999995
1 0.559921675 0.30611316944444444 0.08437497031249999 0.1462499486111111
1 0.58207010546875 0.3286131611111111 0.08648434609374993 0.17249994166666663
1 0.62636696484375 0.28173817777777777 0.24363272734374997 0.32062488750000007
1 0.269882715625 0.3042381708333333 0.08121090937499997 0.09562496666666666
1 0.3626951828125 0.31923816388888887 0.07066403749999997 0.09374996805555556
1 0.45550764921875003 0.3398631569444444 0.08648434453124994 0.11624996111111116
1 0.10851558359374999 0.31923816388888887 0.23941397890625 0.2624999069444444
1 0 0.26298818611111113 0.06949216015625001 0.3243748861111111
1 0.72761692890625 0.34923815555555554 0.27105459140625 0.4387498458333334
