1 0.00085359375 0.5522100930555556 0.0259498859375 0.21366923750000003
1 0.02134034609375 0.6001537722222222 0.147504615625 0.13901690138888892
1 0.138797725 0.5789187472222223 0.11472581171875 0.1262590958333333
1 0.2262078671875 0.5643503902777778 0.084678575 0.11169073749999998
1 0.3067890921875 0.5813468069444444 0.03277880312499999 0.08498208194444443
1 0.34639681328125 0.5959151638888889 0.04643663671875 0.03399283333333329
1 0.6192462187500001 0.5948745805555556 0.031413019531249996 0.048561190277777735
1 0.609685734375 0.5973026388888889 0.02185253671874996 0.041277012499999995
1 0.60012525078125 0.5973026388888889 0.028681452343750014 0.038848952777777786
1 0.46491268671875 0.6045868180555556 0.006828917187499961 0.019424476388888934
1 0.472902528125 0.6021587583333333 0.008194700781249953 0.02185253611111114
1 0.44070702109375004 0.5973026388888889 0.023218318749999956 0.03399283333333329
1 0.52401981328125 0.5948745805555556 0.02731566953125002 0.04127701111111111
1 0.5608959671875 0.5973026388888889 0.02321831953125004 0.038848952777777786
1 0.586845853125 0.6021587583333333 0.008194700781250041 0.02185253611111114
1 0.48168052499999997 0.6045868180555556 0.010926267187500028 0.02185253611111114
1 0.50763041171875 0.5997306986111112 0.010926266406250029 0.026708655555555558
2 0.82312639375 0.6240112944444445 0.04507085390625001 0.08741014166666664
0 0.4892919296875 0.5196047347222222 0.006828917187499961 0.02185253611111114
0 0.48304630859375 0.5187953833333333 0.0068289179687500475 0.02508994583333338
0 0.56167845390625 0.5196047347222222 0.004097350781249976 0.019424476388888855
2 0.71386371640625 0.6240112944444445 0.079215440625 0.08498208194444443
2 0.7029374484375001 0.619155175 0.07648387421875 0.06555760694444446
2 0.690645396875 0.6142990555555555 0.08194700859374997 0.06312954722222225
2 0.6783533453125 0.6094429375 0.09423906015624998 0.07284178472222219
2 0.667427078125 0.6118709972222223 0.09697062656250006 0.06312954722222218
2 0.6728902117187501 0.6070148777777777 0.08467857578124996 0.06070148750000005
1 0.4939725765625 0.6021587583333333 0.010926267187500028 0.029136715277777763
2 0.65786659375 0.6021587583333333 0.04916820468749998 0.06312954722222225
0 0.633040640625 0.5554186125 0.012292050781250018 0.004856119444444415
0 0.652161609375 0.5529905541666666 0.010926266406250029 0.014568356944444518
0 0.64533269140625 0.5699869694444445 0.012292051562500017 0.012140298611111117
0 0.5676537359375 0.5209921930555556 0.005463133593750058 0.02185253333333337
2 0.671524428125 0.5778781638888889 0.01365783515624992 0.01699641805555561
0 0.5933102171875 0.5114474416666667 0.013253973437499945 0.012474327777777777
