0 0.46867331640625 0.39312769166666667 0.008397505468750044 0.027725099999999968
0 0.525056575 0.4016584902777778 0.00959715000000001 0.031990498611111126
1 0.49866441093749997 0.44857789027777784 0.007197862499999985 0.017061599999999937
1 0.49146654765625 0.4507105888888889 0.008397505468750044 0.02132700000000006
1 0.48426868515625 0.46137409166666665 0.011996436718749948 0.01919429999999996
1 0.46147545390625 0.4677721888888889 0.020393943749999987 0.03199050000000001
1 0.36670359765625 0.43578169027777774 0.07380940156249997 0.11874917916666669
1 0.29832390390625 0.4635067902777778 0.06837969375 0.07677720138888888
1 0.252737440625 0.45710869027777784 0.05278432734375001 0.09383879999999994
1 0.14836843359375002 0.45284329027777775 0.11756508749999998 0.13436009861111115
1 0.02000655390625 0.47417029027777774 0.14035831875 0.16635060000000004
1 0 0.49762999027777777 0.027204416406249998 0.1684832986111111
1 0.5466501609375001 0.46563949027777773 0.011996436718749948 0.02559240138888891
1 0.55504766640625 0.47843569166666666 0.013196081250000002 0.02559240138888883
1 0.56824374765625 0.4635067902777778 0.01919430000000002 0.0533175
1 0.57784089765625 0.4677721888888889 0.02519251875000004 0.05331750138888888
1 0.5922366218749999 0.46990489027777776 0.023992877343750062 0.06398100000000002
1 0.6054327046875 0.46563949027777773 0.05038503750000008 0.08104260138888893
