traffic light 0.37822544453125 0.16116823055555557 0.013647309374999982 0.060654711111111086
traffic light 0.35483005703125003 0.15596925555555557 0.020470964062499996 0.05718872638888889
traffic light 0.46595815078124997 0.38299117222222223 0.016742318749999985 0.028571044444444423
traffic sign 0.47765584531250005 0.22355593194444445 0.024370196093749998 0.06931966805555553
car 0.30219043125 0.4609758 0.03801750625000002 0.05025675972222222
car 0.29439196953125 0.4627087902777778 0.01559692578124996 0.04159180000000002
car 0.2856187 0.4627087902777778 0.013647309375000027 0.027727868055555563
car 0.27684542734375 0.4644417819444444 0.009748078906250023 0.020795901388888892
car 0.265147734375 0.4540438305555556 0.02534500390625003 0.019062911111111133
person 0.51274892734375 0.43498092222222223 0.017546541406249984 0.08145061250000005
car 0.13729055078125002 0.4609758 0.06987299921875001 0.0771488305555555
car 0.20470964687499998 0.4644417819444444 0.020470965624999993 0.05372274444444448
car 0.81104012734375 0.4560934361111111 0.1884568625 0.12619178472222226
traffic light 0.8188818796874999 0 0.027685527343750137 0.05765620972222222
drivable area 0 0 0 0
lane 0 0 0 0
lane 0 0 0 0
lane 0 0 0 0
lane 0 0 0 0
lane 0 0 0 0
lane 0 0 0 0
lane 0 0 0 0
lane 0 0 0 0
lane 0 0 0 0
lane 0 0 0 0
lane 0 0 0 0
lane 0 0 0 0
lane 0 0 0 0
lane 0 0 0 0
lane 0 0 0 0
lane 0 0 0 0
lane 0 0 0 0
lane 0 0 0 0
lane 0 0 0 0