1 0.35540808749999997 0.4839794902777778 0.01446428281250003 0.025714280555555528
1 0.2565688171875 0.47510195 0.03926019609374998 0.05510202638888894
1 0.1914795453125 0.46959174444444446 0.0774872265625 0.07530611249999998
1 0.3262083203125 0.47020398333333335 0.027895401562500012 0.04224489027777775
1 0.6444225390625 0.4518366388888889 0.0867856953125 0.06979590277777774
1 0.6154939734375 0.34163258055555557 0.27275504296874997 0.24612239583333334
1 0.6847158984374999 0.4812243875 0.20559944531250007 0.23510199444444446
1 0.30244557109375003 0.4455917388888889 0.49075244609375 0.40408154583333333
1 0.7993969953125 0.5095625777777778 0.19967168593749998 0.35816319027777777
2 0.1257746890625 0.45918357638888885 0.021696425 0.09551018472222224
2 0.1185425484375 0.5326529486111111 0.03616070624999999 0.04591835694444445
0 0.19792452031250002 0.3534401625 0.006198978124999988 0.0275510152777778
0 0.30926013203124997 0.36612237222222227 0.008265306250000038 0.025714280555555528
0 0.484282265625 0.38277543194444447 0.006198977343750034 0.02204081249999995
0 0.5617694945312499 0.3993060388888888 0.006198977343750034 0.02571428472222226
0 0.429524625 0.12379589027777779 0.14670915156250003 0.1322448708333333
0 0.260085884375 0.11571425833333333 0.12604589296874996 0.12857140555555557
0 0.0720502109375 0.32142850277777774 0.019630096093749994 0.07346937083333331
0 0.69608068984375 0.2167346486111111 0.04649233828124997 0.06612243472222225
0 0.234256809375 0.4095917513888889 0.018596934374999964 0.02755101249999999
0 0.18156549453124998 0.4224488902777778 0.015497445312500014 0.018367341666666686
0 0.24458843984374998 0.44265296805555554 0.008265305468749994 0.011020408333333382
3 0.06275174296875 0.45734684444444446 0.011364793750000001 0.07530610555555554
0 0.69608068984375 0.28285708333333337 0.04855866406249998 0.08448977777777773
3 0.182427075 0.45839641388888885 0.013431119531250002 0.06428570277777779
0 0.59465913046875 0.4114284833333333 0.019630097656250012 0.016530609722222225
0 0.59362596640625 0.33979584583333333 0.01963009843750001 0.02938774722222222
1 0.920548290625 0.5058891097222222 0.07852039062500005 0.07714284027777778
