0 0.5209328656250001 0.31218727777777777 0.009228510156250013 0.03046872916666664
0 0.4141458296875 0.30515603333333335 0.009228509375000016 0.028124980555555564
0 0.58948750546875 0.3754684847222222 0.014501943750000024 0.016406240277777803
0 0.6290382601562501 0.3754684847222222 0.015820303124999935 0.014062490277777803
0 0.32977088671875 0.29343729166666666 0.00922851015624997 0.025781233333333337
0 0.5433449593749999 0.32624976805555556 0.02373045234375004 0.016406238888888876
0 0.584214071875 0.3567184972222222 0.014501943750000024 0.014062488888888917
0 0.5868507890625 0.29578104027777774 0.011865224218750026 0.018749986111111106
0 0.6290382601562501 0.35203100277777777 0.015820303124999935 0.016406236111111108
0 0.64222184453125 0.3239060208333333 0.014501942968750025 0.03749997638888887
3 0.79646978515625 0.40593721388888887 0.021093735937500035 0.08203119305555553
3 0.7872412765625 0.41765595555555557 0.01713866015625003 0.0749999472222222
3 0.68440931484375 0.4082809625 0.010546869531250013 0.046874968055555556
3 0.6936378249999999 0.3989059680555555 0.015820301562500028 0.06562495416666671
3 0.1583842875 0.3707809888888889 0.01845701718749999 0.05624996111111113
1 0.257261171875 0.38015598194444444 0.030322244531249966 0.04453121805555556
1 0.18870653125 0.39187472500000003 0.09360345156250001 0.10546867638888884
1 0.275718190625 0.38015598194444444 0.0791015078125 0.10312492638888884
1 0.39568881093749997 0.39187472500000003 0.02900388593750005 0.03046872916666664
1 0.420737621875 0.38953097500000006 0.04746090390625 0.08437494027777777
1 0.4589700171875 0.38953097500000006 0.018457018750000033 0.03281247499999999
1 0.48270046953124995 0.39187472500000003 0.022412094531250037 0.04218746805555556
1 0.5288430164062501 0.3989059680555555 0.015820301562499937 0.03749997500000006
1 0.49720241328125 0.3848434777777778 0.03823239687499998 0.06796870555555551
1 0.57366720390625 0.3989059680555555 0.10415031953125001 0.13828115555555556
1 0.33372596328125004 0.3707809888888889 0.10151360156249996 0.16874988333333332
1 0.0001812703125 0.38015598194444444 0.14106435703125 0.19218736805555559
