traffic sign 0.49325277031250003 0.3899231388888889 0.03314346640624999 0.02946085694444444
car 0 0.5580233361111111 0.008773270312500001 0.09704753611111114
car 0.673592221875 0.46097579861111115 0.31486293281250005 0.27034670972222213
car 0.4493864171875 0.4523108402777778 0.04191673749999998 0.07278565277777777
car 0.368477365625 0.4627087902777778 0.04289154531249997 0.057188727777777774
truck 0.11795174921875 0.21142499027777775 0.25052561640625 0.40725305555555563
car 0.581960284375 0.46790776666666667 0.10722886171874997 0.11437745138888888
car 0.53614431484375 0.4488448569444444 0.06531212578124998 0.09011556944444447
car 0.51177411875 0.4661747736111111 0.032168659375 0.04505778750000004
car 0.49617719375 0.46790776666666667 0.023395388281250006 0.02772786527777779
car 0.34995601640624996 0.4471118652777778 0.027294621093750006 0.05545573472222224
truck 0.4133185265625 0.4540438319444445 0.029244235156249944 0.04332479305555555
car 0.48740392265625 0.4557768236111111 0.017546541406249984 0.027727868055555563
car 0.44158795390625 0.4627087902777778 0.012672502343750036 0.019062909722222247
car 0.0009748078125000001 0.4297819486111111 0.08675789843750001 0.07278565000000006
car 0.09748078437499999 0.4488448569444444 0.025345003906249997 0.05372274305555559
car 0.07603501171875 0.4401798986111111 0.032168659375 0.05545573472222224
drivable area 0 0 0 0
drivable area 0 0 0 0
drivable area 0 0 0 0
lane 0 0 0 0
lane 0 0 0 0
lane 0 0 0 0
lane 0 0 0 0
lane 0 0 0 0
lane 0 0 0 0