car 0.3301255421875 0.5667393847222222 0.04822927734375 0.10255288750000006
car 0.28000491875 0.5701017763888889 0.04255524531249999 0.06220421111111112
car 0.173143971875 0.5737698375 0.09456721171875002 0.11936483333333332
car 0.10410990546875001 0.5889005833333333 0.07849078828125 0.09414691527777777
car 0.004814333593749999 0.6057125388888889 0.06241435703125 0.10927766527777784
car 0.3575500328125 0.4524181291666667 0.25627714453125006 0.4237589388888888
truck 0.54496202890625 0 0.45503797109375005 0.8894123722222221
traffic light 0.22515593828124997 0.4574617194444444 0.014185081250000042 0.03530509166666668
traffic light 0.16936128203125 0.4981160625 0.014185082812499994 0.028580313888888834
drivable area 0 0 0 0
drivable area 0 0 0 0
lane 0 0 0 0
lane 0 0 0 0
lane 0 0 0 0
lane 0 0 0 0
lane 0 0 0 0
lane 0 0 0 0
lane 0 0 0 0