0 0.27824244296875 0.310376 0.07838486015625001 0.0788249
0 0.2279197 0.3312348083333333 0.05148304140625002 0.03966100972222222
0 0.58401073515625 0.3724212430555556 0.013728810156250049 0.028983044444444377
1 0.38354865625 0.44885584722222227 0.00858050546875 0.024406774999999926
1 0.37153594609375 0.44275415416666664 0.014586861718749988 0.02745762083333337
1 0.3543749328125 0.4381778833333333 0.02145126718750001 0.03813558750000002
1 0.39212916249999996 0.4347456805555555 0.02659957265625006 0.03546609444444447
1 0.419586784375 0.4305507652777778 0.010296608593750011 0.030508470833333315
1 0.42645118984375 0.4473304236111111 0.009438557031250027 0.02440677361111112
1 0.4290253421875 0.44427957638888893 0.01287076015625006 0.03355931527777772
1 0.43760584921875 0.4397033069444445 0.01973516562499995 0.038135583333333285
1 0.45047660859375 0.4305507652777778 0.03947033124999999 0.06101693749999997
1 0.395561365625 0.44122872916666667 0.030889824218749994 0.03966100972222222
1 0 0.4229236486111111 0.0463347375 0.050338973611111094
2 0.51970163046875 0.4347456805555555 0.015721996875000067 0.05033897222222221
0 0.32659552812500003 0.4109926513888889 0.018877115625000006 0.02288135138888884
2 0.521373034375 0.4652541486111111 0.014586861718750033 0.02658594305555558
0 0.46302558749999995 0.3881112986111111 0.012012709375000074 0.010677963888888876
0 0.445864575 0.38353502777777776 0.007722454687500058 0.010677963888888876
0 0.4290253421875 0.4210168694444444 0.012012709375000074 0.019830504166666665
1 0.11326269062500001 0.42376263611111115 0.03518007812499999 0.03661016249999997
