traffic sign 0.7385931609374999 0.2609002888888889 0.08277541875000001 0.07251180277777777
car 0.36190502265625 0.4336489902777778 0.014395725781250012 0.02345970138888889
car 0.328314996875 0.4336489902777778 0.031190739062500007 0.04691939999999993
car 0.2659335234375 0.4251181902777778 0.05758290000000001 0.08104259999999996
car 0.07758945234375 0.4101892902777778 0.040787889062500006 0.031990499999999936
car 0.021206197656250002 0.40592389027777775 0.037188956249999995 0.027725100000000048
car 0 0.40592389027777775 0.04279978515625 0.02985779999999999
car 0.46987296015625 0.4336489902777778 0.029991093749999996 0.05118480138888886
truck 0.37870003515625 0.38033149027777774 0.05878254375000003 0.11516580000000008
car 0.6330245109375 0.4400470902777778 0.10796793671874996 0.10876770000000001
traffic sign 0.51785871171875 0.4016584902777778 0.011996436718750036 0.03625589999999998
car 0.39189611640625 0.42298549027777776 0.08997328046875 0.1300947
car 0.09798339609375 0.38459689027777777 0.18834406953125002 0.1983411
drivable area 0 0 0 0
drivable area 0 0 0 0
drivable area 0 0 0 0
drivable area 0 0 0 0
lane 0 0 0 0
lane 0 0 0 0
lane 0 0 0 0
lane 0 0 0 0
lane 0 0 0 0
lane 0 0 0 0
lane 0 0 0 0
lane 0 0 0 0
lane 0 0 0 0
lane 0 0 0 0
lane 0 0 0 0
lane 0 0 0 0
lane 0 0 0 0
lane 0 0 0 0
lane 0 0 0 0
lane 0 0 0 0