traffic sign 0.3694521734375 0.25474978333333337 0.04094192968749999 0.03465983472222219
traffic sign 0.37042698125 0.3015405597222222 0.050690007812500014 0.0311938513888889
traffic sign 0.3177873578125 0.3639282625 0.03021904296875002 0.032926843055555585
car 0.06628693359375 0.5043005916666666 0.06823654921875 0.10224651249999997
car 0.19398676171875 0.4956356333333334 0.11600213359374997 0.15423626388888884
car 0.1842386828125 0.497368625 0.04094192968749999 0.10571249583333334
car 0.17156618125 0.48523768333333334 0.03801750468749998 0.0831836027777778
car 0.7837455078125 0.48697067499999996 0.21348291953125004 0.20449302361111113
car 0.0019496156250000001 0.5025676 0.05263962343749999 0.05545573749999993
car 0.054589239062499996 0.5060335833333334 0.022420580468750007 0.04505778750000004
traffic light 0.39187275390625 0.37779219583333334 0.023395388281250006 0.0415918013888889
car 0.131599059375 0.4887036666666667 0.015596924218749985 0.02946085972222221
car 0.14914560078125 0.4887036666666667 0.012672501562499994 0.034659834722222234
traffic light 0.10430443984375 0.4141850222222222 0.006823654687500014 0.025994876388888914
traffic light 0.1267250203125 0.4540438319444445 0.004874039062500013 0.020795901388888892
traffic light 0.36652775000000004 0.36739424583333335 0.025345003906249986 0.053722743055555515
drivable area 0 0 0 0
lane 0 0 0 0
lane 0 0 0 0
lane 0 0 0 0
lane 0 0 0 0
lane 0 0 0 0
lane 0 0 0 0
lane 0 0 0 0
lane 0 0 0 0
lane 0 0 0 0
lane 0 0 0 0
lane 0 0 0 0
lane 0 0 0 0
lane 0 0 0 0