car 0.50638437890625 0.6177057013888889 0.027192480468750002 0.030437672222222212
car 0.5446552757812501 0.6177057013888889 0.017121190624999994 0.01969496388888885
car 0.5788976570312501 0.6141247986111111 0.014099803906249963 0.021485415277777836
car 0.56076933828125 0.6248675083333334 0.027192479687500003 0.030437672222222212
car 0.59803310546875 0.6212866055555555 0.015106932812499974 0.021485415277777836
car 0.7491024335937501 0.6087534458333334 0.09869863046874991 0.08594166249999999
traffic light 0.57789052890625 0.5299735861111111 0.010278618749999958 0.02864722222222219
traffic light 0.6846461875000001 0.5711539680555556 0.00805703203124999 0.014323611111111094
traffic light 0.701767378125 0.5604112611111111 0.012085546093750033 0.023275865277777776
traffic light 0.43588535859375 0.5532494541666667 0.00805703203124999 0.01432361249999998
traffic light 0.40970000859375 0.5210213305555556 0.008057030468749993 0.02685676805555559
traffic light 0.43185684140624997 0.5442971958333334 0.006042774218750058 0.021485418055555528
traffic light 0.71385292421875 0.5836871263888889 0.007049902343749981 0.017904515277777793
traffic sign 0.44595664765625004 0.5049072694444444 0.014099803906249963 0.021485416666666642
traffic sign 0.44998516328125 0.5532494541666667 0.008057030468749993 0.030437672222222212
car 0.440921003125 0.6212866055555555 0.037263768750000016 0.028647220833333382
car 0.4086928796875 0.6194961527777778 0.03827089687500003 0.03580902499999997
traffic sign 0.8175871976562499 0.5013263666666667 0.029206736718750115 0.021485416666666642
traffic sign 0.8306798703125 0.46372688888888886 0.025178222656249895 0.014323612500000058
traffic sign 0.606626165625 0.5254683819444445 0.013183585156250021 0.02109373472222218
car 0.66067886328125 0.5207808847222223 0.013183584375000024 0.018749987499999954
car 0.031821873437499995 0.5887495888888888 0.12128897890624998 0.07968744444444442
drivable area 0 0 0 0
drivable area 0 0 0 0
drivable area 0 0 0 0
lane 0 0 0 0
lane 0 0 0 0
lane 0 0 0 0
lane 0 0 0 0
lane 0 0 0 0
lane 0 0 0 0
lane 0 0 0 0
lane 0 0 0 0