car 0.2003905546875 0.34366059027777773 0.012656246874999999 0.01687499583333335
car 0.259453034375 0.3551784444444444 0.014765619531250041 0.02624999027777777
car 0.23941397890625 0.36267844166666663 0.02320311718750001 0.0356249875
car 0.27843740234375003 0.34714272777777777 0.010546871875000008 0.01499999305555551
car 0.2721092796875 0.36589272083333335 0.03164061406250003 0.024374988888888855
car 0.15292963359375 0.36267844166666663 0.05484373124999999 0.03749998472222226
truck 0.06222654062500001 0.3171427375 0.06011716562499999 0.04124998611111109
car 0 0.34928559305555557 0.178242125 0.1837499347222222
traffic sign 0 0.10499993472222222 0.030585926562499997 0.1049999625
traffic sign 0.14976557343750002 0.10312493472222223 0.04535154687499998 0.028124988888888876
traffic sign 0.14765619921875 0.12589280694444444 0.09386715468750002 0.11249995833333332
traffic sign 0.26789053125 0.16526779166666666 0.015820307031250015 0.065624975
car 0.32800769765625 0.3565177222222223 0.011601558593749983 0.022499997222222214
car 0.42292954062500004 0.36401772222222223 0.015820305468749928 0.03374998611111108
car 0.41449204218749996 0.37714271527777776 0.009492185156249989 0.022499995833333328
car 0.3902342390625 0.3715177194444444 0.03164061250000003 0.04687497916666672
car 0.4408592203125 0.37366058055555557 0.023203117187499966 0.041249984722222244
car 0.31957020078125 0.3699105833333333 0.08542965703125001 0.10874995972222218
car 0.5041404484374999 0.3827677152777778 0.033749988281250067 0.03562498472222223
car 0.53804111015625 0.3808927138888889 0.04113279687499993 0.04687498333333338
drivable area 0 0 0 0
drivable area 0 0 0 0
drivable area 0 0 0 0
drivable area 0 0 0 0
lane 0 0 0 0
lane 0 0 0 0
lane 0 0 0 0
lane 0 0 0 0
lane 0 0 0 0
lane 0 0 0 0
lane 0 0 0 0
lane 0 0 0 0