0 0.301689090625 0.08418795555555555 0.025710400781249997 0.09141475694444444
0 0.32831771953125 0.09887961111111111 0.017446342187499964 0.07835550416666667
0 0.63408783828125 0.2017212138888889 0.01101874375000005 0.057134223611111104
0 0.86823612734375 0.3894479444444444 0.027546857812500037 0.040810159722222274
0 0.196092803125 0.41066923055555554 0.019282800781249998 0.04244256527777779
0 0.187828746875 0.3192544708333333 0.0257104 0.016324065277777796
0 0.1795646890625 0.3470053819444444 0.01928279921875 0.06366384861111113
0 0.70479143984375 0.2964007819444444 0.02203748671875001 0.08978235
0 0.8434439554687501 0.2882387513888889 0.03948382890625002 0.02775090694444443
0 0.7286653828125 0.4123016333333333 0.008264057812499993 0.03754534722222229
3 0.00142834296875 0.4759654833333334 0.013773428125 0.15018138611111106
3 0.010610628906249999 0.4727006708333334 0.026628628906249997 0.13059250972222217
3 0.062949659375 0.4759654833333334 0.027546857031250004 0.1175332597222222
3 0.08774183125 0.4694358583333333 0.02479217187499999 0.12406288472222227
3 0.7484874968749999 0.4745638555555555 0.01193697187499998 0.06692866111111115
3 0.75399686953125 0.4827258861111111 0.01010051484375003 0.05386940972222223
3 0.7604244687499999 0.4794610736111111 0.01377342812500002 0.029383316666666638
3 0.77144321171875 0.4794610736111111 0.01010051484375003 0.05876663055555558
3 0.7827898695312501 0.4799274736111111 0.010100514062499944 0.029383316666666718
3 0.77452581171875 0.4782950680555556 0.016528114843749987 0.0799879125
3 0.79289038359375 0.4782950680555556 0.021119257812499993 0.0799879125
3 0.794726840625 0.4782950680555556 0.011936971875000068 0.03591294027777773
3 0.8020726703125 0.4799274736111111 0.013773428124999931 0.06366384861111117
3 0.80850026953125 0.48155988055555554 0.011018742968749962 0.060399036111111096
3 0.8158460984374999 0.4831922888888889 0.01010051484375012 0.055501818055555596
3 0.8222736976562499 0.48482469305555553 0.01101874375000005 0.05386941111111112
3 0.8296195273437499 0.4782950680555556 0.011936971875000068 0.06529625416666668
3 0.8489023265625001 0.4750302555555556 0.010100514843749941 0.047339784722222174
3 0.8663486703125001 0.4782950680555556 0.012855200781249998 0.07182587916666666
3 0.8691033562499999 0.4717654402777777 0.013773428125000108 0.0750906944444445
3 0.8773674140625 0.4750302555555556 0.011018742968750139 0.07019347361111107
3 0.8856314718749999 0.4766626611111111 0.011936971093749981 0.052237002777777757
3 0.8378835851562499 0.4717654402777777 0.015609885156250058 0.08488513194444446
3 0.893895528125 0.4652358152777778 0.0257104 0.13059250972222225
3 0.91042364375 0.4652358152777778 0.02020102890625015 0.1354897291666667
3 0.9554168429687501 0.4652358152777778 0.014691657031250038 0.03917775416666668
3 0.9655173578125 0.4619710027777778 0.0257104 0.12079807361111108
3 0.9618444437500001 0.4603385972222222 0.031219772656249846 0.15018138611111115
3 0.9407251859375 0.4619710027777778 0.028465085937500058 0.1567110125
1 0.5339499226562501 0.49053811388888885 0.00918228671875001 0.01632406388888891
1 0.5256858656250001 0.49543533472222223 0.01560988515624997 0.032648129166666706
1 0.51374889375 0.49543533472222223 0.01744634218750001 0.034280533333333335
1 0.4972207796875 0.48890570972222225 0.0257104 0.05550181805555551
1 0.46967392265625 0.4709492402777778 0.03764737187499998 0.09467956805555554
1 0.538541065625 0.4742140527777778 0.047747886718749924 0.08488513055555558
1 0.62944569453125 0.46441961527777775 0.03213800156250004 0.02448609444444448
1 0.6597472390625 0.4627872069444445 0.09365931562500007 0.12732769722222217
1 0.3085248046875 0.5035973666666667 0.021119257812499993 0.03591294027777781
1 0.2754685765625 0.49543533472222223 0.04866611484374998 0.08814994444444445
1 0.179972803125 0.4742140527777778 0.1202879453125 0.12569529027777776
1 0.3094430328125 0.4431983291666667 0.18640040234374994 0.2905683347222222
1 0.565755065625 0.47437729027777775 0.11569680234374999 0.1354897291666667
