0 0.0994304 0.2932221944444444 0.03314346796874999 0.03639282638888888
0 0.048740392187499995 0.3989346902777778 0.034118275 0.02079590000000001
0 0.6375243312500001 0.37467280555555554 0.029244235156249944 0.010397950000000043
0 0.6229022132812501 0.4162646069444444 0.026319811718749975 0.015596926388888951
0 0.16571733359375002 0.4457254666666666 0.00584884765625 0.0415918013888889
0 0.376275828125 0.4855842763888889 0.01072288750000001 0.03985880833333337
0 0.24955080859374998 0.49598222638888895 0.017546541406250026 0.03292684444444439
0 0.96993380703125 0.34867793055555557 0.029244234375000032 0.06238770138888891
0 0.6423983703125 0.46305538333333335 0.016571733593749992 0.020795902777777778
0 0.0370426984375 0.45439042500000004 0.015596925000000006 0.025994876388888834
0 0.06726174140624999 0.4613223916666667 0.007798462500000003 0.019062909722222167
0 0.177415028125 0.24643141805555555 0.018521349999999992 0.06585368472222221
3 0.009748078125 0.5237100944444444 0.019496157812500005 0.08145061111111115
3 0.0828586671875 0.5115791527777778 0.020470964843750005 0.1109114694444444
3 0.15791887109375 0.5167781277777778 0.016571733593749992 0.09011556944444447
3 0.12185098046875001 0.5150451361111111 0.018521349999999992 0.04679077638888892
3 0.1413471375 0.5202441111111111 0.009748078906250002 0.032926843055555585
3 0.7837455078125 0.5185111194444445 0.02047096484375004 0.0745186444444444
3 0.80909051171875 0.5202441111111111 0.01852134999999997 0.07278565277777777
1 0.189112721875 0.5185111194444445 0.07408539687500001 0.0866495861111111
1 0.26222331015625 0.5427730027777777 0.08188385937500002 0.0831836027777778
1 0.34118274609375 0.5393070194444445 0.03314346640625003 0.04679077777777773
1 0.45426045625 0.5150451361111111 0.05458923906250002 0.08491659444444445
1 0.5302954679687499 0.5358410361111111 0.04679077656250001 0.03292684444444447
1 0.5839099 0.5410400111111111 0.03996712109375 0.036392825
1 0.6229022132812501 0.5306420611111111 0.02924423593749994 0.017329918055555598
1 0.65409606484375 0.5271760777777778 0.026319811718749975 0.015596924999999985
1 0.6823654921875 0.5271760777777778 0.04191673749999998 0.017329916666666632
1 0.26222331015625 0.5237100944444444 0.022420580468750017 0.048523769444444455
