0 0.11774240703125001 0.05025186805555556 0.0433564125 0.05554154444444444
0 0.06035892265625 0.14357678194444443 0.03953084531249999 0.01700251388888889
0 0.06418448828125 0.17304780555555554 0.03315490234375 0.01700251388888889
0 0.059083734374999995 0.21838784305555556 0.023590988281250003 0.040806033333333346
0 0.0877754765625 0.22065484444444444 0.03315490234375 0.04534003749999999
3 0.05079500859375 0.34080594305555556 0.006375942968750004 0.01926951527777775
3 0.038680717187500005 0.34193944444444446 0.008926320312499996 0.01700251388888891
1 0.0189152953125 0.3544079541666667 0.11667975156249999 0.06801005833333329
3 0.17427576718749999 0.3468512847222222 0.011476696093749994 0.0362720291666667
3 0.190853225 0.31133492777777777 0.035705279687500015 0.2017631652777778
3 0.2195449671875 0.3351384472222222 0.03187971250000001 0.17569264305555557
3 0.2839419890625 0.3249369388888889 0.028691742187500015 0.12015109861111112
3 0.3664041734375 0.34231728055555555 0.017215046874999994 0.10654908472222221
3 0.3396252140625 0.34571778333333336 0.01593985781249998 0.1008815819444444
3 0.31667182031249996 0.33551627500000003 0.02486617656250001 0.10881608888888891
0 0.399984146875 0.2104533361111111 0.020403016406249953 0.012468509722222226
0 0.38978263828125004 0.23992435972222223 0.020403016406249995 0.01700251388888887
0 0.415286409375 0.29319890416666666 0.01530226171875002 0.027204020833333332
0 0.54067994296875 0.17266996944444443 0.015939856249999985 0.05214104166666665
0 0.70921738828125 0.1662468 0.015939856249999985 0.04874054027777779
0 0.69455271953125 0.16397979861111112 0.014027074218750001 0.04647353749999999
3 0.4220874078125 0.3502517875 0.01530226250000002 0.06687655694444443
1 0.6798880515625 0.31775809444444447 0.03761806328124999 0.07481106111111109
1 0.6556594687499999 0.3358941097222222 0.01721504609375 0.019269512499999978
1 0.5791481562499999 0.32531476666666664 0.08671282109375004 0.1337531097222222
3 0.78764148359375 0.35591929166666664 0.01530226249999993 0.05214104305555559
3 0.7717016265625001 0.35138528750000003 0.016577450781249947 0.06914355694444446
1 0.76978884375 0.3003777458333333 0.1466466828125 0.2856422347222223
0 0.5185767007812501 0.30604525 0.014027073437500004 0.018136015277777813
0 0.7366339414062499 0.32795960277777775 0.00765113125000001 0.03287152638888888
1 0.6684113546875 0.34005027916666664 0.010839100781249921 0.03400502777777778
1 0.839392859375 0.23916869583333333 0.16003616250000013 0.5270779319444445
