traffic sign 0.402595640625 0.5961491541666667 0.047765584375 0.024261883333333303
car 0.52639623671875 0.6464059138888889 0.017546541406249984 0.025994876388888914
car 0.49227796250000005 0.6550708722222223 0.020470963281249956 0.027727868055555563
car 0.60535567265625 0.6446729222222223 0.012672501562499949 0.027727868055555563
car 0.61802817421875 0.6446729222222223 0.016571733593749992 0.031193851388888857
car 0.6345999078125 0.6256100125 0.03119385078125001 0.06758667777777774
car 0.65799529609375 0.6221440291666667 0.05556404687500001 0.1039795041666667
car 0.69601280234375 0.6186780458333333 0.055564047656250004 0.1369063486111111
car 0.7252570375 0.5996151375 0.13062425156249988 0.2079590069444445
car 0.8022668570312501 0.5822852194444444 0.19496156953124988 0.32233646111111114
car 0.5566152796875 0.6516048888888889 0.012672502343749947 0.015596926388888871
car 0.57318701328125 0.6342749722222222 0.04191673671874998 0.0693196666666667
person 0.46205891875000005 0.6273430041666667 0.013647309374999939 0.05545573750000001
drivable area 0 0 0 0
lane 0 0 0 0