car 0.3772317921875 0.23249983333333332 0.010546867968750017 0.02343748472222222
car 0.36668492421875 0.2301560847222222 0.013183585156250021 0.03046872916666668
car 0.3508646234375 0.2301560847222222 0.02109373593749999 0.046874968055555556
car 0.342954471875 0.23249983333333332 0.01977537734374999 0.0539062138888889
car 0.32449745390625 0.2301560847222222 0.026367167968750004 0.06562495555555554
car 0.30208535937500003 0.2301560847222222 0.03427732031250001 0.0726562
car 0.2862650578125 0.23249983333333332 0.03823239609375002 0.09140618888888888
car 0.24407758671875 0.22312483888888887 0.05932613125000001 0.11718741944444445
car 0.4141458296875 0.23249983333333332 0.00527343359375001 0.02343748472222222
car 0.41810090468750005 0.23484358194444444 0.006591792187500012 0.02343748472222222
car 0.420737621875 0.23718733055555555 0.014501942968749936 0.025781230555555566
car 0.42469269687500005 0.22546858749999998 0.035595678124999974 0.06093745972222225
car 0.44578643281249997 0.2395310777777778 0.014501942187500028 0.05156246527777779
car 0.44842315078125 0.2278123347222222 0.0514159796875 0.08671869027777777
car 0.465561809375 0.2395310777777778 0.03559567890624997 0.0749999472222222
car 0.48401882812499997 0.2395310777777778 0.038232396093750065 0.09374993472222223
car 0.1357609578125 0.21843734305555557 0.1320470828125 0.16830013888888887
car 0.49720241328125 0.2418748263888889 0.11865226250000002 0.14999989722222223
drivable area 0 0 0 0
lane 0 0 0 0