1 0.39095551796875 0.4382647416666667 0.013657835937499963 0.029136712499999995
1 0.34042153203125 0.4358366805555556 0.015023617968750003 0.03884895416666667
1 0.3240321296875 0.43098056250000005 0.020486751562500016 0.04613313194444441
1 0.28715597578124996 0.41641220416666663 0.04780242109375003 0.06070149027777782
1 0.09867785625 0.40184384999999995 0.12565207968749997 0.18696058333333335
1 0.40051600546875 0.4358366805555556 0.030047235937500007 0.04613313194444441
1 0.42646588984375 0.43098056250000005 0.04780242265624999 0.07041372638888888
1 0.34998201640625004 0.43098056250000005 0.0464366375 0.06798566805555556
1 0.45514734453125005 0.4406928041666666 0.10379954374999993 0.13354326805555558
1 0.26393765546875 0.4358366805555556 0.05872868906250002 0.06070148749999996
1 0.00034144609375000003 0.4188402666666667 0.14204148046875 0.2598023666666667
0 0.41827118828125 0.3982017597222222 0.010926269531250022 0.01942447777777782
0 0.392321303125 0.4103420583333333 0.02048675390625001 0.021852537500000026
0 0.41144227187500004 0.3957737 0.008194700781249953 0.021852537500000026
0 0.3609082828125 0.3897035527777778 0.009560482812499993 0.024280594444444383
0 0.33222683046875 0.2197393861111111 0.012292050781250018 0.03399283194444445
0 0.42373432265625005 0.1978868486111111 0.012292053124999924 0.03399283333333333
0 0.21340366640625003 0.3654229555555556 0.009560484374999989 0.031564772222222204
0 0.576702071875 0.3982017597222222 0.01775518437499999 0.03156477361111109
0 0.65045437890625 0.35935280694444444 0.012292052343750016 0.036420893055555584
0 0.2653034390625 0.38606146249999995 0.009560484375000034 0.026708654166666672
0 0.31447164609375 0.2136692375 0.015023617968750003 0.0485611916666667
0 0.25027982265625004 0.3654229555555556 0.0081947 0.021852534722222178
0 0.2243299359375 0.31079161527777777 0.02458410234374999 0.016996416666666687
0 0.57260472265625 0.21609729583333334 0.04370507109375001 0.031564776388888854
0 0.57397050546875 0.24037789166666665 0.04507085468750001 0.029136715277777805
0 0.6313334109375 0.30593549722222224 0.03824193671875005 0.021852534722222216
0 0.63269919609375 0.3326441527777778 0.02185253593750005 0.021852536111111102
0 0.5807994234375 0.35935280694444444 0.02048675156249997 0.019424476388888934
1 0.487926146875 0.41762623750000005 0.02048675234374997 0.026708654166666672
0 0.46880517734374993 0.41277011666666663 0.015023617968750003 0.029136712499999995
0 0.4660736109375 0.4406928041666666 0.016389400781249997 0.014568355555555555
0 0.11694518828125 0.23899041666666668 0.03960772109374999 0.02913671388888888
0 0.68374533125 0.2729832486111111 0.025949885937500028 0.024280594444444425
0 0.67555063046875 0.2219939972222222 0.019120968750000068 0.019424479166666665
