car 0.0009748078125000001 0.5788192361111111 0.09845559140625 0.3223364597222222
car 0 0.4089860472222222 0.1004052078125 0.23395388472222223
car 0.33630870703125 0.41245203055555557 0.21055849453124997 0.3154044944444444
car 0.6482472171875 0.47137375 0.14817079296874996 0.13690634722222228
car 0.8948736023437499 0.5233635013888889 0.10332963203125001 0.16290121944444438
car 0.16708206484375 0.47830571805555555 0.05653885546875002 0.06585368472222228
car 0.29673150859374997 0.4384469055555556 0.06433731796875 0.1369063486111111
car 0.12614013515625 0.48003870972222223 0.05751366250000001 0.07971762083333331
car 0.0549791625 0.45924280694444447 0.09650597578125 0.1369063472222222
car 0.52581135234375 0.4731067416666667 0.038017505468749935 0.06758667638888885
car 0.8946786578125 0.4349809236111111 0.10430444140624999 0.06758667638888893
car 0.87128326953125 0.4523108388888889 0.1199013640625001 0.06412069305555555
traffic light 0.45075114765624996 0.3847241625 0.009748078906250068 0.017329919444444484
traffic light 0.2772353515625 0.3881901486111111 0.010722885156250018 0.020795898611111044
traffic light 0.13588821328125 0.4141850222222222 0.008773271874999988 0.019062909722222247
traffic light 0.35327036328125 0.4401799 0.007798463281250001 0.013863933333333339
traffic light 0.3230513203125 0.43324793194444444 0.008773271874999988 0.01386393611111111
traffic light 0.20509957109375 0.43324793194444444 0.011697693750000005 0.02426188472222219
traffic sign 0.515088465625 0.39165613055555554 0.013647310156250026 0.008664959722222202
traffic sign 0.5501815484375 0.4020540819444445 0.015596925000000006 0.01386393333333326
traffic sign 0.515088465625 0.4193839986111111 0.013647310156250026 0.032926843055555585
car 0.75918036875 0.4575098166666666 0.030219044531250017 0.05198975277777783
person 0.829317775 0.4635752833333333 0.00877327109374999 0.046790777777777806
drivable area 0 0 0 0
drivable area 0 0 0 0
drivable area 0 0 0 0
lane 0 0 0 0
lane 0 0 0 0
lane 0 0 0 0
lane 0 0 0 0
lane 0 0 0 0