1 0.450361225 0.6689348055555555 0.011697693750000049 0.015596926388888871
1 0.45523526406250003 0.6775997652777778 0.012672502343749947 0.02079590000000001
1 0.45815968749999997 0.6862647236111111 0.010722886718750057 0.02426188472222227
1 0.4630337265625 0.6793327569444444 0.013647310156250026 0.031193851388888937
1 0.46790776640625 0.6793327569444444 0.013647309375000027 0.034659834722222234
1 0.47278180546875 0.6793327569444444 0.026319811718749975 0.03985880972222233
1 0.47765584453125004 0.6862647236111111 0.015596925781250003 0.03812581805555561
1 0.49032834609375 0.6810657486111111 0.014622117968750015 0.05025675972222214
1 0.5010512328125001 0.6827987402777778 0.014622117968749926 0.05372274305555559
1 0.5088496953125 0.6602698472222223 0.05069000937499997 0.08491659444444437
1 0.52834585234375 0.6775997652777778 0.03801750625000002 0.08318360277777773
1 0.5478420093749999 0.6862647236111111 0.056538854687499994 0.09358155277777784
1 0.581960284375 0.6775997652777778 0.06531212421874999 0.12477540416666663
1 0.29829120078125004 0.6879977152777778 0.021445772656249983 0.04332479305555547
1 0.26709735 0.6931966902777777 0.03606788984375 0.051989751388888866
1 0.356779671875 0.6897307069444445 0.017546539843749986 0.02426188472222219
1 0.20081041640625 0.6775997652777778 0.07018616484375002 0.08491659444444453
1 0.1004052078125 0.6983956652777777 0.09650597812500002 0.09011556944444439
1 0.3138881265625 0.6845317319444444 0.04874039218750004 0.060654709722222186
1 0.38212467578125 0.6758667736111111 0.012672501562500039 0.012130941666666692
1 0.39772160078124996 0.6689348055555555 0.013647310156249981 0.020795901388888892
1 0.4133185265625 0.6724007902777778 0.010722886718749968 0.017329916666666632
1 0.38992313828124997 0.6793327569444444 0.01462211796875006 0.015596925000000065
1 0 0.6706677986111111 0.089682321875 0.15423626111111113
1 0.8207882062499999 0.6689348055555555 0.1764402203125 0.32926843055555555
1 0.62095259765625 0.6065471041666667 0.27587062031250004 0.28421064305555566
0 0.47180699765625 0.6620028388888889 0.010722885937499971 0.017329918055555518
0 0.61412894296875 0.5545573527777777 0.015596925781250003 0.024261883333333303
0 0.61510375078125 0.5805522277777778 0.016571733593749992 0.02946085972222221
0 0.61412894296875 0.6065471041666667 0.017546541406249984 0.02946085972222221
3 0.776921853125 0.5493583777777777 0.012672502343750036 0.03639282361111111
1 0.44256276171875 0.6689348055555555 0.00877327109374999 0.01386393611111111
1 0.42794064453124997 0.6637358305555555 0.011697693750000049 0.02252889305555554
