traffic sign 0.26352017578125003 0.0027720722222222224 0.19880959921874997 0.17602662638888888
traffic sign 0.1520308703125 0.3201744138888889 0.02027078281250001 0.0457392027777778
car 0.37033160781249996 0.3936343444444444 0.01637255468750003 0.02079054861111113
car 0.43036431015625 0.3880901986111111 0.016372555468749984 0.02494865277777778
car 0.590035696875 0.39640641805555554 0.028067237499999998 0.03880901944444446
drivable area 0 0 0 0
drivable area 0 0 0 0
drivable area 0 0 0 0
lane 0 0 0 0
lane 0 0 0 0
lane 0 0 0 0
lane 0 0 0 0
lane 0 0 0 0
lane 0 0 0 0