traffic sign 0.651208409375 0.2930749402777778 0.01988292968749992 0.04622356111111109
car 0.51072909453125 0.4198963986111111 0.009176735937499991 0.013595163888888904
car 0.49849344609374996 0.4185368833333334 0.013000376562500016 0.027190329166666614
car 0.49084616406250003 0.42397494861111107 0.013765104687499984 0.02311178194444447
car 0.47478687500000005 0.4307725305555556 0.023706569531249944 0.036706945833333296
traffic sign 0.0968146640625 0.22959035416666668 0.0511496125 0.03264248749999999
drivable area 0 0 0 0
drivable area 0 0 0 0
drivable area 0 0 0 0
lane 0 0 0 0
lane 0 0 0 0
lane 0 0 0 0
lane 0 0 0 0
lane 0 0 0 0
lane 0 0 0 0
lane 0 0 0 0
lane 0 0 0 0
lane 0 0 0 0
lane 0 0 0 0
lane 0 0 0 0
lane 0 0 0 0
lane 0 0 0 0
lane 0 0 0 0
lane 0 0 0 0