1 0.07073734453125 0.4064954430555555 0.03364803437499999 0.03806646388888887
1 0.14185705234374998 0.4037764111111111 0.02370656953125001 0.028549845833333306
1 0.25809571640625 0.39561930972222226 0.03976585937499997 0.04486404583333328
1 0.47680793984375003 0.35619333333333336 0.04741313906249998 0.03126888055555557
1 0.5272799906250001 0.3548338138888889 0.020647657031249978 0.029909365277777766
1 0.7291681960937499 0.34123865 0.049707324218749974 0.039425981944444445
1 0.65881321484375 0.3534742986111111 0.01988292890624992 0.024471297222222237
1 0.430159528125 0.36163139861111115 0.040530586718749984 0.03534742777777772
1 0.0019118203125 0.425528675 0.029059665624999998 0.05709969444444446
1 0.170151990625 0.37114801388888885 0.08947318203125001 0.09924470555555555
1 0.34145107421875 0.38338366250000006 0.04206004296875001 0.05438066249999996
0 0.3557229609375 0.2782544055555556 0.005991124218749988 0.023964494444444442
0 0.5556767101562501 0.26760351666666665 0.005242232031249916 0.021301773611111113
0 0.55118336640625 0.26760351666666665 0.00599112343749999 0.01997041388888891
0 0.5616678328125 0.262278075 0.004493342187499927 0.023964493055555557
