car 0.1783838359375 0.5795361472222222 0.05968485937500001 0.05060459861111113
car 0.07413548359375 0.5772189027777778 0.10651451640625001 0.05550181666666671
car 0.40126589218750003 0.5917473125 0.01652811328124999 0.034280533333333335
car 0.5132897796875 0.6048065597222222 0.0128552 0.02775090972222224
car 0.5362454953125 0.6113361875 0.009182285156250015 0.022853690277777776
car 0.5445095515625 0.6064389666666666 0.01101874296875005 0.02938331249999998
car 0.556446521875 0.6080713722222223 0.020201028906250064 0.03264812916666663
car 0.5766475507812501 0.6048065597222222 0.016528114843749987 0.040810159722222274
car 0.5683834953125 0.6097037819444444 0.1028416015625 0.12732769861111107
car 0.0004591140625 0.5337968861111111 0.07254006015625 0.2203748611111111
car 0.761823653125 0.6110641236111111 0.057848400781250045 0.05713422499999999
traffic sign 0.8367537328125 0.49301860694444444 0.027546857812500037 0.07182588055555562
car 0.36478423984375 0.5811685527777778 0.03305622968749997 0.050604595833333356
car 0.41528681093750003 0.5387259833333333 0.10100514453124995 0.1811971069444444
traffic sign 0.21469854765625002 0.4796538611111111 0.023873943750000005 0.011426844444444445
traffic sign 0.23398134843750001 0.49538432222222223 0.025710399218750003 0.01142684305555556
drivable area 0 0 0 0
drivable area 0 0 0 0
drivable area 0 0 0 0
lane 0 0 0 0
lane 0 0 0 0
lane 0 0 0 0
lane 0 0 0 0
lane 0 0 0 0
lane 0 0 0 0
lane 0 0 0 0
lane 0 0 0 0
lane 0 0 0 0
lane 0 0 0 0
lane 0 0 0 0
lane 0 0 0 0
lane 0 0 0 0
lane 0 0 0 0
lane 0 0 0 0
lane 0 0 0 0
lane 0 0 0 0
lane 0 0 0 0
lane 0 0 0 0
lane 0 0 0 0
lane 0 0 0 0