0 0.311595175 0.35225164444444446 0.011063742968750035 0.04827814305555553
0 0.31461255859375 0.28251654583333335 0.026150661718750003 0.037549669444444454
0 0.5861771179687499 0.3111258152777778 0.025144867968749995 0.039337745833333354
0 0.6435074140625 0.26463575 0.019110099218749975 0.03218542916666666
0 0.6173567531249999 0.21993376527777775 0.04526076015624998 0.03397350972222226
0 0.6274146984375 0.11801323888888889 0.017098510937499967 0.07867549166666665
0 0.47553970546875 0.4255628986111111 0.006034767968750021 0.01609271249999998
0 0.445365865625 0.43629137638888893 0.006034767968750021 0.01430463611111108
0 0 0.2896688625 0.023911722656250002 0.051854304166666684
0 0.0008046234375 0.0035761597222222223 0.00804635703125 0.0768874125
0 0.63646685234375 0.3039735 0.01609271328125006 0.041125825000000026
0 0.65658274453125 0.3039735 0.026150661718750003 0.048278144444444455
1 0.4715165265625 0.46668872638888886 0.008046357031250029 0.01609271250000006
1 0.48559765078124995 0.4219867388888889 0.03017383828125002 0.06794701944444444
1 0.34176901484375 0.42913905555555554 0.06839403749999998 0.0894039736111111
2 0.40513407968750004 0.46132448611111115 0.021121688281249985 0.07152317499999994
2 0.40312248828125 0.42377481666666666 0.025144869531249992 0.08761589166666665
2 0.5761191718750001 0.4756291236111111 0.03620860703124995 0.0804635722222222
3 0.6213799328125 0.4255628986111111 0.04727234921874999 0.17165562083333338
3 0.6725440890625001 0.42377481666666666 0.03332259453124999 0.16629138194444448
3 0.7028492992187501 0.43629137638888893 0.032185429687500024 0.15377482916666665
1 0.39437045234375 0.4326559527777778 0.03295896171874997 0.06328120694444439
