bus 0.47874539531250004 0.3356247625 0.10415031796874992 0.17343738055555555
car 0.5275246578125 0.4364059430555556 0.08437494218749997 0.12656241388888886
car 0.57103048828125 0.35203100277777777 0.1555662984375 0.30234354166666666
car 0.30735879453125003 0.4082809625 0.21752914609375001 0.3187497791666667
rider 0.1465190609375 0.38953097500000006 0.1252440546875 0.34218726527777776
motor 0.1465190609375 0.4481246847222222 0.13447256328125 0.3539060069444444
bus 0.0028179875 0.098906175 0.34277320156249996 0.5343746333333333
car 0.6316749765624999 0.20203110416666664 0.36782201250000013 0.6914057749999999
bus 0.6184913921875 0.35437475 0.16347645078125 0.08437494166666669
lane 0 0 0 0
lane 0 0 0 0
lane 0 0 0 0