1 0.1807594203125 0.7058225194444444 0.005696199999999996 0.016877630555555592
1 0.1874049890625 0.7058225194444444 0.010443033593750007 0.018565393055555605
1 0.19784802265625 0.7075102805555555 0.007594934375000006 0.020253156944444503
1 0.20544295703125 0.7108858083333334 0.00949366640624998 0.023628684722222144
1 0.2149366234375 0.7091980444444445 0.019936701562500003 0.03375525694444445
1 0.22879737578124998 0.7025916486111111 0.03702530078124999 0.052320654166666716
1 0.343670746875 0.6677916069444444 0.128164503125 0.2059070888888888
1 0.41369856250000003 0.5979503416666667 0.34687470390624997 0.3878052611111112
1 0.25822774375 0.6857140194444444 0.08544300312499997 0.11139235972222229
1 0 0.73316425 0.044620234375 0.04219407361111125
