1 0.17854936875 0.6821224138888888 0.025829075781249978 0.027551015277777837
1 0.2622355765625 0.6913060861111111 0.04959182656249998 0.03489795277777771
1 0.31905954375 0.6894693527777778 0.049591825000000034 0.04775509027777779
1 0.42134268515624995 0.6894693527777778 0.01963009843750001 0.02755101388888895
1 0.44820492421875 0.6821224138888888 0.02479591249999995 0.033061215277777875
1 0.35212076171875 0.6857958833333333 0.08058671640625001 0.05877549861111117
1 0.6845092609375001 0.6715100652777778 0.04442601093749996 0.03489795277777771
1 0.73616741171875 0.6678365958333333 0.05785713046874994 0.04040815416666664
0 0.576027140625 0.33906115694444444 0.040293359374999935 0.11938772916666665
0 0.32525852109375003 0.5702486027777778 0.02169642343749998 0.04224489027777775
