traffic light 0.4728188203125 0.5099438555555555 0.011462275000000055 0.028018893055555497
traffic light 0.6203956039062499 0.47683061944444444 0.011462275000000055 0.03894974722222228
traffic light 0.70206431015625 0.5073966847222222 0.011462274999999966 0.033113237500000045
traffic light 0.5638544624999999 0.5583883097222222 0.00882993671875001 0.01794018611111115
traffic light 0.6067427203125 0.5718434513888889 0.010091356250000062 0.013455141666666668
traffic light 0.43687158125 0.5486707208333333 0.008829935156250013 0.029152802777777806
traffic light 0.42425738749999997 0.5426906472222222 0.012614193749999992 0.032890352777777805
traffic light 0.47975983984375 0.5718434513888889 0.006727573437500034 0.01794018611111115
traffic light 0.46840706640625 0.574085975 0.010091353906249979 0.01569766250000002
traffic light 0.753487853125 0.5471756944444445 0.007568517187499957 0.02691028055555557
traffic sign 0.54072844609375 0.5830560666666667 0.012614193749999992 0.01794018611111115
traffic sign 0.6984058875 0.5606308333333333 0.01765987187500002 0.013455141666666668
traffic sign 0.81992259453125 0.5247504611111111 0.015137032812499918 0.020182709722222192
traffic sign 0.8211840140625 0.5449331708333334 0.012614193749999992 0.02018270972222227
traffic light 0.7812390796875001 0.5673584041666666 0.01639845234374997 0.02018270972222227
car 0.27498942421875 0.6286540666666667 0.02901264531250001 0.01794018611111115
car 0.256068134375 0.6264115430555555 0.01892129062500003 0.02018270972222227
car 0.75180595 0.6054813 0.06685522656250012 0.09044846250000005
car 0.7871256921875001 0.6084713569444444 0.09712929218749995 0.1121261652777777
car 0.851878565625 0.5927736916666666 0.14632464765625014 0.16818925000000004
truck 0.5806733984375 0.5920261611111111 0.01765987187500002 0.024667756944444442
car 0.6185159796875 0.6032387763888889 0.01639845234374997 0.02691028055555549
car 0.59202617421875 0.6099663472222222 0.010091354687499976 0.024667756944444442
car 0.5844576570312501 0.6122088708333333 0.013875613281249954 0.04036542222222224
truck 0.2030885203125 0.6122088708333333 0.03531974375 0.04036542222222224
car 0.0025228390624999998 0.6211789625 0.089560775 0.05382056111111114
car 0.43687158984375 0.5965112083333334 0.029012646093749962 0.038122895833333344
car 0.6033789484375001 0.6144513944444445 0.01639845234374997 0.02242523333333332
car 0.53021662421875 0.5987537291666667 0.06307096796874996 0.09642850416666665
car 0.67023417578125 0.6144513944444445 0.029012646093749962 0.03812289861111111
car 0.6429034351562499 0.6122088708333333 0.018921290624999986 0.03139532777777774
car 0.6580404671875 0.6122088708333333 0.018921291406249985 0.03812289861111111
car 0.49741972109375 0.6189364416666666 0.015137032812500006 0.02018270972222227
car 0.9616220515625 0.6847171472222222 0.03784258124999997 0.09867102777777777
traffic light 0.61286072109375 0.4764709138888889 0.0059558867187499585 0.039705908333333345
traffic light 0.64859603984375 0.4764709138888889 0.008933829687499983 0.03441178750000004
traffic light 0.6724195859375001 0.5347062472222223 0.007444857812499972 0.02647060694444442
drivable area 0 0 0 0
drivable area 0 0 0 0
drivable area 0 0 0 0
drivable area 0 0 0 0
lane 0 0 0 0
lane 0 0 0 0
lane 0 0 0 0
lane 0 0 0 0
lane 0 0 0 0
lane 0 0 0 0
lane 0 0 0 0
lane 0 0 0 0
lane 0 0 0 0
lane 0 0 0 0
lane 0 0 0 0
lane 0 0 0 0
lane 0 0 0 0
lane 0 0 0 0
lane 0 0 0 0
lane 0 0 0 0
lane 0 0 0 0
lane 0 0 0 0
lane 0 0 0 0
lane 0 0 0 0
lane 0 0 0 0
lane 0 0 0 0