car 0.14154604375 0.5253781069444444 0.17023781015625 0.18532755416666666
car 0.021040628125 0.5457811416666667 0.1004211796875 0.08161213333333335
car 0 0.5423806375 0.040168471875 0.07141061666666673
car 0.2783101265625 0.5236778555555556 0.04399404062499999 0.04930733333333334
car 0.30795828515625 0.5287786138888889 0.074598590625 0.09351390555555557
car 0.3749057375 0.5202773486111111 0.036342903125000034 0.06120910000000003
car 0.40646668046874995 0.5338793722222223 0.018171450781249997 0.0306045513888889
car 0.42272534765625 0.5304788680555556 0.012433096874999983 0.01870278333333333
car 0.47915248671875005 0.5253781069444444 0.019127844531249938 0.03740556388888889
car 0.49541115312499995 0.5287786138888889 0.031560942968750005 0.044206575
car 0.42272534765625 0.5185770972222222 0.06407827656250005 0.09181365277777774
car 0.5556638617187499 0.5236778555555556 0.02964815703125003 0.02720404722222227
car 0.57766088203125 0.5185770972222222 0.0392120796875 0.032304805555555545
traffic sign 0.7278144546875 0.2805417083333333 0.05451435468749999 0.03230480277777781
traffic sign 0.15971749453125 0.4233629416666667 0.027735375000000007 0.018702781944444444
traffic light 0.17501976953125 0.4760707763888889 0.014345882812499999 0.028904298611111143
traffic light 0.19510400625 0.47437052500000004 0.009563921874999992 0.030604550000000015
traffic light 0.63026245234375 0.43866521666666664 0.021040628125000006 0.03060454861111113
traffic light 0.73450920078125 0.3587533361111111 0.03825568749999997 0.04590682638888895
traffic light 0.22953412499999998 0.21253159583333334 0.014345882812499999 0.06460960555555555
traffic light 0.45428628984374997 0.3009447402777778 0.01052031484375 0.042506319444444426
traffic light 0.22283937968749998 0.22273311527777778 0.006694745312500005 0.04930733333333334
traffic light 0.24866196953125003 0.21083134583333332 0.021040627343749962 0.07821162777777779
traffic light 0.45046072109375 0.290743225 0.0038255687499999524 0.045906824999999984
traffic light 0.46958856484375 0.28564246666666665 0.01052031484375 0.05950884722222223
traffic sign 0.5327104484375 0.46926976805555554 0.015302274999999987 0.03230480138888889
traffic light 0.40837946562500005 0.4794712833333333 0.006694745312499961 0.015302275000000047
traffic light 0.45906825078124996 0.4811715375 0.00669474531250005 0.018702781944444444
traffic light 0.42272534765625 0.504975075 0.008607529687500027 0.017002527777777724
traffic light 0.45046072109375 0.5032748236111111 0.007651138281249992 0.017002527777777804
drivable area 0 0 0 0
drivable area 0 0 0 0
lane 0 0 0 0
lane 0 0 0 0
lane 0 0 0 0
lane 0 0 0 0
lane 0 0 0 0
lane 0 0 0 0
lane 0 0 0 0
lane 0 0 0 0
lane 0 0 0 0
lane 0 0 0 0
lane 0 0 0 0
lane 0 0 0 0
lane 0 0 0 0
lane 0 0 0 0
lane 0 0 0 0
lane 0 0 0 0
lane 0 0 0 0