traffic light 0.50397565625 0.46964075833333335 0.006823654687500014 0.022528891666666655
traffic sign 0.48103765859375003 0.4800387083333333 0.016114342187499985 0.010397950000000043
traffic light 0.56831297421875 0.47830571666666666 0.006823653125000018 0.01906290833333336
traffic light 0.54199316328125 0.5094995680555556 0.009748078124999981 0.013863933333333339
car 0.48642911484375 0.5216305097222222 0.029244236718749938 0.03639282638888888
car 0.4727818046875 0.5320284597222222 0.009748079687499977 0.025994874999999952
car 0.46205891875000005 0.5302954680555556 0.00877327109374999 0.025994874999999952
car 0.45036122578125 0.5233635013888889 0.01072288593750006 0.03639282638888888
car 0.432814684375 0.5250964944444445 0.017546541406249984 0.03985880972222217
car 0.4055200640625 0.5146985416666666 0.024370196093749998 0.05372274305555559
car 0.32396005 0.49660091111111115 0.07961039843749998 0.08395131666666668
car 0.177415028125 0.5060335833333334 0.14914560000000002 0.1221879138888889
car 0.51762296640625 0.5250964944444445 0.02242058046874993 0.02946085972222221
car 0.5595397046875 0.5320284597222222 0.009748078124999981 0.019062909722222167
car 0.570262590625 0.5268294847222222 0.01267250078125004 0.02772786944444445
car 0.57903586015625 0.5181645263888889 0.02144577265625003 0.053722743055555515
car 0.59268316953125 0.5181645263888889 0.023395388281250006 0.06585368611111109
car 0.6131541351562501 0.5112325597222223 0.039967121875 0.09184856111111112
car 0.62972586875 0.5094995680555556 0.07700982031249995 0.11957642916666661
car 0.666768565625 0.5181645263888889 0.11502732578125005 0.16290122222222223
car 0.74962723359375 0.4645850930555555 0.24966648515625006 0.3637849486111111
traffic sign 0.769123390625 0.3604622791666667 0.025345003124999987 0.027727868055555563
traffic sign 0.7671790359374999 0.4023321125 0.020009885156250018 0.021343879166666666
drivable area 0 0 0 0
lane 0 0 0 0
lane 0 0 0 0