car 0.3650056328125 0.4006298208333333 0.025949887500000025 0.021852531944444486
car 0.38685817031249997 0.3982017597222222 0.015023617187500005 0.03399283472222226
car 0.388223953125 0.4006298208333333 0.017755184374999945 0.031564773611111166
car 0.39641865234375 0.4030578805555556 0.017755185156249985 0.03399283333333329
car 0.34315309765625 0.4030578805555556 0.009560484374999989 0.019424473611111083
car 0.334958396875 0.3982017597222222 0.012292051562499972 0.026708654166666672
car 0.32949526328125 0.4006298208333333 0.01365783437500001 0.024280594444444463
car 0.31856899375 0.4006298208333333 0.019120968750000022 0.0267086513888889
car 0.30491116015625 0.3933456375 0.027315669531249975 0.038848951388888824
car 0.28988754140625 0.4006298208333333 0.030047236718750002 0.03884895000000002
car 0.27213235703125 0.4054859388888889 0.03687615390625001 0.043705072222222204
car 0.1874537828125 0.4079139972222222 0.06555760625 0.08983820277777774
car 0.12872509140625 0.4151981736111111 0.08467857578125002 0.10440655972222225
car 0.0003414453125 0.4054859388888889 0.1488703984375 0.1553958069444444
car 0.4291974578125 0.4030578805555556 0.05463133906249995 0.09226625972222216
car 0.44831842578125 0.4006298208333333 0.08604435859375004 0.11654685555555559
car 0.54392326796875 0.3982017597222222 0.2799856125 0.2622304277777778
bike 0.41144227109375003 0.427338475 0.010926268749999935 0.0388489513888889
rider 0.40734492109375 0.39941578888888885 0.017755184375000076 0.06798566527777779
traffic sign 0.15194341171875 0.28529699444444445 0.02458410234374999 0.016996415277777763
traffic sign 0.1642354625 0.3022934097222222 0.030047236718750002 0.01942447500000001
traffic sign 0.42100275703124995 0.35813877777777775 0.0163894 0.03399283472222226
traffic sign 0.52070495 0.34599848194444444 0.023218317968749957 0.0169964152777778
traffic sign 0.52889965078125 0.36056683611111107 0.012292051562500017 0.026708654166666672
car 0.430563240625 0.39941578888888885 0.04916820468749998 0.09712238055555554
traffic sign 0.2530113890625 0.3702790736111111 0.008194702343749994 0.029136712499999995
traffic sign 0.5179733804687501 0.36056683611111107 0.01092627031249993 0.03399283472222226
drivable area 0 0 0 0
lane 0 0 0 0
lane 0 0 0 0
lane 0 0 0 0
lane 0 0 0 0
lane 0 0 0 0
lane 0 0 0 0
lane 0 0 0 0
lane 0 0 0 0