1 0.49282456406249997 0.3629834097222222 0.01678176718750004 0.01988950138888891
1 0.48443368046875 0.3679557847222222 0.011187843749999971 0.01988950138888891
1 0.45506558828125004 0.3604972222222222 0.036360496093749986 0.04723756666666669
1 0.39772788281250004 0.3679557847222222 0.011187846093750009 0.02237569027777779
1 0.38094611562499997 0.3604972222222222 0.013984806250000004 0.0248618763888889
1 0.211520190625 0.3542817513888889 0.06293162812500004 0.07707181944444443
1 0.064679728125 0.3542817513888889 0.04335289843749999 0.029834252777777733
1 0 0.4015193180555556 0.00454506171875 0.039779005555555594
1 0.0297177125 0.3617403166666667 0.029368093749999997 0.01740331388888884
1 0.00034962109375 0.3567679416666667 0.02517265078125 0.03480662777777776
1 0.00734202421875 0.3667126902777778 0.08530731640625 0.0720994430555555
1 0.08146149531249999 0.3331491569444444 0.13565261796875 0.12679557361111116
1 0.4045105140625 0.3567679416666667 0.05454074296874998 0.07955800694444437
1 0.49820871484374996 0.3741712555555555 0.04335289843750001 0.05220994305555556
1 0.2506776484375 0.3517955638888889 0.15802830703125004 0.18895026805555554
