0 0.6932379265625 0.22296071805555553 0.022941840624999977 0.05506041944444446
0 0.64265833515625 0.2406344263888889 0.045883682812500035 0.07545316944444444
0 0.6053778421875 0.25490935 0.022368295312499953 0.037726583333333334
0 0.60480429609375 0.29161629861111116 0.020647657031249978 0.019373108333333316
0 0.47887509453125 0.2891691722222222 0.009750282031250012 0.011216012499999985
0 0.517876225 0.3217975708333333 0.006309007031249969 0.0112160111111111
0 0.413490846875 0.2687764236111111 0.008029643750000037 0.01937311250000001
1 0.25301266328125 0.2967144847222222 0.07398743984375003 0.028549845833333306
1 0.39639917265625 0.3374999791666667 0.017206381250000024 0.03976585972222217
1 0.3717366921875 0.3364803416666667 0.030971486718749962 0.047922956944444435
1 0.34478003046875 0.32832324444444444 0.032692124218749986 0.06525679166666667
1 0.5037669984375001 0.32934288194444444 0.010897373437499969 0.019373111111111087
1 0.5100760046875 0.3364803416666667 0.009176735937499991 0.03262839722222218
1 0.5163850109375 0.3354607041666667 0.010897375781250052 0.04690332083333332
1 0.5221204703125 0.32526433055555554 0.015485743749999958 0.07341389166666666
1 0.5330178453125 0.32526433055555554 0.049324960156249986 0.07851208055555559
1 0.54678295 0.3548338152777778 0.030971486718750007 0.06423715833333338
1 0.56743060859375 0.32934288194444444 0.05104559765624996 0.10502265138888885
1 0.5766073445312501 0.33240179305555556 0.050472050781249944 0.10196374027777774
1 0.58406344296875 0.33036251805555555 0.10840019999999999 0.1366314125
1 0.24945668046875 0.3201661444444444 0.11126793046875001 0.16314198333333335
1 0 0.32526433055555554 0.09758168671875 0.13051358611111114
1 0 0.32832324444444444 0.29029315625 0.2793806472222222
3 0.8249527875 0.32322505555555553 0.026383117968750015 0.10706192916666665
3 0.79340775703125 0.33036251805555555 0.02179474843750011 0.07341389305555555
3 0.76759818359375 0.3211857819444444 0.022368294531250044 0.04384440833333332
3 0.7245822320312499 0.31608759583333335 0.024088933593750018 0.04180513472222225
1 0.6423715624999999 0.35687309027777775 0.18697600859375002 0.18353473194444447
1 0.7891993484375 0.2895770208333333 0.20991784921874998 0.4873866777777778
1 0.4106589625 0.31200904444444444 0.10782665390625006 0.17129908333333332
