traffic light 0.34812675703124996 0.40466016111111114 0.006694745312500005 0.02550379027777778
traffic light 0.49445476171875 0.43526471111111115 0.006694746093749959 0.02380353888888883
traffic light 0.33626749921875 0.47777103055555553 0.006694745312500005 0.013602022222222211
traffic light 0.49694138671875 0.4998743166666667 0.011476707031250033 0.020403033333333317
traffic light 0.39556381484375003 0.4845720416666666 0.005738353125000017 0.015302273611111162
traffic sign 0.2993507546875 0.4093358569444444 0.031560942968750005 0.015302273611111162
traffic sign 0.48680362421875 0.4705449569444445 0.01625866718749993 0.01190177083333334
person 0.53137153515625 0.5423806375 0.015302274999999987 0.07141061666666673
person 0.53902267265625 0.5304788666666667 0.010520314062500003 0.05950884861111108
person 0.49808906953125 0.5321791194444445 0.01338949062500001 0.051007584722222214
person 0.52391165859375 0.5423806375 0.00956392187499997 0.04760707777777782
person 0.5114785601562499 0.5304788666666667 0.018171451562499996 0.06120909999999995
car 0.28940428203125 0.5172169166666667 0.021997019531249995 0.049307330555555494
car 0.26740726171875 0.5155166638888888 0.040168471874999986 0.0867128916666667
car 0.32670357734375 0.522317675 0.018171451562499996 0.03910581249999999
car 0.36209008828125 0.5291186861111111 0.008607529687499981 0.025503791666666664
car 0.36495926484374996 0.5240179277777778 0.022953412500000027 0.040806066666666634
car 0.37739236328125003 0.5257181805555555 0.027735373437499967 0.05440808888888892
person 0.32115649999999996 0.522317675 0.006694745312500005 0.02550379027777778
person 0.31446175468750004 0.5206174222222222 0.007651137499999993 0.02380353888888891
bike 0.33818028359375 0.5413605013888889 0.016258667187499975 0.05440808888888892
rider 0.33626749921875 0.51075595 0.021040628125000006 0.07481112361111113
truck 0.082249728125 0.2478968611111111 0.19892957500000003 0.39785915138888883
truck 0.52220881484375 0 0.47723970156249995 0.9972447486111111
truck 0.00040988046874999997 0.4194766513888889 0.2027551453125 0.3910581402777778
car 0.39594636640625 0.4769209041666667 0.06407827734375 0.12921921249999996
car 0.47054495703125 0.5415305111111112 0.010520314062500003 0.030604550000000015
drivable area 0 0 0 0
drivable area 0 0 0 0
lane 0 0 0 0
lane 0 0 0 0
lane 0 0 0 0
lane 0 0 0 0
lane 0 0 0 0
lane 0 0 0 0
lane 0 0 0 0
lane 0 0 0 0
lane 0 0 0 0