traffic sign 0.42130288671875 0.2903389333333333 0.006864404687499981 0.015254236111111139
traffic sign 0.344078325 0.3177965569444445 0.008580507031249995 0.015254231944444443
traffic sign 0.316620703125 0.2903389333333333 0.010296608593750011 0.007627116666666703
traffic sign 0.30117578984375004 0.2933897805555556 0.0248834703125 0.02440677361111112
truck 0.00085805 0.12508472083333333 0.25569910625000003 0.5161016152777778
truck 0.24540249453125 0.2898304541666667 0.06435380234375003 0.14012103472222218
car 0.3074681703125 0.33661010416666665 0.012012710156249985 0.013728812500000014
car 0.31776477890625 0.33813552916666667 0.015444911718749977 0.013728809722222204
car 0.330635540625 0.33661010416666665 0.009438557812500026 0.016779659722222225
car 0.33921604453125 0.33661010416666665 0.007722457812500005 0.015254234722222215
car 0.34522240078125 0.33508468194444446 0.018877114843749966 0.021355929166666676
car 0.362383415625 0.32898299305555556 0.029173722656249977 0.03813558472222225
drivable area 0 0 0 0
lane 0 0 0 0
lane 0 0 0 0