traffic sign 0.52579300859375 0.1770911847222222 0.018353474218750065 0.04894259583333335
traffic sign 0.4745562296875 0.13766520694444445 0.021412385156250036 0.019033231944444434
traffic sign 0.43784928437500004 0.14582230694444445 0.060383552343749966 0.06525679444444445
traffic light 0.50591007890625 0.27089782777777777 0.00764728046875005 0.02447129583333335
car 0.48664511953125 0.3056787958333333 0.014529833593749953 0.020392748611111126
car 0.46217382265625 0.30839783055555553 0.025236024999999974 0.03806646250000002
drivable area 0 0 0 0
drivable area 0 0 0 0
lane 0 0 0 0
lane 0 0 0 0
lane 0 0 0 0
lane 0 0 0 0
lane 0 0 0 0