traffic light 0.5330633640625 0.43968719722222227 0.009004448437500034 0.0355698347222222
traffic light 0.37898723671875 0.5161661333333333 0.010004944531250004 0.03379447499999999
traffic light 0.6331127953125 0.4236759902777778 0.00800395468750006 0.02134387777777778
traffic light 0.7511711265625001 0.4521344958333333 0.010004943750000005 0.021343879166666666
traffic sign 0.39799663046875 0.5375100125 0.009004449218749988 0.023122536111111144
traffic sign 0.19389578671875002 0.4539131527777778 0.031015324218749973 0.06225298055555552
traffic sign 0.646119221875 0.473478375 0.015007414843749966 0.008893283333333338
traffic sign 0.52605990234375 0.5019368805555556 0.015007414843749966 0.003557313888888874
car 0.27793731093749996 0.6068776166666667 0.026012853906250032 0.040909101388888855
car 0.24292000859375001 0.6157709027777778 0.03801878515624999 0.04624507083333332
car 0.3649803171875 0.5748618013888889 0.019009392187499995 0.05158104027777778
car 0.29994818749999996 0.5677471749999999 0.07464688671875001 0.1203773513888889
car 0.5300618796875 0.5659685152777777 0.031015324218749994 0.08537551944444452
car 0.55407374453125 0.5126088208333334 0.11505684843750004 0.15296446805555552
car 0.6591256484375 0.5375100125 0.02701334687500001 0.0640316375
car 0.37598575546875 0.5321740430555555 0.18108947265624997 0.28102774027777777
car 0.7291602515625 0.4236759902777778 0.2701334671875001 0.4713439902777778
person 0.16988392421875 0.6228855291666666 0.013006425781249997 0.048023727777777796
traffic light 0.10084981484375 0.5962056805555556 0.008003954687500014 0.01956522222222227
traffic light 0.52356958203125 0.43734345 0.006591792968749921 0.035156224999999985
person 0.0687359109375 0.6403120527777778 0.010546867187499998 0.04921871666666667
drivable area 0 0 0 0
drivable area 0 0 0 0
lane 0 0 0 0
lane 0 0 0 0
lane 0 0 0 0
lane 0 0 0 0
lane 0 0 0 0
lane 0 0 0 0
lane 0 0 0 0
lane 0 0 0 0
lane 0 0 0 0
lane 0 0 0 0
lane 0 0 0 0
lane 0 0 0 0
lane 0 0 0 0
lane 0 0 0 0