traffic light 0.22351770078125002 0.3314265375 0.015616957031249967 0.04685087083333334
person 0.08491720546875 0.4615678486111111 0.036114212500000006 0.04858609027777779
person 0.2449910171875 0.5153595916666667 0.03513815390624999 0.08502565555555558
person 0.28110523125000003 0.5240356791666666 0.05075511171875 0.18740348611111124
car 0.49486233359375 0.5535343722222222 0.018545135937500047 0.029498695833333324
car 0.48607779609375 0.5483287222222222 0.01561695624999997 0.032969131944444445
car 0.47826931640625 0.5517991569444445 0.02440149609375002 0.06073261250000002
car 0.45581993984375 0.558740025 0.03611421406249997 0.07808478611111111
car 0.44703540234375005 0.5604752458333333 0.030257854687499995 0.10237783055555556
truck 0.2840334109375 0.4528917611111111 0.17764288906249998 0.3279561013888889
car 0.0001812703125 0.48933132777777777 0.3355833109375 0.5081679861111111
car 0.6539600867187499 0.5656808972222223 0.05856358828125004 0.09370174444444437
person 0.7906084609375 0.5517991569444445 0.023425435937499905 0.031233913888888923
person 0.853076290625 0.558740025 0.021473315624999857 0.057262177777777784
person 0.7359491109375 0.5812978541666667 0.12591171718749994 0.12146522083333337
car 0.72033215390625 0.5882387236111111 0.27817705156250006 0.40951132500000004
car 0.48802991406249996 0.5118891555555555 0.18447530781250004 0.2897813180555555
drivable area 0 0 0 0
lane 0 0 0 0
lane 0 0 0 0