1 0.33602720625 0.18572888055555556 0.20270782812499996 0.40472263750000004
1 0.58395447109375 0.2813653930555555 0.24636797421875006 0.27720728333333333
0 0.76717116171875 0.13860364305555556 0.053015892187500045 0.05821353055555553
0 0.5426332609375 0.26611899305555553 0.026507946093750068 0.027720729166666697
0 0.5441925515625 0.2924536861111111 0.020270783593749987 0.019404508333333344
0 0.548090778125 0.31463026805555555 0.014813264843749962 0.022176581944444447
0 0.29548563984375 0.24948655694444447 0.02650794687500002 0.022176583333333333
0 0.3017228046875 0.21622168194444444 0.014813264062500008 0.026334693055555566
0 0.30016351328125 0.27720728333333333 0.019491137500000023 0.023562619444444426
0 0.30250245 0.30076990555555555 0.013253973437500033 0.023562618055555578
0 0.251045846875 0.18295680833333333 0.011694682031250014 0.04158109305555557
0 0.24792726640625 0.23008204861111112 0.011694682031250014 0.027720727777777773
0 0.34772188828125 0.2785933222222222 0.007796454687499965 0.026334691666666684
0 0.29158741328125004 0.3049280138888889 0.005457517968749981 0.02079054861111113
0 0.1660644890625 0.24671448472222224 0.010915036718750003 0.026334691666666642
0 0.19101314609375 0.2813653930555555 0.00857609921875 0.01801847361111114
0 0.151251225 0.2688910666666666 0.011694682031250014 0.018018472222222255
1 0.33056968750000004 0.3090861236111111 0.02494865546874996 0.04851127499999998
