traffic light 0.340311434375 0.43151629027777777 0.00959715000000001 0.055450201388888905
traffic light 0.07159123359375 0.5594782902777777 0.011996436718749993 0.036255904166666714
traffic light 0.349908584375 0.44217979027777776 0.005998220312499969 0.04905209861111114
traffic light 0.56224552890625 0.45284329027777775 0.014395725781250058 0.042654000000000046
traffic light 0.56104588515625 0.5594782902777777 0.02279323203125001 0.02772510277777782
traffic light 0.97612262421875 0.5957341930555556 0.02279323125000001 0.0383886
car 0.03800121015625 0.6533170902777777 0.05998218671875 0.04691940000000001
truck 0.131573421875 0.5680090902777778 0.07797684374999998 0.12796199999999996
car 0.155566296875 0.6405208902777778 0.05278432500000001 0.05971559999999998
bus 0.21434884062499998 0.6405208902777778 0.07917648750000002 0.05971559999999998
traffic sign 0.33791214687500004 0.3078196902777778 0.01919430156249997 0.0533175
lane 0 0 0 0
lane 0 0 0 0
lane 0 0 0 0
lane 0 0 0 0