1 0.4817090234375 0.461842325 0.043122425000000054 0.04674517361111109
1 0.43122423593750003 0.44875367499999996 0.022087095312499992 0.0635734375
1 0.49874765390625003 0.24681452222222222 0.10096957656249997 0.06918285833333332
0 0.59109273359375 0.2505541361111111 0.013672964062500004 0.02617729722222223
0 0.5511256078125 0.21502780277777778 0.010517664843749941 0.02804710555555556
0 0.61633512734375 0.23185606666666664 0.021035328125000065 0.048614980555555576
0 0.5258832140624999 0.4207065708333333 0.015776496093750047 0.03178671805555556
0 0.47645019296875 0.43005560694444445 0.03786359062499996 0.024307491666666674
1 0.44279366640625 0.45249329166666663 0.049433024218749996 0.07853189166666665
0 0.53009028125 0.45436309722222223 0.010517663281249945 0.02243768194444442
