traffic light 0.42501622031249997 0.33273441111111113 0.00877327109374999 0.024261886111111075
traffic light 0.498126809375 0.31540449444444446 0.004874038281250037 0.022528891666666655
traffic light 0.50105123203125 0.31193851111111115 0.004874039062499946 0.02772786666666664
car 0.3675025578125 0.42631596527777776 0.016571733593749992 0.034659834722222234
car 0.333384284375 0.4211169888888889 0.040941928906250036 0.06758667777777781
car 0.30998889531249996 0.41938399722222225 0.04289154453125001 0.07625163750000002
car 0.24175234609375 0.40378707222222227 0.08188385781250003 0.10744548749999999
car 0.1413471375 0.39338912361111106 0.12964944375 0.13517335416666668
car 0.5244466210937501 0.3847241625 0.05946327968749996 0.06758667777777781
truck 0 0.41765100555555557 0.26904696640625 0.1871631069444444
car 0.37237659609375 0.3725932208333333 0.15499444843750002 0.2530167916666667
car 0.5683129734375 0.43324793194444444 0.11795174843750003 0.16463421388888888
person 0.8909743718750001 0.41765100555555557 0.03704269765624986 0.2079590069444444
person 0.73110588515625 0.4211169888888889 0.007798462500000003 0.0259948777777778
person 0.74962723359375 0.4211169888888889 0.00877327109374999 0.0259948777777778
person 0.7603501203125 0.41938399722222225 0.019496156249999962 0.048523769444444455
person 0.78959435546875 0.4055200638888889 0.021445771874999943 0.06758667638888885
person 0.71745857421875 0.4089860458333333 0.012672503124999946 0.03812581805555561
person 0.6999120343749999 0.4159180138888888 0.012672501562500039 0.02426188611111115
car 0.9133949515625 0.6949296805555556 0.08480828281249994 0.28594363472222223
traffic sign 0.67261741328125 0.32753543749999997 0.013647310156250026 0.020795902777777778
traffic sign 0.6706677976562501 0.3483313375 0.014622117968750015 0.04332479444444443
traffic light 0.37822544375 0.39165613194444443 0.013647309375000027 0.02079590000000001
drivable area 0 0 0 0
lane 0 0 0 0