traffic sign 0.573042321875 0.47701390277777783 0.007197863281249983 0.02345970138888889
traffic sign 0.15436665390624998 0.4563978 0.01799465546875001 0.02559240138888883
traffic sign 0.20595133359375 0.4521324013888889 0.01199643749999999 0.03625589999999998
traffic sign 0.57184267890625 0.4969191 0.00959715000000001 0.02132700000000006
traffic sign 0.5322544359375 0.5225115013888889 0.011996437500000035 0.02132699999999998
traffic sign 0.56104588515625 0.5054499013888889 0.00959715000000001 0.027725100000000048
car 0.36310466640625 0.5289096013888889 0.015595368749999982 0.05118480000000005
car 0.25033815390625 0.5097153013888889 0.03239038281249997 0.03625589999999998
car 0.203552046875 0.5011845027777778 0.04558646249999998 0.038388598611111116
car 0.060794439843750006 0.5182461027777778 0.03119073671875 0.01492889861111111
car 0.0001812703125 0.4947864013888889 0.058213883593749995 0.044786699999999985
car 0.261134946875 0.490521 0.08877363671875002 0.1236966
car 0.02360548515625 0.5075826 0.25192518828125 0.22180080277777783
car 0.36310466640625 0.48838830138888883 0.13316045546874994 0.21327000138888894
drivable area 0 0 0 0
lane 0 0 0 0
lane 0 0 0 0
lane 0 0 0 0
lane 0 0 0 0
lane 0 0 0 0
lane 0 0 0 0
lane 0 0 0 0
lane 0 0 0 0
lane 0 0 0 0
lane 0 0 0 0
lane 0 0 0 0
lane 0 0 0 0