1 0.9678563851562499 0.39187472361111114 0.021093736718750124 0.02109373472222218
1 0.9441259335937501 0.38953097500000006 0.026367169531249957 0.028124980555555526
1 0.89666502890625 0.3824997319444445 0.05009762187500009 0.03749997222222221
1 0.8557959164062501 0.3707809875 0.05800777265624983 0.06562495416666671
1 0.81097172890625 0.3824997319444445 0.05273433828125 0.06328120555555551
1 0.6593605046875 0.40124971666666664 0.06459956484375003 0.07734369722222227
1 0.5749855625 0.3754684861111111 0.09228509296874998 0.11718741944444441
1 0.46688016796875004 0.3637497430555555 0.11206047109375002 0.1429686513888889
1 0.792514709375 0.40124971666666664 0.032958961718750054 0.05156246527777779
1 0.7397803710937499 0.40593721527777776 0.07119135781250004 0.05859370833333336
1 0.09114800468749999 0.34499975694444446 0.42846650156250005 0.30703103750000005
1 0 0.38953097500000006 0.14520070234375 0.2085936069444444
1 0.9889501218750001 0.38953097500000006 0.01054686718750002 0.025781233333333296
