0 0.46545647656250005 0.43475342222222224 0.010915035937499961 0.01940450972222223
0 0.47949009531250003 0.47494847777777777 0.006237163281249991 0.016632437500000048
0 0.5410820890625 0.4416836027777778 0.01091503593750005 0.02217658472222218
0 0.399706375 0.4536959236111111 0.014813264062500008 0.013860365277777792
0 0.5111956796875 0.4675562888888889 0.024948655468750046 0.016632436111111086
0 0.57668590078125 0.4786445791666667 0.01091503671874996 0.013860363888888906
0 0.40516389296875 0.46339817916666665 0.01559290937500002 0.015246398611111149
1 0.47741104375 0.5008211652777778 0.009355744531250033 0.01940450972222223
1 0.47273316953125005 0.5035932388888889 0.01091503671874996 0.022176583333333375
1 0.45246238671874994 0.5008211652777778 0.021830074218750006 0.03742298194444445
1 0.44310664140625 0.5146815291666667 0.02027078124999999 0.027720729166666697
1 0.42205621328125 0.5022072013888889 0.024948655468750046 0.051283347222222234
1 0.4212765671875 0.5174536027777777 0.02027078203124999 0.029106762499999977
1 0.41737833984375 0.5160675666666666 0.017931846093750002 0.04019505555555559
1 0.40412436640625 0.5077513472222221 0.02027078281249999 0.05682749722222222
1 0.3846332296875 0.5035932388888889 0.030406174218750026 0.06791578333333333
1 0.35500670078124996 0.5035932388888889 0.04132121171875003 0.07484596666666667
1 0.3261598171875 0.5174536027777777 0.04911766562500004 0.08454821805555553
1 0.27314392421875 0.5022072013888889 0.0779645484375 0.12890138750000005
1 0.12111305390625 0.4814166555555556 0.17308129687499998 0.19958924583333332
1 0.53120658125 0.5132954930555556 0.01091503671874996 0.02217658472222226
1 0.5366641000000001 0.5174536027777777 0.01559290937499993 0.022176579166666637
1 0.54835878203125 0.5211496958333334 0.019491137500000023 0.020790544444444472
1 0.57174814765625 0.5211496958333334 0.02572830078125001 0.038809020833333346
1 0.5974764484375 0.5169915888888889 0.021050426562499957 0.05405541944444441
1 0.60839148515625 0.5100614041666667 0.045999083593750004 0.07623200416666667
1 0.7222197257812499 0.5294659152777778 0.10837072421875008 0.1302874236111111
1 0.63801801328125 0.5211496958333334 0.06549021953125003 0.08316218472222224
1 0.00062370703125 0.4194146208333333 0.12864150390625 0.3340347777777778
1 0.80443821875 0.5344556444444445 0.19491137187500004 0.18711491527777777
