traffic light 0.354707159375 0.3718006902777778 0.007197864062499981 0.02132699999999998
traffic light 0.48426868515625 0.37606609166666666 0.005998218750000017 0.019194298611111153
car 0.4026929109375 0.4165873902777778 0.02519251875000004 0.040521300000000024
car 0.38709754140624997 0.42725089027777774 0.015595369531249981 0.025592400000000026
car 0.37750039140624997 0.42725089027777774 0.015595368750000027 0.025592400000000026
car 0.36670359765625 0.4293835916666667 0.016795012499999994 0.027725100000000048
car 0.343910365625 0.4293835916666667 0.027591807812500015 0.04052129861111114
car 0.45427759140625 0.4165873902777778 0.011996437499999946 0.017061600000000017
car 0.46987296015625 0.4123219902777778 0.00959714999999992 0.017061601388888903
traffic sign 0.52025799921875 0.39739309166666664 0.00959715000000001 0.019194298611111153
car 0.49026690390625005 0.42298549027777776 0.013196081250000002 0.027725101388888854
car 0.49866441015624996 0.43151629027777777 0.020393945312499984 0.029857798611111104
car 0.51545942421875 0.43578169027777774 0.016795012499999994 0.04052129861111114
car 0.52745586171875 0.42298549027777776 0.02759180703124997 0.07037910138888889
car 0.54784980390625 0.4016584902777778 0.07437791328124996 0.1087677013888889
car 0.6594166734375 0.4016584902777778 0.039588244531250004 0.0533175
car 0.6186287859374999 0.4016584902777778 0.04078788671875007 0.05758289999999996
car 0.9005450679687501 0.38033149027777774 0.09945493203124993 0.10450230000000005
car 0.09078553359375 0.45284329027777775 0.0383886015625 0.04691940000000001
car 0.03080334765625 0.45710869027777784 0.062381475 0.055450199999999936
drivable area 0 0 0 0
drivable area 0 0 0 0
lane 0 0 0 0
lane 0 0 0 0
lane 0 0 0 0
lane 0 0 0 0
lane 0 0 0 0
lane 0 0 0 0
lane 0 0 0 0
lane 0 0 0 0
lane 0 0 0 0
lane 0 0 0 0
lane 0 0 0 0
lane 0 0 0 0
lane 0 0 0 0
lane 0 0 0 0
lane 0 0 0 0
lane 0 0 0 0
lane 0 0 0 0
lane 0 0 0 0
lane 0 0 0 0
lane 0 0 0 0
lane 0 0 0 0
lane 0 0 0 0
lane 0 0 0 0