1 0.186830440625 0.6091839472222222 0.09556764453124997 0.11173474583333337
1 0.35041469765625 0.6030614944444445 0.042187519531249995 0.05510206666666669
1 0.42233795234375 0.6055104847222222 0.20491080546875 0.32908178055555554
1 0.40551676328125 0.6015308819444445 0.02066327499999998 0.03061225833333331
1 0.39174124765624996 0.6030614944444445 0.018080364843750064 0.027551030555555578
1 0.33491724140625 0.6061227194444445 0.02152424453124997 0.035204098611111095
1 0.302835359375 0.6131635486111111 0.02841200234375001 0.030612261111111077
1 0.27944618828125 0.6192422805555555 0.01808036640624997 0.03826532361111114
1 0.27206644921875 0.6160717055555556 0.022385214062500002 0.058163291666666735
1 0.166167165625 0.6313778361111111 0.035299761718749975 0.0474489986111111
1 0.131728375 0.6309186680555555 0.03874363984375 0.03673471111111116
1 0.08007018984375 0.6309186680555555 0.08867988593750001 0.07653064444444442
1 0.471983628125 0.6006125291666666 0.0077487289062499794 0.009183676388888923
1 0.4786991953125 0.5964288722222222 0.012053576562500012 0.015306130555555578
1 0.49161374140624997 0.5933676444444445 0.012053576562500012 0.016836743055555558
1 0.5028063484375 0.5887758069444444 0.022385214062499957 0.0214285805555555
1 0.52390010703125 0.5954084291666667 0.012914544531250006 0.019897968055555517
1 0.53595368359375 0.5908165916666667 0.018941335937500005 0.02908164583333333
1 0.5695315062499999 0.5862247513888889 0.009470669531250041 0.01224490555555554
1 0.55833889921875 0.5908165916666667 0.010331637499999945 0.01989797083333337
1 0.56178277890625 0.5984696569444444 0.017219396875000025 0.024489808333333387
1 0.5772802335937499 0.5938778166666667 0.022385214062500047 0.036734711111111075
1 0.63754811796875 0.5938778166666667 0.05079721718750001 0.038265319444444404
1 0.68490145546875 0.5954084291666667 0.013775517187499985 0.02602041805555552
1 0.756361946875 0.5709186236111111 0.06285079453124993 0.029081648611111097
1 0.7981189804687501 0.5765308805555556 0.05338012812500006 0.02448980694444442
1 0.8368626203125 0.5795921055555555 0.04132654999999996 0.016836741666666672
1 0.8833549890624999 0.5719390402777778 0.01635842578125004 0.010714290277777788
1 0.8731463703125 0.5717932791666667 0.05510206562499995 0.026020420833333287
1 0.93599716328125 0.5534259236111111 0.06285079374999984 0.04285716111111115
1 0.9420239515625 0.5626096013888889 0.056824005468750015 0.03826532361111114
1 0.7913542398437501 0.5899419791666667 0.11967479921874995 0.10867352083333333
1 0.8878918960937501 0.6107145597222222 0.10934316249999991 0.12551026111111113
0 0.32487258984375 0.523469623611111 0.022385215625 0.024489808333333387
0 0.4342157515625 0.5668370055555555 0.036160731250000036 0.04438777500000002
1 0.05797196015625 0.5683676180555556 0.11536994921875002 0.11938780972222215
1 0 0.6558092708333334 0.1801655640625 0.34000440833333334
