1 0.34128264765625 0.40770444861111116 0.011700700781250007 0.02704162083333333
1 0.34596292812499996 0.4118646986111111 0.01287077187500003 0.024961497222222247
1 0.35766362890625 0.4097845736111111 0.018721122656250033 0.0228813722222222
1 0.36936433203124996 0.4097845736111111 0.015210911718749998 0.02496149583333336
1 0.89238569609375 0.29953796250000003 0.09243554296875 0.03536211944444444
1 0.30267033203125 0.42018519722222225 0.018721122656249988 0.014560875000000017
1 0.2640580171875 0.41810507361111116 0.009360561718749993 0.0166409986111111
1 0.24299675390625 0.41810507361111116 0.011700701562500004 0.014560872222222167
1 0.22895591171875 0.42018519722222225 0.011700701562500004 0.018721123611111067
1 0.21959535078124998 0.4222653222222222 0.00819049140625001 0.0166409986111111
1 0.1844932453125 0.4097845736111111 0.015210910937499999 0.04160249583333334
1 0.17513268437500001 0.4118646986111111 0.009360561718749993 0.03744224722222222
1 0.16577212265625002 0.40770444861111116 0.009360561718749993 0.04160249444444438
1 0.12598973671875 0.40562432638888885 0.02925175546875001 0.052003118055555575
1 0.0967379828125 0.4035442 0.036272175000000004 0.05824349305555556
1 0.04876510625 0.3931435763888889 0.05148308671875 0.07696461388888885
1 0 0.39730382500000005 0.06046580781250001 0.08528511527777777
1 0 0.4368261958333333 0.00781265 0.06032361666666664
1 0.20321436875 0.42018519722222225 0.017551052343750005 0.024961497222222247
1 0.38223510312500003 0.3993839486111111 0.026911613281250003 0.04160249444444446
0 0.7472969953125 0.25793546805555556 0.03627217499999995 0.045762744444444434
0 0.49456183984375 0.3120187111111111 0.01755105312499996 0.03120187222222223
0 0.299160121875 0.3453007069444445 0.017551053125000004 0.04576274583333336
1 0.6887934875 0.32865970972222225 0.31006859296875 0.3723423263888889
0 0.20087422734375 0.40562432638888885 0.007020420312499986 0.018721120833333375
0 0.21725521015625 0.4035442 0.007020421093750029 0.016640997222222214
