0 0.46267509687499997 0.1883884888888889 0.019194300781250017 0.06611370138888889
0 0.345110009375 0.16919419166666666 0.019194301562500016 0.07251179861111111
0 0.37390146015625 0.5445493902777778 0.010796792968750024 0.027725100000000048
0 0.34031143359375 0.5466820902777778 0.010796793749999978 0.025592398611111063
0 0.56944339140625 0.48270108888888885 0.01319608203125 0.02132699999999998
0 0.2707320984375 0.44431249027777775 0.02159358828125 0.05118480000000005
0 0.58383911640625 0.42298549027777776 0.029991095312499993 0.025592400000000026
1 0.261134946875 0.5637436902777778 0.06837969375000004 0.09810420138888887
1 0.19035596562499998 0.5722744902777778 0.07317826953125002 0.08104260416666662
1 0.061994083593750006 0.5701417902777778 0.1319608140625 0.1300947
1 0 0.5402839902777778 0.0439994296875 0.16421789999999994
1 0.348708940625 0.5893360930555556 0.01799465859375 0.027725100000000048
1 0.37150217265625 0.5936014930555555 0.016795012499999994 0.019194298611111073
1 0.38469825390625 0.5893360930555556 0.01319608203125 0.02132700000000006
1 0.39549504765625 0.5914687930555556 0.010796793749999978 0.02132699999999998
1 0.40629184140624997 0.5872033930555556 0.013196081250000002 0.027725101388888854
1 0.41828827890625 0.5765398930555555 0.020393942968749988 0.04265399999999996
1 0.42788542890625003 0.5765398930555555 0.04798574999999996 0.055450201388888905
