traffic sign 0.49541115390624996 0.33324954444444443 0.012433098437500067 0.018702779166666676
traffic light 0.31178385390624996 0.2690650027777778 0.007651137499999993 0.03230480277777777
traffic light 0.43802762265624995 0.2792665194444444 0.006694744531250052 0.01870278055555556
traffic light 0.32039138437500003 0.27416576111111113 0.006694744531250007 0.02550379305555555
traffic light 0.57192252890625 0.32474828194444444 0.0076511367187499955 0.015302275000000008
car 0.43707123046875 0.38595738055555556 0.00956392187499997 0.011901769444444455
car 0.42176895546875004 0.3893578847222222 0.011476706249999946 0.011901769444444455
car 0.41411781875000003 0.38595738055555556 0.006694744531249963 0.015302276388888853
car 0.40359750390625004 0.38595738055555556 0.010520313281249916 0.020403034722222203
car 0.39594636640625 0.38595738055555556 0.011476707031249988 0.02380353888888891
car 0.37777491484375003 0.38425712638888887 0.019127843749999984 0.028904297222222257
person 0.34621397265625 0.40023951944444447 0.004781961718749983 0.028904297222222177
car 0.34143201171875004 0.3893578847222222 0.014345882812499999 0.015302276388888932
car 0.281179303125 0.40466016111111114 0.016258666406249976 0.034005055555555525
car 0.26396424375 0.40466016111111114 0.021040628906250004 0.039105813888888875
car 0.1558919265625 0.4063604125 0.030604549999999998 0.05270783749999997
car 0.1214618078125 0.42166268888888886 0.0535579625 0.0731108680555556
car 0 0.2924434777777778 0.12337459296875 0.23123437916666664
car 0.29456879453124996 0.38323699166666664 0.05547074765625002 0.07141061805555553
car 0.35386511015625 0.38663749583333334 0.02773537343750001 0.04250632083333328
bus 0.46193742734375 0.34855181944444447 0.030604549999999973 0.05780859305555555
car 0.44759154375000004 0.3791563680555556 0.010520314062500003 0.020403034722222203
car 0.6073090398437501 0.35365257777777775 0.06503466953124999 0.06971036527777781
car 0.6711960265625 0.3621538402777778 0.08224972734375005 0.06290935277777779
car 0.7591841078125 0.3400505541666667 0.12433098437499997 0.09011339722222225
person 0.9730334359375 0.35365257777777775 0.018171451562499996 0.12921921111111112
rider 0.163716959375 0.39445864444444445 0.11667984609375001 0.12151494027777782
drivable area 0 0 0 0
lane 0 0 0 0
lane 0 0 0 0
lane 0 0 0 0
lane 0 0 0 0
lane 0 0 0 0
lane 0 0 0 0
lane 0 0 0 0
lane 0 0 0 0
lane 0 0 0 0