0 0.2249111125 0.2600395875 0.01700840312499996 0.03735178750000002
0 0.40099811328125 0.3436364472222222 0.010004943750000005 0.023122534722222216
0 0.284940771875 0.32407122222222223 0.008003953906249972 0.021343879166666666
0 0.3259610375 0.3205139083333333 0.007003460156249997 0.023122536111111102
1 0.34697141953125 0.37743092222222224 0.014006920312499994 0.01778656527777779
1 0.33696647578125 0.37387360555555554 0.010004943750000005 0.021343879166666666
1 0.3649803171875 0.3756522625 0.01600790937500003 0.02490119305555554
1 0.37398476640625 0.37743092222222224 0.018008897656250022 0.026679848611111053
1 0.38499020390625 0.37920957638888886 0.0240118625 0.03557313194444447
1 0.41400453984374996 0.3809882319444445 0.03901927890625005 0.0498023847222222
1 0.49304359062499997 0.4094467375 0.06603262578125006 0.08715417361111114
1 0.55407374453125 0.40055345555555555 0.123060803125 0.15118580972222226
1 0.6771345453125 0.4236759902777778 0.29714681484374994 0.25612654444444444
1 0.30395016484375004 0.37387360555555554 0.030014829687499977 0.05158104166666667
1 0.2169071578125 0.36675898055555556 0.0240118625 0.023122534722222258
1 0.12806204140625 0.3623435013888889 0.03295896171875001 0.04687496666666667
1 0.09642143828125001 0.3740622430555556 0.031640603124999986 0.03281247777777775
