1 0.90097783125 0.5443163041666667 0.04210085625000008 0.026334695833333338
1 0.639016946875 0.5221397236111112 0.02027078281249999 0.015246401388888841
1 0.65227091953125 0.5290699027777778 0.0280672359375 0.02910676527777775
1 0.6304408460937501 0.5221397236111112 0.021830073437500007 0.031878834722222235
1 0.614068290625 0.5193676486111111 0.016372555468749984 0.03603694999999997
1 0.5930178625 0.5179816138888889 0.025728300000000016 0.03742298472222221
1 0.582102825 0.5207536861111112 0.01091503671874996 0.02772072777777773
1 0.55637452421875 0.5152095430555556 0.01559290937500002 0.008316215277777733
1 0.55481523359375 0.5262978333333334 0.010915035937499961 0.02079054305555559
1 0.5259683484375001 0.5152095430555556 0.011694681249999927 0.02772072777777773
1 0.49478253125 0.5110514319444444 0.019491136718750024 0.02772072777777781
1 0.47295245703125 0.5096653944444445 0.016372554687499985 0.015246401388888841
1 0.5623193093750001 0.5218427138888889 0.02572829843749993 0.033264874999999944
1 0.53269278125 0.5149125319444445 0.02494865468749996 0.03742298472222221
1 0.5007273156250001 0.5176846069444444 0.02572830156250001 0.03465090972222226
1 0.47343972265625 0.5190706416666667 0.02183007265625001 0.03187883750000001
3 0.34357189609375 0.5086753680555556 0.012474328125000022 0.044353166666666666
1 0.4143036203125 0.5045172583333334 0.06081234765625006 0.03603694583333331
1 0.3877956734375 0.5128334777777778 0.08732029453125004 0.04989731111111118
1 0.3799992203125 0.5100614027777778 0.024169010156249993 0.03742298472222221
1 0.36752488906249997 0.5072893305555556 0.015592910156250018 0.023562619444444502
1 0.36752488906249997 0.5128334777777778 0.010135392968750035 0.03049280000000007
1 0.34725410624999997 0.5072893305555556 0.022609721093750014 0.036036950000000054
1 0.33477978125 0.5059032958333334 0.012474324999999986 0.02633469027777772
1 0.31684793515625 0.5072893305555556 0.02728759140624999 0.03742298472222221
1 0.31840722578124997 0.5017451888888889 0.012474328125000022 0.019404508333333344
1 0.3035939609375 0.5045172583333334 0.017931846093750002 0.030492795833333336
1 0.2856621140625 0.5100614027777778 0.026507947656249975 0.03326487777777779
1 0.27708601328125 0.5183776250000001 0.014813266406250003 0.02633469027777772
1 0.26227274375 0.49897311388888893 0.018711490625000014 0.04712523888888885
1 0.25135770625 0.4962010388888889 0.017931844531250008 0.05266938194444448
1 0.23342586015625 0.4975870763888889 0.028846883593750004 0.05821353055555557
1 0.2154940140625 0.4948150069444444 0.031185818749999993 0.059599565277777815
1 0.21627365859375 0.5100614027777778 0.021830073437500007 0.044353166666666666
1 0.10322506328125 0.4948150069444444 0.02494865625 0.026334690277777798
1 0.02915874140625 0.4837267125 0.08420171328125 0.06791578749999998
1 0.11725868203125 0.4878848222222222 0.10993001250000001 0.06930181805555556
1 0.00019491171874999998 0.4885778402777778 0.0709477375 0.06791578333333333
1 0 0.49620105138888887 0.0441474140625 0.060985602777777835
