1 0.4795424546875 0.47537022361111114 0.009566932031250008 0.04464568333333329
1 0.4855217875 0.44263003749999996 0.05381399140624996 0.08716537777777779
1 0.49652375546874994 0.4524095819444444 0.06218505546875006 0.09354333333333334
1 0.4606477625 0.4655906805555555 0.019133864062500016 0.04889765000000005
1 0.5807127664062499 0.49535446805555555 0.02989666171875003 0.02551182083333335
1 0.5245070421875 0.4911024986111111 0.06816438906249997 0.07440947083333332
1 0.5831044999999999 0.4847245458333333 0.14828744140625005 0.12968507361111115
1 0.3515847421875 0.451133975 0.1339370453125 0.20409454722222226
0 0.47619402656250004 0.3928820069444444 0.04639962187499993 0.04889764999999997
0 0.5142225851562501 0.38310247777777773 0.016742132031249923 0.008503940277777783
0 0.57521177421875 0.39585838749999996 0.015546262500000019 0.029763787500000027
0 0.49150112031250004 0.3916064180555555 0.04065946015624995 0.04889763472222223
0 0.56564484296875 0.4617639 0.023917327343750027 0.025511819444444465
1 0.8521305601562499 0.5238426847222223 0.1468963210937501 0.3269127958333333
0 0.43888299531249997 0.3907560222222222 0.03707185937500004 0.04889765277777774
