truck 0.3317010859375 0.30618561805555555 0.12293816328124998 0.28247427222222227
truck 0.02551546796875 0.42371140972222227 0.07190722812500001 0.03711340833333326
traffic sign 0.9295748953125 0.2670103541666667 0.02435567421874989 0.06597939305555557
person 0.7428480609375 0.42783512222222225 0.01971649765625001 0.11752579305555552
person 0.5897552515625 0.46288667361111113 0.011597940625000015 0.05773196944444439
person 0.5781573117187501 0.46082481805555553 0.00927835234374994 0.053608256944444495
drivable area 0 0 0 0
lane 0 0 0 0
lane 0 0 0 0
lane 0 0 0 0
lane 0 0 0 0