1 0.4881696125 0.39445400833333333 0.011470920312499988 0.014274923611111094
1 0.49849344140624996 0.3924147333333333 0.010323828125000035 0.018171352777777768
1 0.51914109921875 0.39445400833333333 0.008029644531250036 0.0224320222222222
1 0.522582375 0.39649328333333334 0.011470921093749985 0.0203927472222222
1 0.52717074375 0.40261110694444446 0.013765104687499984 0.018353472222222205
1 0.53520038828125 0.40261110694444446 0.02064765624999998 0.03466767222222218
1 0.5397887570312501 0.40872893194444443 0.01720638046874994 0.03058912222222219
1 0.5478184015625 0.41484675555555556 0.01950056562500002 0.03466767222222226
1 0.5535538625 0.41688603055555556 0.029824393749999966 0.04486404444444447
1 0.56502478203125 0.42300385555555553 0.024088933593750018 0.050981869444444466
1 0.5730544265625 0.42300385555555553 0.029824394531249965 0.07341389305555555
1 0.585672440625 0.41280748055555555 0.05620751093750007 0.08564954166666665
1 0.6051730046875 0.42708240416666665 0.03441276250000005 0.08564954166666673
1 0.61779101796875 0.41076820694444444 0.08488481328125 0.1264350375
1 0.6607250437500001 0.41280748055555555 0.14912196953124993 0.16722053472222226
1 0.7628162390625 0.40902027083333337 0.23630096796875 0.27122354861111114
1 0.4399917453125 0.40435905833333335 0.01261801250000003 0.020392748611111088
1 0.45719812812500005 0.3979499027777778 0.010323828124999945 0.014274923611111094
1 0.45375685078125 0.4061070027777778 0.01261801250000003 0.020392748611111088
1 0.12454142500000001 0.4559235916666667 0.08488481328125 0.06933534305555555
1 0.0075380328125000005 0.46611996527777777 0.11585629921875 0.08972809027777776
1 0.22433843515625 0.40902027083333337 0.07914935390625 0.05098187083333335
1 0.15436581875 0.43349156944444445 0.06653133984375 0.03466767083333337
1 0.07521646484375 0.4311609583333333 0.07800226171875 0.06525679444444445
1 0.0075380328125000005 0.44747515694444445 0.03555985390625 0.06117824305555557
1 0.02245023046875 0.43931805833333337 0.04588368359375 0.04078549583333329
0 0.12912979296875 0.37406126388888894 0.025236025781249994 0.020392748611111088
0 0.59534079609375 0.3577470611111111 0.014912196875000028 0.03670694722222226
1 0.70775581953125 0.36823476805555555 0.041295314062499956 0.040785495833333366
1 0.84425977578125 0.31929217083333333 0.032118578124999964 0.07137461805555552
1 0.87293707890625 0.3213314486111111 0.02179474921875002 0.06729606805555552
1 0.88670218359375 0.32104011666666665 0.06194297265624993 0.04894259583333335
1 0.9337329593750001 0.29686015 0.06538424765624988 0.08157099305555554
1 0.77543425078125 0.38425763333333335 0.02523602578125006 0.02854984722222219
1 0.50668626875 0.38963781666666664 0.017020468750000007 0.03025861111111112
