car 0.22601876328124998 0.5463781027777778 0.09806105078125 0.06590553055555562
car 0 0.5421261347222223 0.2308022296875 0.11692916666666661
car 0.0023917328125 0.529370225 0.07175198828125 0.06590553055555554
traffic light 0.41735739921875004 0.4655906805555555 0.00956693124999992 0.027637802777777803
traffic light 0.42572846484375004 0.5059843916666666 0.005979332031249918 0.019133863888888904
car 0.5249853828125 0.5888978027777778 0.01674212890625002 0.01913386527777779
car 0.54770684453125 0.5867718180555556 0.015546263281250017 0.019133862500000022
car 0.58836630390625 0.5952757555555556 0.013154531250000013 0.014881894444444457
car 0.59554150390625 0.5931497708333333 0.02032973046875002 0.025511819444444465
car 0.60869603515625 0.5931497708333333 0.023917328906249934 0.02976378611111114
car 0.62304643359375 0.5974017402777778 0.03109252812500003 0.03826772638888885
car 0.700777753125 0.5910237861111111 0.06577265703124997 0.09566931805555556
traffic light 0.66968522578125 0.5357481791666667 0.009566931250000011 0.025511819444444386
traffic sign 0.29913104609375 0.5000316277777778 0.009566932031250008 0.040393715277777804
drivable area 0 0 0 0
lane 0 0 0 0
lane 0 0 0 0