1 0.22461512109375 0.40677631805555553 0.02697779687499997 0.0479605277777778
1 0.1806513046875 0.42098684444444445 0.05295641484375 0.1225657875
1 0.10171627109375 0.42384238333333335 0.10291529687499998 0.13392077777777775
1 0 0.43342105555555555 0.1686611734375 0.3925657888888888
1 0.248595384375 0.40677631805555553 0.016986018749999988 0.05861842083333334
0 0.13768666640625 0.3659210541666667 0.008992598437499999 0.017763156944444428
0 0.253591271875 0.20782894861111112 0.020982730468749988 0.03907894861111111
0 0.215622521875 0.3748026333333333 0.010990953125000003 0.02664473750000001
0 0.57232893828125 0.16875000138888888 0.023980263281249935 0.07282894722222225
0 0.587316603125 0.25223684166666666 0.03197368359374995 0.0479605277777778
3 0.63327877421875 0.35881579166666666 0.02098273046875008 0.09947368472222216
3 0.65625985859375 0.3499342125 0.023980263281250025 0.10125000000000005
0 0.65625985859375 0.2238157902777778 0.024979442187500034 0.026644736111111123
0 0.6522631492187501 0.2540131597222222 0.03197368437499994 0.026644734722222195
1 0.68723436640625 0.3552631597222222 0.31174342187500004 0.3712500013888888
1 0.542353609375 0.35881579166666666 0.09791940703124995 0.11546052638888887
1 0.63727548515625 0.3605921069444444 0.11290707265624995 0.09769736944444445
1 0.26558140468749997 0.10480263194444443 0.28576480390625003 0.5293421083333333
0 0.942591396875 0.030492801388888886 0.047558374218749935 0.09979462222222221
0 0.94493033359375 0.1316734611111111 0.04911766562499995 0.10118065694444446
