car 0.8009027695312501 0.4417965708333333 0.1990721289062499 0.19921861388888892
car 0.52246815234375 0.44414031944444443 0.07594933671875 0.10382007777777776
car 0.4614254640625 0.4511715652777778 0.055371055468750006 0.07968744444444442
car 0.0659179234375 0.4769527972222223 0.10591745 0.10074438749999999
car 0.00131835859375 0.4816402944444444 0.08305658359375 0.0890624375
car 0 0.4570309166666666 0.046142546875 0.0796874458333334
car 0.19907212890624998 0.47343715833333333 0.06591792343750003 0.07499994999999997
car 0.23994124140625 0.47109340694444446 0.03559567890624997 0.03984372638888887
car 0.2794919953125 0.46640591111111107 0.04482418828124999 0.04218747083333333
car 0.332226334375 0.4520085930555556 0.027685528125000004 0.03984372222222221
car 0.36386693671875003 0.45903983750000005 0.026367171093749996 0.03281247777777775
car 0.5173238640625 0.44999968888888886 0.01977537812500003 0.03281247777777775
traffic sign 0.46063445 0.30937478749999997 0.058007771093750014 0.046874968055555556
traffic sign 0.30322244765625 0.3124997722222222 0.030322244531250007 0.042187470833333365
traffic sign 0.29986425859375 0.23984357222222225 0.03499879296874999 0.030680729166666667
traffic sign 0.32695289921875 0.27968729583333335 0.023730453124999995 0.016406238888888876
traffic sign 0.67236281875 0.4109372055555556 0.03164060234374997 0.02578123194444441
traffic sign 0.8569330046875001 0.3124997722222222 0.023730453124999863 0.03046872916666668
traffic sign 0.88066345625 0.29843728194444447 0.02373045312500004 0.021093736111111108
traffic sign 0.91757749453125 0.3054685277777778 0.03164060234374997 0.07265619999999996
traffic light 0.4798824828125 0 0.019775376562499947 0.09687491944444446
traffic light 0.6960932718749999 0 0.026367169531250047 0.1138712625
traffic light 0.722460440625 0.007031245833333333 0.019775377343749945 0.08671869027777777
traffic light 0.8582513640625 0.20781233472222221 0.011865225781249933 0.08437494166666669
traffic light 0.87802673984375 0.19218736805555559 0.026367169531249957 0.08437494166666666
traffic light 0.50097621796875 0.4073434722222222 0.010546866406250022 0.02578123194444441
traffic light 0.6394038570312499 0.41671846388888883 0.007910150781250014 0.03515622500000006
traffic light 0.51679651953125 0.40499972222222225 0.006591792187500012 0.018749986111111068
traffic light 0.5299801046875 0.4073434694444445 0.007910150781249925 0.021093736111111067
traffic light 0.24916975 0.3604685027777778 0.007669542968750021 0.02578122916666664
bus 0.2043455625 0.43546845 0.07382807421875 0.06562495555555559
car 0.3968258984375 0.46054655833333336 0.014501942968750025 0.02578122916666664
car 0.4113278421875 0.45761687222222225 0.011865228125000016 0.023437484722222183
car 0.43505829453124994 0.45292937638888886 0.015820301562500028 0.02343748194444441
rider 0.7686029875 0.4281247180555556 0.015820303125000025 0.0632812041666667
bike 0.77123970390625 0.4562496986111111 0.01713865937500003 0.04453121944444444
traffic sign 0.8605331218750001 0.28908969444444443 0.013291133593750004 0.018565393055555567
drivable area 0 0 0 0
lane 0 0 0 0
lane 0 0 0 0
lane 0 0 0 0
lane 0 0 0 0
lane 0 0 0 0
lane 0 0 0 0
lane 0 0 0 0
lane 0 0 0 0
lane 0 0 0 0
lane 0 0 0 0
lane 0 0 0 0
lane 0 0 0 0