0 0.38017506015625 0.09184856388888889 0.013647308593749985 0.0450577861111111
0 0.400646025 0.32926842638888887 0.01462211562500002 0.032926843055555585
0 0.3636033265625 0.3483313375 0.011697692968750006 0.01906290833333336
0 0.17059137265625 0.14557130555555556 0.015596925000000006 0.06758667500000001
0 0.19301195234375 0.14210532222222222 0.016571733593749992 0.06758667500000001
0 0.14719598359375 0.1438383138888889 0.020470964843750016 0.06758667638888888
1 0.22128138203124997 0.4606292041666667 0.01852134687500002 0.015596924999999985
1 0.2592988859375 0.4415662986111111 0.08870751406249999 0.060654708333333376
1 0.20373483984375002 0.4710271583333333 0.05848847031249997 0.05025675972222222
1 0.48935353828125 0.4346343319444444 0.03509308281250005 0.032926840277777814
1 0.43671391484375005 0.43636732222222224 0.04971519999999998 0.04159180416666659
1 0.10430443984375 0.45023125555555554 0.046790775781249995 0.07278565416666673
1 0 0.466917475 0.0756694453125 0.09704753888888883
0 0.37006141328125 0.2000367513888889 0.04679077421874998 0.055455736111111084
0 0.374935453125 0.25895847083333334 0.04776558359375001 0.057188725
0 0.6235114546875 0.22776461805555553 0.03119385078125001 0.0415918013888889
1 0.15596925546875 0.4540438319444445 0.028269426562499998 0.046790776388888844
3 0.3714017890625 0.4401798986111111 0.015596925781250003 0.046790776388888844
1 0.3558048640625 0.38299117083333334 0.1403723296875 0.09184856388888889
