traffic sign 0.4178666953125 0.41672817777777776 0.0077200765625000225 0.019963025000000002
person 0.863244934375 0.4441773375 0.02175657968750002 0.09482437638888888
person 0.7523565609375 0.46663574583333334 0.011931028124999975 0.05365063333333337
person 0.6526973890625001 0.45914960833333335 0.014738328124999978 0.08234748472222223
car 0.60314852890625 0.48784646111111113 0.01614197890625002 0.013724580555555517
car 0.66561096796875 0.4716264986111111 0.014036502343750002 0.03992605416666666
car 0.59402480234375 0.4791126361111111 0.012632852343749956 0.03368760694444448
car 0.53156236328125 0.4990756625 0.011931027343750067 0.01746764583333334
car 0.5245441125 0.48784646111111113 0.014036503124999999 0.024953783333333333
car 0.48243460390625004 0.49158952638888886 0.018247454687499953 0.029944540277777775
car 0.7607784625 0.46414036666666664 0.056847836718749975 0.058641390277777816
car 0.67220813046875 0.4711274277777778 0.04108434765624995 0.04737655138888886
car 0.7757549148437499 0.4735871694444444 0.09755369687500011 0.09232899722222222
car 0.49853397421874995 0.47982561805555557 0.028774830468750068 0.043669119444444404
car 0.43677335937499995 0.4910548194444444 0.037196732812500063 0.04366911944444449
car 0.32518316171875 0.4685964166666666 0.10106282109375005 0.11603509027777782
truck 0.6202505171875 0.44292965833333336 0.03438943124999998 0.07236597083333333
truck 0.53462784765625 0.4317004569444444 0.06176061328125 0.09357668611111115
car 0.9189272460937501 0.44702920833333337 0.08000806796874986 0.18216261666666667
drivable area 0 0 0 0
drivable area 0 0 0 0
lane 0 0 0 0
lane 0 0 0 0
lane 0 0 0 0
lane 0 0 0 0
lane 0 0 0 0
lane 0 0 0 0
lane 0 0 0 0
lane 0 0 0 0
lane 0 0 0 0