car 0.7002133421875001 0.36367339305555557 0.06612243515624998 0.06061223333333332
car 0.53242335078125 0.3685713486111111 0.016530609374999995 0.03306121666666668
car 0.39811215546875 0.3685713486111111 0.03306121718750003 0.05142855972222217
car 0.44167720234374996 0.36183665833333334 0.06715559765624998 0.10836732361111111
car 0.20095021328125 0.3361223777777778 0.1301785453125 0.1579591472222222
person 0.15573641875 0.36183665833333334 0.014464282812500007 0.10469385416666666
person 0.14023897109375 0.36183665833333334 0.019630099999999984 0.11204079166666661
person 0.84361636796875 0.3563264541666667 0.017563774218750085 0.07714284027777778
truck 0.545050890625 0.1663583763888889 0.15600762031249998 0.29387748888888887
traffic light 0.697959021875 0.18105225277777776 0.016530608593749996 0.05693876527777779
traffic light 0.3001912484375 0.2820726388888889 0.017563773437499996 0.05877549861111113
traffic light 0.46653049921875 0.20309306388888887 0.015497444531249993 0.04775509027777779
traffic light 0.4830611078125 0.2949297805555556 0.011364793749999968 0.0385714236111111
traffic light 0.50269120546875 0.3169705916666667 0.010331630468749964 0.03306121666666664
person 0.38873706640625 0.3590673652777778 0.005246114062500018 0.051295337499999975
person 0.3808678953125 0.3590673652777778 0.007869171093750005 0.051295337499999975
person 0.3690641390625 0.36373057777777773 0.00786917109374996 0.046632125
drivable area 0 0 0 0
drivable area 0 0 0 0
drivable area 0 0 0 0
drivable area 0 0 0 0
lane 0 0 0 0
lane 0 0 0 0
lane 0 0 0 0
lane 0 0 0 0
lane 0 0 0 0
lane 0 0 0 0
lane 0 0 0 0
lane 0 0 0 0
lane 0 0 0 0
lane 0 0 0 0
lane 0 0 0 0
lane 0 0 0 0
lane 0 0 0 0
lane 0 0 0 0
lane 0 0 0 0