0 0.4064938640625 0.26743953333333337 0.06001385703124997 0.05974712916666666
0 0.3552820390625 0.26459443194444443 0.04801108593749999 0.055479476388888886
0 0.43594065390625003 0.31296115555555554 0.019204435937500007 0.07112753611111111
0 0.38552901328125 0.3158062569444444 0.02640609765624995 0.07255008611111108
0 0.370325503125 0.33287686527777777 0.01040240156250003 0.038408869444444466
0 0.055852887500000004 0.3030033 0.0344079453125 0.048366724999999985
1 0.41869668203125 0.3862225166666667 0.01600369531250001 0.018493159722222194
1 0.3698854109375 0.38479996666666666 0.019204434375000013 0.015648056944444495
1 0.35148116093750004 0.3805323125 0.016803880468749987 0.018493159722222194
1 0.3290759875 0.3805323125 0.01840424999999999 0.017070608333333345
1 0.303470075 0.37910976388888884 0.012802956250000008 0.01280295694444449
1 0.2810649015625 0.3734195583333333 0.024805727343749993 0.02702846527777783
1 0.2410556625 0.3705744583333333 0.032007391406250016 0.029873565277777833
1 0.22985307578124997 0.3734195583333333 0.010402402343750028 0.01707060972222223
1 0.21384938046875002 0.35350385 0.016803880468749987 0.015648059722222225
1 0.1794414359375 0.3677293569444444 0.03360776015625 0.034141218055555575
1 0.0986227734375 0.36203915555555555 0.07041625859374999 0.0839304902777778
1 0.07861815390625 0.37910976388888884 0.016803880468749997 0.018493158333333388
1 0.0362083609375 0.37484211111111115 0.03920905390625 0.028451013888888908
0 0.53152273515625 0.39902547222222223 0.00800184765624996 0.0156480583333333
