traffic sign 0.46246437421875 0.4455893819444445 0.011063742187500036 0.017880794444444428
traffic sign 0.29349087109375 0.35797349027777775 0.03520281328124999 0.05364238194444448
traffic sign 0.16474915390625 0.38300660277777776 0.04727234921874999 0.08582781111111118
car 0.19693458359375 0.46347017638888893 0.06034768046875001 0.04827814305555557
car 0.34679798828125 0.4759867319444444 0.020115892968749983 0.025033109722222235
car 0.46347016953125 0.4688344138888889 0.023133276562499992 0.019668874999999985
drivable area 0 0 0 0
drivable area 0 0 0 0
drivable area 0 0 0 0
lane 0 0 0 0
lane 0 0 0 0
lane 0 0 0 0
lane 0 0 0 0
lane 0 0 0 0
lane 0 0 0 0
lane 0 0 0 0
lane 0 0 0 0
lane 0 0 0 0