traffic sign 0.06775730859375 0.19488944722222223 0.03280757578125 0.03698631805555554
traffic sign 0.05255379765625 0.24183361944444443 0.04320997890625 0.02845101666666668
traffic sign 0.10536599296875 0.26174933055555555 0.02240517343749999 0.04552162222222221
traffic sign 0.09496359062500001 0.3357219666666667 0.04000923906249999 0.056902027777777774
traffic sign 0.10216525390625 0.47892540138888884 0.023205357812499994 0.058324577777777775
traffic sign 0.8858128773437499 0.38503705416666667 0.026406097656250082 0.019915709722222234
traffic sign 0.893814725 0.4021076625 0.016003696874999918 0.017070608333333345
traffic sign 0.69376853203125 0.4518969375 0.016803880468749987 0.02418336111111109
traffic sign 0.6993698257812501 0.4746577486111111 0.00880203203124994 0.014225506944444454
traffic sign 0.68355784140625 0.49149126944444443 0.006401478125000004 0.015648055555555533
car 0.57266558515625 0.5216019333333333 0.009602217187500007 0.014225506944444454
car 0.58226780234375 0.5173342805555555 0.012002770312500032 0.014225506944444454
car 0.5942705734375 0.5159117305555556 0.009602218750000002 0.014225506944444374
car 0.60387279140625 0.5144891791666667 0.008802031250000031 0.014225506944444454
car 0.6198764867187501 0.5159117305555556 0.012002770312499944 0.019915709722222157
car 0.60787371484375 0.5173342805555555 0.01520351093750003 0.022760812500000012
car 0.6494833234375 0.5102215277777779 0.019204434375000013 0.018493156944444422
car 0.66708738828125 0.5087989763888889 0.014403325781250054 0.021338261111111083
car 0.94965930234375 0.47427841805555554 0.04961145546874999 0.08819814444444442
car 0.9432578242187499 0.488503925 0.029606835937500086 0.032718666666666646
drivable area 0 0 0 0
drivable area 0 0 0 0
drivable area 0 0 0 0
lane 0 0 0 0
lane 0 0 0 0
lane 0 0 0 0
lane 0 0 0 0
lane 0 0 0 0
lane 0 0 0 0
lane 0 0 0 0