0 0.25728301171875 0.3506672152777778 0.02572830156250001 0.029106765277777828
0 0.43036431015625 0.2785933222222222 0.016372555468749984 0.04019505555555559
0 0.4545333203125 0.2259239375 0.016372553124999988 0.024948655555555553
0 0.60188631796875 0.3340347791666667 0.014813264062499965 0.029106763888888863
1 0.5083288593749999 0.30076990277777776 0.019491136718750024 0.020790547222222244
1 0.43816076484375 0.3035419791666667 0.027287592187500032 0.02356261805555554
1 0.371111253125 0.32849063194444444 0.03664333750000002 0.02217658472222226
1 0.33212897890625 0.3368068513888889 0.035084046875 0.026334691666666642
1 0.2190803828125 0.3575973972222222 0.027287592187499987 0.02217658472222226
1 0.17775917265625002 0.35482532361111113 0.04755837343749998 0.026334691666666642
1 0.11460788671875 0.37838794444444446 0.056134476562500014 0.0360369472222222
0 0.36151624765625 0.23293463055555555 0.007651137499999993 0.025503791666666664
