car 0.1551871265625 0.41381069861111114 0.07511809140625 0.09712238055555554
car 0.32423699687499996 0.4224823541666667 0.015330899218750017 0.052029836111111095
car 0.46491269453125 0.4200542944444445 0.03551037031249997 0.053417308333333344
car 0.5482254867187499 0.41277011666666663 0.028681453125000013 0.07284178194444443
car 0.650659246875 0.4079139972222222 0.151601965625 0.14811163194444446
car 0.5618833210937499 0.38606146249999995 0.09970219296875005 0.13839939166666665
car 0.51681246640625 0.4200542944444445 0.030047236718750002 0.053417308333333344
car 0.37750255234374996 0.4006298208333333 0.09697062656249997 0.13111521250000002
car 0.21634010234374998 0.38606146249999995 0.11745737890625003 0.13839939166666665
car 0.02219398046875 0.4030578791666667 0.1406756984375 0.14082745
car 0.7446934398437499 0.4006298208333333 0.25266994140625 0.25737430694444446
traffic sign 0.54802061953125 0.38727549166666664 0.017755185937499984 0.02428059583333335
car 0.3991502203125 0.3921316111111111 0.02458410078125004 0.009712237499999945
car 0.3759319015625 0.3727071347222222 0.012292051562500017 0.016996416666666726
car 0.3609082828125 0.36056683888888885 0.01365783515625001 0.0267086513888889
car 0.4840336625 0.3933456416666667 0.019120968749999977 0.012140297222222231
car 0.50861776640625 0.4079139972222222 0.013657833593750012 0.00971223888888891
traffic light 0.538665003125 0.38848952222222216 0.008194699999999954 0.024280594444444463
drivable area 0 0 0 0
lane 0 0 0 0
lane 0 0 0 0