bus 0.8073864343749999 0.21907280833333334 0.19124416093749996 0.4779770361111111
car 0.42569829921875 0.44810347083333335 0.031207206250000043 0.03698631805555558
car 0.40329312421874997 0.4210750097222222 0.014403325781250054 0.018493158333333308
car 0.3856890609375 0.4125397041666667 0.012802956249999964 0.01707060972222223
car 0.6417481875 0.455216225 0.034407946093750044 0.021338259722222277
car 0.54012472109375 0.43956816805555554 0.02000461953124999 0.029873565277777757
traffic sign 0.7361699914062501 0.33714451944444446 0.018404249218749946 0.019915709722222234
traffic sign 0.78898218515625 0.3684406319444445 0.04481034843750002 0.07681773749999997
traffic sign 0.72416721875 0.3641729805555555 0.032007391406250016 0.06116968055555556
traffic sign 0.4064938640625 0.23898851805555554 0.01840425000000003 0.04552162361111114
traffic sign 0.44490273281250003 0.4210750097222222 0.009602217187500007 0.01422550833333334
traffic sign 0.63011455390625 0.4366553902777778 0.012510288281249959 0.017792409722222242
drivable area 0 0 0 0
drivable area 0 0 0 0
drivable area 0 0 0 0
drivable area 0 0 0 0
lane 0 0 0 0
lane 0 0 0 0
lane 0 0 0 0
lane 0 0 0 0
lane 0 0 0 0
lane 0 0 0 0
lane 0 0 0 0
lane 0 0 0 0
lane 0 0 0 0
lane 0 0 0 0
lane 0 0 0 0
lane 0 0 0 0
lane 0 0 0 0