traffic sign 0.7052008625 0.33459419444444444 0.014010613281249995 0.02739853194444449
car 0.11488702734375 0.3271218666666667 0.021015919531249993 0.017435429166666655
car 0.0350265328125 0.31715876388888886 0.0238180421875 0.02241698194444446
rider 0.00980742890625 0.3188192847222222 0.03782865546875 0.1369926611111111
bike 0 0.38440970694444443 0.058844574999999996 0.09963102638888886
rider 0.05183926875 0.3138377333333333 0.03782865546874999 0.17435429583333337
bike 0.02662016484375 0.40848720833333335 0.058844574999999996 0.08219559722222224
bike 0.11768914999999999 0.3785979 0.03502653281250001 0.06476016805555555
drivable area 0 0 0 0
drivable area 0 0 0 0
lane 0 0 0 0
lane 0 0 0 0
lane 0 0 0 0
lane 0 0 0 0
lane 0 0 0 0
lane 0 0 0 0
lane 0 0 0 0