0 0.005526909375 0.4717522388888889 0.022941840624999998 0.039022369444444475
0 0.21259439218749998 0.4513594902777778 0.020647657031250023 0.03262839722222218
0 0.240124603125 0.4799093361111111 0.01376510468750003 0.028549845833333382
0 0.31583267890625 0.46359513888888887 0.020647657031250023 0.01631419722222221
0 0.3410687046875 0.4799093361111111 0.008029643749999992 0.020392748611111164
0 0.40760004453125004 0.4533987652777778 0.009176735937499991 0.01427492222222221
0 0.44086571640625005 0.34327792777777777 0.035559853125000006 0.05098186805555554
0 0.42136514921875 0.40037762222222223 0.029824392968749967 0.03670694583333337
3 0.64734228828125 0.4595165902777778 0.03900113046875005 0.1447885125
1 0.36248109609375 0.5098187 0.01376510468750003 0.028549845833333382
1 0.3452747140625 0.5098187 0.02638311796874997 0.03874622222222225
1 0.326921240625 0.5098187 0.03326567031250001 0.05913896805555557
1 0.29594975625000003 0.5098187 0.04588368281249999 0.06933534305555555
1 0.26612536171875 0.5138972513888889 0.06653133984374997 0.10604228888888893
1 0.16288707421874998 0.5138972513888889 0.13191558828125 0.1549848833333334
1 0.39918804140624997 0.5125377555555555 0.013765104687499984 0.022432022222222278
1 0.40951187109375004 0.5043806555555556 0.019500564843749936 0.03262839444444449
1 0.41754151484374996 0.49622355555555553 0.024088934375000016 0.05506041944444446
1 0.42786534453125 0.49214500694444446 0.04244240546875 0.06933534305555555
1 0.45998392265625 0.45135950972222216 0.10094410156250007 0.15906343472222229
1 0.0009385421874999999 0.5005782375 0.18009345625 0.25083080277777775
