car 0.3538552484375 0.4731067402777777 0.007798463281250001 0.00866495694444451
car 0.3324094765625 0.4731067402777777 0.011697693750000005 0.013863934722222224
car 0.32071178125 0.4731067402777777 0.0116976953125 0.013863934722222224
car 0.25832407812499997 0.4713737486111111 0.03314346796875003 0.02079590000000001
car 0.3070644703125 0.47483973472222224 0.01267250312499999 0.013863933333333339
car 0.248576 0.4800387083333333 0.040941928906249994 0.02079590000000001
car 0.38309948359375 0.4713737486111111 0.014622117187499973 0.010397948611111159
car 0.40454525625000004 0.46790776666666667 0.007798462500000003 0.013863933333333339
car 0.41039410390625 0.46964075694444446 0.005848846093750026 0.017329918055555518
car 0.41624295 0.46964075694444446 0.011697695312499956 0.015596926388888871
car 0.428915453125 0.46790776666666667 0.010722885937499971 0.025994873611111066
car 0.4396383390625 0.46617477500000004 0.011697695312499956 0.031193851388888857
car 0.4493864171875 0.46790776666666667 0.03119385078125001 0.04159180000000002
car 0.16084329453125 0.46790776666666667 0.045815968750000026 0.057188725
car 0.15986848671875 0.47830571805555555 0.029244235156249986 0.05198975138888894
car 0.11405251796875 0.45750981527777773 0.05751366250000001 0.07105265972222223
car 0.07213578125 0.46617477500000004 0.06433731796875 0.07625163611111105
car 0.00584884609375 0.4627087888888889 0.09943040078125001 0.09531454861111108
car 0 0.4887036666666667 0.06531212578125 0.0987805277777778
traffic sign 0.261248503125 0.445378875 0.009748078125000026 0.01906290833333328
traffic sign 0.440613146875 0.43324793194444444 0.010722885937499971 0.025994873611111066
traffic sign 0.51469854296875 0.42458297222222224 0.01072288593750006 0.01386393611111111
person 0.2242058046875 0.4731067402777777 0.011697693750000005 0.034659834722222234
bus 0.052639622656249996 0.4315149402777778 0.10820367187499999 0.03465983194444438
traffic sign 0.60559937421875 0.361328775 0.014622117968750015 0.031193851388888857
traffic sign 0.60559937421875 0.39252262638888885 0.017546541406249984 0.02772786527777779
drivable area 0 0 0 0
drivable area 0 0 0 0
drivable area 0 0 0 0
lane 0 0 0 0
lane 0 0 0 0
lane 0 0 0 0
lane 0 0 0 0
lane 0 0 0 0
lane 0 0 0 0
lane 0 0 0 0
lane 0 0 0 0
lane 0 0 0 0
lane 0 0 0 0
lane 0 0 0 0
lane 0 0 0 0
lane 0 0 0 0
lane 0 0 0 0