person 0.5297930562500001 0.4882764513888889 0.06908512656249996 0.27758865833333324
person 0.5966315125 0.4822853319444444 0.05528963281249997 0.2745936388888889
traffic sign 0.40162249375 0.2248097361111111 0.06571512109375002 0.1178254027777778
traffic sign 0.435884225 0.41952120416666666 0.019096703906249957 0.0639053013888889
traffic sign 0.43476088984374994 0.3656011055555556 0.02302837500000008 0.04992601666666666
traffic sign 0.21811763671875 0.5585058513888889 0.016850031249999998 0.035185833333333326
traffic sign 0.4512097328125 0.5138100583333334 0.011233353125000001 0.02795857083333336
car 0.11893313515625 0.5446928527777778 0.026960048437500016 0.010983723611111095
car 0.15319486484375 0.5486869333333334 0.011233353906249998 0.010983720833333323
car 0.15881154140625 0.5516824944444444 0.021905041406250002 0.022965968055555584
car 0.35122961875 0.5636981708333333 0.023215603906250014 0.04526626805555552
car 0.43136089609374995 0.5583727263888889 0.03669563125000001 0.08920117361111106
car 0.3542251796875 0.5597040875 0.09585797734375001 0.12514791388888888
car 0.21792711953125 0.5318786333333333 0.009735575781250016 0.011982247222222261
car 0.2066937625 0.5345413555555556 0.015726699218750008 0.013313609722222234
car 0.19471151484375 0.5571744902777778 0.027708946875000008 0.04127218472222217
car 0.17598925468749999 0.5385354388888889 0.017224480468750004 0.010650886111111093
car 0.17823592578125 0.549186325 0.021717824218749994 0.026627216666666696
car 0.1310558265625 0.5451922430555556 0.021717824218749994 0.03594674305555559
car 0.11458023749999999 0.5558431291666667 0.028457836718750018 0.07056212361111112
car 0.19546040625 0.5345413555555556 0.010484465625000005 0.02263313472222224
car 0.00025743125 0.5092457458333334 0.14840909453125 0.28557702638888877
car 0.8878217484375 0.40340251250000003 0.11175977265625008 0.1557692875
car 0.822843375 0.499925975 0.09061574374999992 0.049260349999999974
car 0.63861632578125 0.5105768625 0.040440083593749954 0.03328402083333333
car 0.642360778125 0.5132398305555556 0.07583720312499995 0.05791422222222222
car 0.76442992109375 0.5132395847222223 0.059911235156250076 0.03328402083333333
car 0.59218511875 0.5159023041666667 0.027708946093749985 0.038609463888888876
car 0.58095176171875 0.5079141416666666 0.014228919531250028 0.025295854166666725
car 0.53846418828125 0.5132395847222223 0.029756435937500037 0.0279588361111111
drivable area 0 0 0 0
lane 0 0 0 0
lane 0 0 0 0
lane 0 0 0 0
lane 0 0 0 0
lane 0 0 0 0
lane 0 0 0 0
lane 0 0 0 0