0 0.14152929296875 0.484224425 0.009560483593749992 0.019424479166666626
0 0.103287353125 0.42837905694444445 0.013657835937500007 0.0242805930555555
0 0.30269174140625 0.42352293888888887 0.010926268750000023 0.014568355555555555
0 0.09509265624999999 0.4866524847222222 0.012292050781250008 0.014568361111111096
0 0.21255003203124997 0.43878504166666665 0.02185253515625001 0.01630267222222225
0 0.27401028906249997 0.4405193555555556 0.015023617968750003 0.014568358333333324
0 0.3969308015625 0.42352293888888887 0.017755185156249985 0.033992833333333375
0 0.52668023359375 0.2948357847222222 0.03824193593749996 0.07041372638888888
0 0.52531444765625 0.3531092111111111 0.03960772109374995 0.06798566944444444
1 0.31771535859375 0.4866524847222222 0.06692339062500001 0.13111521388888883
1 0.177039659375 0.4672280111111112 0.17482028671875002 0.20638505555555556
1 0 0.5230733805555556 0.03772974765625 0.04856118888888885
3 0.71788991796875 0.47208413055555554 0.02048675312499997 0.04127700972222222
3 0.74520558828125 0.4890805458333333 0.017755185156249985 0.08012596527777778
3 0.76022920703125 0.38953010416666667 0.04370507265624992 0.24766206944444444
3 0.80256849296875 0.3822459263888889 0.03551037109374988 0.14568357222222225
3 0.8380788640624999 0.44537547222222224 0.027315669531250107 0.14325551249999996
3 0.8626629664062501 0.41381069861111114 0.02868145390624992 0.11654685833333328
3 0.8927102015624999 0.40409846527777776 0.03824193828125004 0.12383103055555557
