car 0 0.36380224305555553 0.10809952578125 0.1821429388888889
traffic sign 0.62662946328125 0.35122783333333335 0.02152424453124997 0.01683674861111114
traffic sign 0.62835140234375 0.37418703194444447 0.011192607031250024 0.02908164583333333
traffic light 0.340718028125 0.30153074444444444 0.013775517187499985 0.03673471388888889
traffic light 0.46132326875 0.38796254722222223 0.00860969843749997 0.021428580555555576
car 0.55397255390625 0.4311955333333333 0.012914547656249997 0.02448980694444442
car 0.5642257749999999 0.4270410083333333 0.015497455468750055 0.03520409861111118
car 0.577997703125 0.43010223333333336 0.03013394296875003 0.04132655416666664
car 0.52375660859375 0.4346940736111111 0.009470669531250041 0.01224490555555554
car 0.529783396875 0.43010223333333336 0.018941334375000007 0.022959195833333328
car 0.4910397578125 0.43010223333333336 0.023246184375000034 0.019897968055555517
car 0.47295939140625 0.43163284861111106 0.018941335937500005 0.021428577777777808
car 0.37825271640625 0.41938794583333333 0.049075278906249985 0.045918391666666655
traffic light 0.55895995390625 0.33088257916666663 0.010422801562499995 0.029117666666666667
car 0.10125006875 0.4063238069444444 0.05062503515625001 0.06352945416666671
drivable area 0 0 0 0
drivable area 0 0 0 0
lane 0 0 0 0
lane 0 0 0 0
lane 0 0 0 0
lane 0 0 0 0
lane 0 0 0 0
lane 0 0 0 0
lane 0 0 0 0
lane 0 0 0 0
lane 0 0 0 0