truck 0.6429440515625 0.0003328333333333333 0.3554514781249999 0.6109884708333333
car 0.0052480828125 0.4180471930555556 0.034261729687500006 0.03794377361111106
car 0.11364994843750001 0.4170486708333333 0.034261729687499985 0.03195264861111116
car 0.16588504453125 0.41405310972222226 0.02022003671875001 0.023964490277777785
car 0.18610508125 0.41505163194444444 0.015726696093749992 0.020968927777777757
car 0.31191864609375003 0.39874246111111117 0.017411697656249992 0.023964487499999937
car 0.25912188125 0.40473358333333337 0.029768388281249968 0.02995560972222222
car 0.2276684921875 0.4027365444444444 0.029768387500000014 0.03394969027777779
car 0.3664004125 0.3937498583333333 0.020781703906250025 0.027958568055555588
car 0.32933034375000003 0.3967454194444444 0.022466708593749996 0.027958568055555588
car 0.35348205546875 0.3967454194444444 0.015165027343750026 0.025961529166666646
truck 0.43005609062500005 0.19471146944444445 0.16850030859374998 0.33949691944444443
traffic light 0.3860562703125 0.3479130236111111 0.006740012500000026 0.013979284722222197
traffic light 0.36920623984375 0.36488786666666667 0.005616678124999996 0.01397928333333335
traffic sign 0.2926288703125 0.39381643611111117 0.007301679687500018 0.014977808333333323
traffic sign 0.41919133203125 0.3677883388888889 0.005055009375000008 0.009985202777777778
traffic sign 0.41919133203125 0.3767750222222222 0.005616676562500001 0.010983725000000059
car 0.03856435078125 0.41767953888888887 0.026970697656249997 0.0383583263888889
drivable area 0 0 0 0
drivable area 0 0 0 0
lane 0 0 0 0
lane 0 0 0 0
lane 0 0 0 0
lane 0 0 0 0
lane 0 0 0 0
lane 0 0 0 0
lane 0 0 0 0
lane 0 0 0 0