traffic sign 0.08371529296875 0.42336226527777776 0.03476223203124999 0.03089976111111115
traffic sign 0.14144632343750002 0.44271900277777776 0.013785024218749987 0.019179162500000048
traffic sign 0.14204567265625 0.46189816388888894 0.011986975781249987 0.012786108333333285
traffic sign 0.1240652078125 0.4533740902777778 0.014384371875000013 0.02557221666666665
traffic sign 0.126462603125 0.47788080000000005 0.010788279687500003 0.012786108333333285
traffic sign 0.1276613015625 0.48960139722222223 0.009589580468750003 0.015982636111111108
traffic sign 0.50385882265625 0.2138121513888889 0.025172650781250017 0.057537487499999984
traffic sign 0.52843212421875 0.3139700013888889 0.015583069531249993 0.027703233333333323
car 0.03596092890625 0.4969534208333333 0.016182419531250002 0.035161797222222194
car 0.16781767265625 0.5033464750000001 0.052143348437500014 0.04688239722222218
traffic light 0.17957988359375 0.37094937083333335 0.013185674218750009 0.04794790555555555
car 0.48387429375 0.5025651138888889 0.019179162499999958 0.02450670972222224
bus 0.22655385703125003 0.24187055 0.25412390312499994 0.4592343916666667
drivable area 0 0 0 0
drivable area 0 0 0 0
lane 0 0 0 0
lane 0 0 0 0
lane 0 0 0 0
lane 0 0 0 0
lane 0 0 0 0
lane 0 0 0 0
lane 0 0 0 0
lane 0 0 0 0
lane 0 0 0 0
lane 0 0 0 0
lane 0 0 0 0
lane 0 0 0 0
lane 0 0 0 0