0 0.37705511171875 0.45450725555555554 0.009360561718749993 0.04194919027777778
0 0.198911928125 0.4792607597222222 0.011700701562499981 0.045762741666666704
0 0 0.42314487777777776 0.009360563281250001 0.044189822222222196
0 0.50586034765625 0.5214179458333333 0.009360562499999947 0.03744224583333333
0 0.19072143749999998 0.5491529333333334 0.0257415421875 0.016640997222222214
0 0.6934615914062501 0.4389063208333333 0.014040841406249971 0.024961494444444475
0 0.692291521875 0.4659479416666667 0.014040840624999973 0.02912174722222218
0 0.333860025 0.6032361749999999 0.009360560937499995 0.018721120833333375
1 0 0.46681399861111117 0.0874649484375 0.3094269111111111
1 0.34283055859375 0.6177970486111111 0.06084364921875003 0.02080124722222223
1 0.4119713625 0.6316426347222222 0.02095459921874996 0.009981512500000001
1 0.4294157515625 0.6427585444444445 0.02223133359374998 0.05200312083333335
1 0.430585821875 0.6323579208333333 0.021061263281249954 0.01456087361111113
1 0.10530631484375 0.6427585444444445 0.05148308750000001 0.054083245833333314
1 0.16146968281250001 0.6365181694444445 0.10881652578124998 0.12064723472222218
1 0.44930694375 0.6240374222222222 0.04329259531250003 0.07696461388888894
1 0.483238978125 0.6406784208333333 0.08775526249999999 0.10816648611111108
1 0.7835569945312499 0.60115605 0.20125206875000004 0.26209571666666676
1 0.19657178828125 0.6281976736111111 0.29368761171874996 0.37026220138888893
1 0.5612436640625 0.5845150527777778 0.27028620703124995 0.3224193347222222
1 0.1389613796875 0.6225968888888889 0.02666935546875 0.041173741666666624
0 0.162823434375 0.6013861722222222 0.007720077343749998 0.019963026388888888
1 0.16633256015625 0.6375691583333334 0.013334678124999999 0.04366912083333329
0 0.2554643546875 0.6051292402777778 0.0077200765625000225 0.013724580555555517
0 0.45015065703125 0.5916542125 0.007720077343749932 0.011229202777777737
