car 0.42496383515625 0.34641540555555556 0.021491764843749993 0.03056606805555558
car 0.10573948203125001 0.34386823055555554 0.093130978125 0.09424537083333336
car 0.26449199296875003 0.33367954722222226 0.044416311718749976 0.09169819861111109
car 0.410635990625 0.34132105555555553 0.020058980468750053 0.04330192638888886
car 0.57254061875 0.35660409444444446 0.02579011484375 0.0331132347222222
car 0.542452146875 0.34386823055555554 0.015760628906249963 0.03311323749999996
car 0.32008402812500003 0.35660409444444446 0.038685174999999995 0.07641516249999998
car 0.489152575 0.34386823055555554 0.01719341328125008 0.022924548611111106
car 0.16935510625 0.32349085694444446 0.11175717578124997 0.11971708888888885
car 0.355903634375 0.3209436875 0.060176942187499985 0.09933971111111109
car 0.6083602265625 0.33877388611111114 0.07450478203125002 0.09679254305555551
car 0.668537165625 0.35660409444444446 0.1045932546875 0.1095284027777778
rider 0.44760181875000005 0.33622671944444443 0.028655685937499963 0.028018890277777805
rider 0.28798964374999997 0.3158493402777778 0.03868517812500003 0.1375472902777778
car 0.5845759968750001 0.35405692361111113 0.044416311718749935 0.06113213055555558
car 0.50935481953125 0.3470522013888889 0.03725239140625005 0.04075475277777774
motor 0.28798964374999997 0.37761826666666665 0.04155074765625004 0.08405667916666665
drivable area 0 0 0 0
lane 0 0 0 0
lane 0 0 0 0
lane 0 0 0 0
lane 0 0 0 0
lane 0 0 0 0
lane 0 0 0 0
lane 0 0 0 0