car 0.00031879687499999996 0.6256925125 0.2642429765625 0.2679596125
car 0.73004544140625 0.5061081638888889 0.16328209765625007 0.2468616861111111
car 0.24866176640624998 0.6551635361111111 0.07672650078125001 0.07979847638888889
car 0.324535484375 0.6664985472222222 0.06439702187500003 0.058942048611111075
car 0.38978528828125 0.65788395 0.05228273125000005 0.053274544444444495
car 0.44142777421875 0.6574305375 0.04909475859374997 0.04420653472222224
car 0.48903480703125 0.6528965347222222 0.03698046718749994 0.03173802777777779
car 0.5266528687500001 0.6517630333333333 0.02167820546875001 0.03173802777777779
car 0.54833107421875 0.6494960333333333 0.021678204687500015 0.019269513888888905
car 0.5780854875 0.6415615250000001 0.023590986718749995 0.020403016666666614
car 0.601676475 0.6347605194444444 0.02486617578125001 0.022670018055555533
car 0.6396487421875 0.6263419125 0.02685245624999997 0.024741030555555533
car 0.6804547765625 0.6229414083333333 0.015939855468749986 0.023803519444444435
traffic light 0.669615671875 0.6034759041666666 0.00772463906249996 0.014931499999999985
traffic light 0.69710573359375 0.5989418999999999 0.008288724999999974 0.01813601388888889
traffic light 0.71049521328125 0.6034759041666666 0.0076511320312500075 0.019269516666666674
car 0.8045544953125001 0.6750266666666667 0.17759578906249995 0.21229841527777774
drivable area 0 0 0 0
lane 0 0 0 0
lane 0 0 0 0
lane 0 0 0 0
lane 0 0 0 0
lane 0 0 0 0
lane 0 0 0 0