traffic light 0.48513663515624994 0.3624537 0.005614601562499999 0.013724580555555595
traffic sign 0.5284743375 0.33637700277777777 0.0070182515625000445 0.019963027777777774
traffic sign 0.5312816390624999 0.3613307875 0.0070182515625000445 0.007486133333333337
car 0.4426250359375 0.38012929166666665 0.014036500781249916 0.022458404166666668
car 0.4749089921875 0.3763862236111111 0.013334676562500026 0.021210716666666626
car 0.49105096953125005 0.38512005 0.009825552343749955 0.01746764861111111
car 0.509298425 0.3838723597222222 0.012632851562500047 0.022458404166666668
car 0.5378393171875 0.38636774027777776 0.016141977343749937 0.022458404166666668
car 0.5574904203125 0.37888160694444445 0.022458405468750088 0.0361829833333333
car 0.58135247578125 0.35392782083333335 0.023160229687499978 0.06862290277777774
car 0.60100358125 0.3664047125 0.03860038281250002 0.06363214583333329
car 0.63469118671875 0.36723651944444446 0.098255521875 0.12601660416666663
car 0.75821241328125 0.3709795875 0.24142785078125 0.31441766805555554
traffic sign 0.7558656859374999 0.1634472777777778 0.034389432812500065 0.02869685
drivable area 0 0 0 0
lane 0 0 0 0