traffic light 0.2294971484375 0.1530813 0.011231507031249999 0.05435495277777779
traffic light 0.1078224734375 0.3571897 0.012479453906250004 0.031059977777777765
traffic light 0.24260057499999998 0.14975344583333333 0.015100165625000005 0.05376564722222223
traffic light 0.4684786984375 0.3594082708333333 0.006863699999999984 0.009983562500000036
car 0.48969376093749994 0.3705011180555556 0.014351371875000041 0.016639272222222227
car 0.47284649765625 0.3705011180555556 0.019343153906249987 0.02662283611111107
car 0.44726361640625 0.3815939652777778 0.01559931953125 0.024404265277777802
car 0.43540813671875 0.3871403902777778 0.01060753515625006 0.01442070138888888
car 0.3443081234375 0.40932608611111115 0.039310279687500005 0.06766637083333332
car 0.38049853984375004 0.4082168013888889 0.034318497656250016 0.052136384722222255
car 0.541483503125 0.4170910791666667 0.026206853124999974 0.032169259722222183
car 0.629463653125 0.4104353708333333 0.024958907812500007 0.02995069166666669
truck 0.7536342171875 0.35386184444444446 0.03619041640625005 0.05213638750000003
car 0.947065753125 0.36606397916666666 0.05116575937499999 0.09428920416666671
person 0.1067123171875 0.4185701194444445 0.0274548 0.10427276944444444
traffic sign 0.29909089765624997 0.3112352652777778 0.01310342656250003 0.03660639583333333
traffic sign 0.6963535234375 0.3001424180555556 0.02745479843750003 0.046589961111111106
traffic sign 0.67389050703125 0.34673237777777777 0.01060753515625006 0.023294979166666646
traffic sign 0.6589151617187501 0.3511695166666667 0.012479453906249915 0.025513550000000034
traffic sign 0.5646952859375001 0.3755737819444444 0.011231507812499953 0.023294980555555612
traffic sign 0.53650308046875 0.36214681666666665 0.009359590625000002 0.008874281944444501
traffic sign 0.15338384921874998 0.3627518833333333 0.008111644531250017 0.025513549999999992
traffic light 0.21839046093749998 0.16580340972222224 0.011855481250000022 0.049917815277777756
person 0.68888047578125 0.4049322777777778 0.014975343749999936 0.05324566944444445
traffic sign 0.09987246718750001 0.2988681152777778 0.02410715390625 0.01071429027777775
drivable area 0 0 0 0
lane 0 0 0 0
lane 0 0 0 0
lane 0 0 0 0
lane 0 0 0 0
lane 0 0 0 0
lane 0 0 0 0
lane 0 0 0 0
lane 0 0 0 0
lane 0 0 0 0
lane 0 0 0 0
lane 0 0 0 0
lane 0 0 0 0
lane 0 0 0 0
lane 0 0 0 0
lane 0 0 0 0