1 0.7135593421875 0.35006432916666663 0.285229371875 0.24955080833333332
1 0.5624641265625 0.4020540805555556 0.10917847734375004 0.1282413888888889
1 0.48642911484375 0.4349809236111111 0.033143467187499984 0.045057784722222195
1 0.50397565546875 0.4228499819444444 0.021445773437500027 0.0415918013888889
1 0.4630337265625 0.4471118652777778 0.013647309375000027 0.020795901388888892
0 0.6296482171875 0.31887047777777777 0.022498232812500074 0.05025675972222222
0 0.5302954679687499 0.3535303125 0.013647310156250026 0.031193848611111127
0 0.5107993109375 0.3691272375 0.022420579687500018 0.015596924999999985
0 0.49715200234375 0.35872928888888883 0.004874039062500035 0.02599487222222226
0 0.42599102968749997 0.3708602277777778 0.005848846093750026 0.022528895833333312
