truck 0.74865242578125 0.33620039444444444 0.2505256164062499 0.45750981805555563
car 0.26222331015625 0.5233635013888889 0.10430443984375004 0.11091147083333329
car 0.38407429140625 0.5268294847222222 0.05166481562499996 0.05892171805555554
car 0.66871818203125 0.4887036666666667 0.09260674531249995 0.10917847916666663
car 0.65117164140625 0.4887036666666667 0.03314346640624999 0.07798462777777779
car 0.6336250999999999 0.48350469166666665 0.028269427343750042 0.06758667777777774
car 0.43086506796875 0.5094995680555556 0.026319811718749975 0.055455734722222164
car 0.4610841109375 0.4956356333333334 0.021445772656249938 0.060654711111111065
car 0.47863065234375 0.49390264166666664 0.027294619531249963 0.05025675972222222
car 0.49910161718749996 0.497368625 0.013647309375000027 0.03985880972222217
car 0.505925271875 0.497368625 0.027294619531250053 0.03639282638888888
car 0.57611143671875 0.47483973333333335 0.034118274999999976 0.05892171805555554
drivable area 0 0 0 0
lane 0 0 0 0
lane 0 0 0 0
lane 0 0 0 0