1 0.40551676406250003 0.298852175 0.007748726562499986 0.026020418055555557
1 0.3478317890625 0.2957909486111111 0.024107152343749983 0.01836735555555558
1 0.31425396796875 0.28507665833333334 0.03960460937500003 0.03214287222222225
1 0.30822717890625 0.29426033611111113 0.030133942187499985 0.026020418055555557
1 0.29359069296875 0.2973215625 0.02841200234375001 0.027551030555555536
1 0.24882026484375 0.2866072722222222 0.05079721640625001 0.05663267777777779
1 0.22729602031249999 0.2774235944444445 0.05510206562500004 0.07193880555555555
1 0.010311226562500001 0.28245101805555556 0.17258522031249998 0.08008474305555559
1 0.5028063484375 0.3049746263888889 0.009470667187499959 0.01836735555555558
1 0.464923678125 0.3003827875 0.005165818750000018 0.018367355555555537
1 0.46061882890624994 0.3019134013888889 0.006887758593749993 0.018367352777777807
1 0.44081652421874995 0.3049746263888889 0.007748728125000071 0.015306127777777808
1 0.4451213734375 0.30114809444444446 0.015497454687499967 0.026020419444444443
1 0.470089496875 0.29808686805555556 0.01808036484375002 0.03061226111111112
1 0.5079721671875 0.29808686805555556 0.04218751874999995 0.05510206805555554
1 0.7352681875 0.25676031944444444 0.19544013749999997 0.19438784027777778
1 0.46922852734375003 0.2896684972222222 0.012914545312500003 0.012244904166666654
1 0.5424109578125 0.24528072222222225 0.05338012656249998 0.10102045416666666
1 0.48816986171875004 0.29119910972222224 0.015497456249999963 0.027551033333333308
0 0.41929228046875 0.12283168750000001 0.009470667187499959 0.036734711111111096
0 0.559630353125 0.11364800972222222 0.00968591015625 0.044387775000000004
0 0.49441189296875 0.2483419486111111 0.007748728124999982 0.01989796805555556
0 0.44017079687500005 0.2529337875 0.006026788281250006 0.018367351388888883
0 0.4625560109375 0.2743623680555556 0.003443881250000036 0.012244904166666654
0 0.5477920187499999 0.2590562388888889 0.005165818750000018 0.016836741666666672
0 0.0955676453125 0.12436230138888889 0.02755103124999999 0.03214287083333333
0 0.086957946875 0.1549745597222222 0.04304848906250001 0.027551030555555578
0 0.26431772109375 0.17946436666666668 0.013775514843749993 0.01224490277777777
0 0.2694835390625 0.210076625 0.023246185156249988 0.013775516666666673
0 0.41757034062500004 0.25446440000000004 0.015497454687499967 0.01071429027777775
0 0.4218751890625 0.28507665833333334 0.007748728125000071 0.015306129166666693
0 0.5320793203124999 0.26364807777777777 0.009470669531250041 0.007653062499999979
0 0.53121835078125 0.2713011416666667 0.010331637500000036 0.012244904166666654
0 0.62334211640625 0.1565051722222222 0.044770428125000004 0.01989796805555556
0 0.66552963515625 0.22844398055555556 0.023246185156250033 0.01224490277777777
0 0.8368626203125 0.07232146111111111 0.019802307031249987 0.029081645833333336
0 0.8196432250000001 0.13507659166666666 0.02066327499999989 0.029081645833333346
0 0.27637129765625 0.23762765833333332 0.00860969765624997 0.01989796805555556
0 0.12828449609374998 0.16568885 0.014636487500000017 0.03979593611111112
0 0.6793051515624999 0.24528072222222225 0.017219396875000025 0.021428580555555538
0 0.54671580703125 0.11364800972222222 0.011192607031249935 0.044387775000000004
0 0.8368626203125 0.1932398833333333 0.02841200390625005 0.038265320833333366
0 0.45825116250000003 0.2835460458333333 0.004304847656249944 0.01224490277777777
3 0.7051342453125 0.2835460458333333 0.012914545312500003 0.06887758194444445
3 0.6397005421874999 0.2957909486111111 0.010331637500000036 0.03520410000000002
3 0.66552963515625 0.28201543333333334 0.006887758593749993 0.050510226388888906
3 0.76195825 0.28507665833333334 0.015497455468749966 0.03979593611111112
3 0.89648477734375 0.2743623680555556 0.027551032812499977 0.05969390416666664
3 0.92575775 0.25446440000000004 0.03013394218749994 0.15765313194444444
3 0.6551979984375 0.28653073611111113 0.009470667187499959 0.061224519444444424
3 0.6810270914062501 0.28653073611111113 0.01721939531249994 0.06428574305555554
3 0.71804879140625 0.2850001236111111 0.014636487500000062 0.06887758194444445
0 0.28621095078125 0.00021865277777777776 0.004304849218750029 0.016836741666666665
0 0.8208036070312501 0.1986517638888889 0.007605450781249879 0.034322031944444435
0 0.81392945 0.030941831944444446 0.017551039843749904 0.050963018055555545
