1 0.0015294500000000001 0.33036251805555555 0.36133400390625 0.3038519430555555
1 0.35483380859375 0.4792295777777778 0.02753021093750001 0.040785497222222175
1 0.380069834375 0.4669939291666667 0.02753021093750001 0.040785497222222175
1 0.5957231453125 0.47107248055555556 0.029824393749999966 0.03262839722222218
1 0.6396950125 0.35143501388888887 0.31315613671875 0.24199395277777783
1 0.48330812265625 0.4724319944444444 0.17206381093749998 0.10196374027777783
1 0.315832678125 0.4826283708333334 0.34871599140625 0.19373110694444437
0 0.7173149046875 0.26170692222222225 0.013765104687499984 0.05709969444444442
0 0.7299329179687499 0.26170692222222225 0.011470921093749985 0.05098187083333331
0 0.70584398359375 0.26578547083333337 0.01261801328125003 0.050981869444444425
0 0.76205149609375 0.2698640222222222 0.02867730234375001 0.05913896944444445
0 0.8354653890625 0.3351208138888889 0.03441276328124996 0.020392748611111088
