car 0.46856693906249997 0.46848031250000005 0.014033618749999999 0.02079054583333328
car 0.45921119375 0.46432220277777775 0.009355745312499941 0.019404508333333344
car 0.44626908515624997 0.46293616666666665 0.014033618749999999 0.023562620833333388
car 0.43301511171874996 0.45877805694444446 0.018711492187500057 0.040195056944444474
car 0.4197611390625 0.4573920208333333 0.021050428124999954 0.04989731249999999
car 0.40416822890625 0.46293616666666665 0.028846882812499964 0.04712523750000004
car 0.39169390078125 0.46432220277777775 0.03274511093749997 0.0582135277777778
car 0.3792195734375 0.46293616666666665 0.03976191953124997 0.06930182083333333
car 0.3737620546875 0.46848031250000005 0.03274511093749997 0.06930182083333326
car 0.32230545234374997 0.46016409305555556 0.074066321875 0.09147840416666662
car 0.49616638515625 0.46848031250000005 0.018711491406249968 0.033264874999999944
car 0.5133185859375 0.4698663486111111 0.01559290937500002 0.033264873611111134
car 0.521115040625 0.4657082388888889 0.029626528125000016 0.051283347222222234
car 0.5398265320312501 0.46293616666666665 0.021050428124999954 0.06375767500000001
car 0.5554194421875 0.45461994722222226 0.04833802031250008 0.08732029583333333
car 0.57413093359375 0.4573920208333333 0.10525214140624994 0.10533876805555561
traffic sign 0.50028063984375 0.451847875 0.010915035937499961 0.013860363888888906
drivable area 0 0 0 0
lane 0 0 0 0
lane 0 0 0 0