car 0.7817011609375 0.6158076555555555 0.21688147890624992 0.3752577944444445
car 0.5802836124999999 0.5580757041666666 0.12293816484375002 0.15463919861111108
car 0.5364047265624999 0.48865987222222224 0.07770619843750008 0.14639177638888892
car 0.51668822890625 0.5175258611111111 0.030154643749999988 0.0804123833333333
car 0.44594079609375 0.5587629805555555 0.020876292187500044 0.032989694444444474
car 0.43654645781249996 0.5525774124999999 0.009278350000000036 0.03092784027777782
car 0.4063918109375 0.5443299847222223 0.030154645312499985 0.049484544444444445
car 0.40755160546875 0.5505155555555555 0.02319588124999994 0.049484544444444445
car 0.4017526359375 0.5546392666666667 0.022036086718749993 0.04742268888888882
car 0.35768048203124997 0.49896915416666665 0.03131443906250002 0.12783507083333331
car 0.30085056640625 0.48041245000000005 0.06726806171875 0.162886625
car 0.19762890078125 0.44123718611111107 0.10902063671875002 0.24948457638888888
car 0 0.35395194583333334 0.21688147890625 0.4927836013888888
drivable area 0 0 0 0
lane 0 0 0 0