car 0.38664889062499996 0.4992144694444444 0.016632834375000006 0.03874622222222225
car 0.39811981171875 0.49513592083333335 0.022941841406250017 0.04690331805555559
car 0.41303200703125 0.48595918194444443 0.041295314062499956 0.06729606805555556
car 0.42220874453125 0.49615555555555557 0.029250848437500032 0.06831570555555552
car 0.32470591796875004 0.4869788208333333 0.01835347265624998 0.02651057222222219
car 0.23007082109375002 0.49513592083333335 0.01892701953125 0.029569483333333344
car 0.20655543359375 0.48086099722222225 0.021221203906249996 0.028549845833333306
car 0.18705486953125 0.48086099722222225 0.027530210156250012 0.04180513333333333
car 0.1222441671875 0.48595918194444443 0.04186886015625 0.016314200000000056
car 0.43683820234375004 0.49224588888888887 0.071119709375 0.0907477277777778
car 0.32700010234375 0.49758305138888886 0.02925084765624999 0.03772658472222222
car 0.29889634609375004 0.4894259527777778 0.029250849218749986 0.042824770833333366
car 0.25588039296875 0.49962232638888887 0.036706946875 0.042824770833333366
car 0.11134679218750002 0.48840631388888883 0.096355734375 0.09890482916666667
car 0 0.47990934027777776 0.08872040234375 0.1865936444444445
drivable area 0 0 0 0
lane 0 0 0 0
lane 0 0 0 0
lane 0 0 0 0