car 0.4690332 0.46586100555555554 0.00917673671874999 0.01359516527777779
car 0.46080328359375 0.46747947638888887 0.00994146484374996 0.012235649999999983
car 0.44474399453125 0.4554380583333333 0.01758874531249992 0.028549848611111154
car 0.4363319859375 0.46631419166666666 0.01452983437499995 0.020392748611111088
car 0.43021416171875 0.4676737097222222 0.00994146484374996 0.0203927472222222
car 0.421037425 0.464954675 0.013765105468749983 0.0258308125
car 0.4095665046875 0.4622356444444444 0.01529456171875001 0.029909362499999995
car 0.39427194296875 0.4622356444444444 0.022941840624999977 0.035347427777777794
car 0.59310123671875 0.46359515972222226 0.03594221796874999 0.054380661111111075
car 0.5671004828124999 0.45407854305555556 0.03517749140625002 0.08157099305555554
car 0.36597700624999996 0.4622356444444444 0.03441276171875005 0.03942597777777779
car 0.08055135 0.4540785222222222 0.08870845390625 0.1060422916666667
car 0.001019634375 0.44864045694444443 0.09788518984375 0.1386706875
car 0.1053934375 0.4364241208333333 0.20800602968749998 0.20256796388888887
car 0.47934545390625 0.40107668888888887 0.09406154921874998 0.17401811666666667
traffic sign 0.28204561640625003 0.39984075972222227 0.016059289062499982 0.02990936388888888
person 0.6556500187500001 0.45990666944444447 0.011470921093749985 0.0407854944444444
person 0.6658232265625 0.455891225 0.015294562500000008 0.06389727638888887
person 0.69488289140625 0.46404832500000004 0.013000378125000012 0.054380661111111075
person 0.7094127257812499 0.4572507416666666 0.012235647656250048 0.06117824444444445
drivable area 0 0 0 0
drivable area 0 0 0 0
lane 0 0 0 0
lane 0 0 0 0
lane 0 0 0 0
lane 0 0 0 0
lane 0 0 0 0
lane 0 0 0 0
lane 0 0 0 0
lane 0 0 0 0
lane 0 0 0 0
lane 0 0 0 0
lane 0 0 0 0
lane 0 0 0 0
lane 0 0 0 0
lane 0 0 0 0