traffic light 0.43348569374999996 0.40591827500000005 0.007232142187500035 0.020204076388888836
traffic sign 0.26198062890624996 0.29571421527777775 0.01446428281250003 0.06795916805555555
car 0.41385559531249994 0.456297275 0.017563771875000002 0.044081624999999985
car 0.40455712890625 0.456297275 0.015497445312499991 0.04591835972222221
car 0.35703163125000004 0.41588912222222224 0.05062498828124999 0.0863265097222222
car 0.35289897734375 0.45446054027777777 0.039260195312500024 0.058775498611111095
car 0.49798459531250006 0.45446054027777777 0.04339284921874995 0.044081624999999985
car 0.30434031328125 0.4602331388888889 0.0609566203125 0.07346937499999998
car 0.0419169 0.3888628916666667 0.20043363203125 0.23326525694444444
drivable area 0 0 0 0
lane 0 0 0 0
lane 0 0 0 0
lane 0 0 0 0
lane 0 0 0 0
lane 0 0 0 0