traffic light 0.25345003984375 0.5961491541666667 0.007798462500000003 0.022528891666666655
traffic light 0.17351579609375 0.6100130875 0.00584884765625 0.017329916666666632
traffic light 0.23297907499999998 0.6169450541666667 0.005848846875000024 0.017329918055555518
traffic light 0.24467676953125 0.6186780458333333 0.007798462500000003 0.015596926388888871
traffic light 0.34508197734375 0.5996151375 0.007798462500000003 0.02252889027777777
car 0.189112721875 0.6498718972222222 0.017546541406250026 0.02252889305555562
car 0.16669214140625 0.6481389055555555 0.020470964843750016 0.027727868055555563
car 0.14232194609374998 0.6533378805555555 0.012672501562499994 0.02252889305555554
car 0.1267250203125 0.6568038638888889 0.01949615468750001 0.020795901388888892
car 0.083833475 0.6516048888888889 0.03996712031250001 0.04159180138888882
car 0.23687830625 0.6446729208333334 0.019496157812500005 0.01906290833333328
car 0.20958368671875 0.6568038638888889 0.02729461953125001 0.031193851388888937
car 0.36652775000000004 0.6516048888888889 0.028269427343749997 0.04852376944444438
car 0.39772160078124996 0.6481389055555555 0.01559692500000005 0.039858809722222256
car 0.402595640625 0.6481389055555555 0.05263962265625004 0.07105266250000007
car 0.45523526328125 0.6429399291666666 0.030219043750000018 0.04505778472222228
car 0.2465069640625 0.6481389055555555 0.14157848984375004 0.20055198888888895
traffic light 0.221935490625 0.6177970486111111 0.005850350781250002 0.01872112222222226
traffic sign 0.4465889625 0.5907554263888889 0.010530631249999978 0.0166409986111111
drivable area 0 0 0 0
lane 0 0 0 0
lane 0 0 0 0
lane 0 0 0 0