0 0.380459675 0.1449152263888889 0.018019064062500024 0.07474574861111109
0 0.53405074765625 0.30203384027777774 0.01115465859375 0.021355929166666676
0 0.08700633984375 0.2822033361111111 0.01115465859375 0.01677965833333334
0 0.42988339296875006 0.4473304236111111 0.006864405468749979 0.012203387500000041
0 0.43932195078124997 0.4549575402777778 0.005148303906250007 0.012203387499999963
0 0.53428849296875 0.35999993194444446 0.010296608593750011 0.03203389166666671
1 0.44532830546874996 0.4549575402777778 0.00858050703125004 0.01983050555555555
1 0.450476609375 0.45953381111111113 0.026599571093750017 0.03813558611111105
1 0.3620973890625 0.4534321166666666 0.013728810937500002 0.01983050555555555
1 0.2290995328125 0.4549575402777778 0.03260592578124997 0.028983045833333342
1 0.1312817546875 0.44275415277777774 0.05062499062499999 0.04728812638888892
1 0.055773294531249996 0.44885584722222227 0.06177964921875001 0.04881354999999993
1 0.68869291796875 0.4263081819444444 0.3094540492187501 0.20135589444444446
0 0.49618731640625 0.41715564166666663 0.011154659374999997 0.01830508055555558
