1 0.25886472734375 0.46371801388888884 0.07335457578124997 0.10121170833333334
1 0.15375345625 0.4802486222222222 0.11261477265624997 0.11020405833333334
1 0.5543657703125 0.4570844583333334 0.008265306250000038 0.02204081249999995
1 0.5659855125 0.4600445472222222 0.00929846718749996 0.02204081249999995
1 0.77365128359375 0.4433469611111111 0.07748722890625004 0.0642857013888889
1 0.6300416203125 0.441510225 0.09608416406250005 0.13408160416666665
1 0.5163936851562501 0.4617143041666667 0.04442601015624996 0.07714284027777778
0 0.4322065359375 0.3899999222222222 0.023762750781249942 0.01653060833333334
0 0.5783001046875 0.3875509375 0.010331630468749964 0.018367344444444454
0 0.46878482187500004 0.3857142055555555 0.010331630468749964 0.022040811111111145
3 0.35617004765625004 0.4867345902777778 0.010331630468749964 0.034897951388888834
3 0.1299073421875 0.4793876513888889 0.022729585937500008 0.1028571222222222
3 0.7217031296875 0.44816316944444445 0.014464283593750071 0.0844897791666667
0 0.63367333046875 0.3802040027777778 0.014464283593749983 0.027551011111111103
