car 0.25519790625 0.30146465 0.007175199218750006 0.02125984861111109
car 0.21095084609375 0.29508669305555557 0.014350398437499967 0.02976378749999999
car 0.19062111875 0.2844567680555556 0.020329730468749994 0.025511822222222195
car 0.14517819062499998 0.2717008625 0.047834659375 0.04464568055555556
car 0.10093113046874999 0.2631969222222222 0.04424706015625 0.03401575833333336
car 0.7567443078125 0.37247254583333333 0.05142225859375005 0.021259850000000018
car 0.7687029734374999 0.35759064861111106 0.02750492812500003 0.012755909722222233
car 0.67542538828125 0.3682205736111111 0.05381399140625005 0.014881894444444457
car 0.6467245921875 0.35121269583333337 0.03228839453125003 0.012755909722222193
car 0.60606513203125 0.3490867111111111 0.06098919062499997 0.0233858347222222
car 0.56062220546875 0.3490867111111111 0.02714616640625005 0.012755909722222193
car 0.5283338109375 0.3405827708333333 0.02750492812499994 0.01913385972222221
car 0.503220615625 0.3427087583333333 0.016742130468750015 0.012755908333333347
car 0.3145128828125 0.30444103333333333 0.010762796093750016 0.012755908333333347
car 0.26069889140625 0.3023150486111111 0.032288394531249986 0.03288189722222224
car 0.3228839484375 0.3279331597222222 0.04544292578125 0.03401575972222225
traffic sign 0.49389285312500003 0.28275598333333335 0.03587599453124994 0.038267727777777774
traffic sign 0.11001971562499999 0.07281497916666667 0.10404038281249998 0.1929331263888889
car 0.32527568046875 0.39171270694444443 0.08371065390625003 0.09566931805555556
car 0.466387925 0.3534449791666667 0.059793324218749964 0.04889764999999997
traffic sign 0.38207933828125 0.3194292222222222 0.010762797656250012 0.014881894444444457
traffic sign 0.55180695625 0.2757705902777778 0.016742130468750015 0.036141741666666664
traffic sign 0.51712682890625 0.2736446069444444 0.023917328906250025 0.03614174027777778
drivable area 0 0 0 0
drivable area 0 0 0 0
lane 0 0 0 0
lane 0 0 0 0
lane 0 0 0 0
lane 0 0 0 0
lane 0 0 0 0
lane 0 0 0 0
lane 0 0 0 0
lane 0 0 0 0
lane 0 0 0 0
lane 0 0 0 0
lane 0 0 0 0
lane 0 0 0 0
lane 0 0 0 0