0 0.49605758515625 0.4606894986111111 0.03343713906249999 0.054750872222222254
0 0.80315132734375 0.44191776944444444 0.021118196093750007 0.02502897222222226
0 0.14144790546875 0.5592410722222222 0.01143902187500001 0.01877172777777779
0 0.1872039921875 0.5435979652777778 0.02023826953125001 0.01564310694444444
0 0.30423398671875 0.5467265861111111 0.013198871874999973 0.02190034861111106
0 0.29895443828125 0.5623696944444444 0.007919322656249995 0.01720741805555556
0 0.24175932968749997 0.5545481388888889 0.01583864531250003 0.010950175000000052
0 0.26854989609375 0.5443801305555556 0.010559096874999962 0.015643108333333326
0 0.33542417812499997 0.5428158208333334 0.014078796093750023 0.02659328194444449
0 0.355662446875 0.5741020347222222 0.010559096875000007 0.018771729166666598
0 0.23247298046874998 0.5490730638888889 0.010559096875000007 0.010950177777777743
1 0.2625695484375 0.5756663319444445 0.021998119531250016 0.021900350000000027
1 0.2784081953125 0.5647161597222222 0.017598496093750037 0.02190035416666668
1 0.28896729140625 0.5787949555555556 0.018478421874999994 0.017207415277777787
1 0.3100854859375 0.5741020222222222 0.01407879531249998 0.017207416666666673
1 0.28192789296875 0.5866165083333333 0.02375796953124998 0.028157594444444496
1 0.23089225781249997 0.5709734027777777 0.03255721718750002 0.03910776944444447
1 0.2062543640625 0.581923575 0.019358344531250005 0.031286215277777765
1 0.18953579296875 0.5866165083333333 0.021118196093750007 0.02502896944444449
1 0.17545699765625 0.5913094416666667 0.016718570312499993 0.02659328055555553
1 0.15521872734375 0.5913094416666667 0.021118196875000005 0.02659328055555553
1 0.1279410609375 0.5928737513888889 0.023757966406250008 0.029721898611111106
1 0.11474218828125 0.5960023708333334 0.014958721093750005 0.02346466249999995
1 0.10154331796875 0.6006953041666666 0.016718569531249994 0.01720741805555556
1 0.318884734375 0.5881808180555556 0.028157592187500004 0.02502897222222226
1 0.342642703125 0.5928737513888889 0.02023826875000001 0.023464655555555523
1 0.38663894140625 0.5928737513888889 0.013198871874999973 0.026593281944444415
1 0.39719803828125 0.585052198611111 0.03431706718749998 0.035979144444444465
1 0.42711548046875 0.5834878875 0.036076915625 0.04223639027777774
1 0.45615299609375004 0.5866165083333333 0.01935834609375 0.04536500972222228
1 0.46495224453125 0.5834878875 0.044876163281250034 0.0516222541666666
1 0.48695036406250003 0.5866165083333333 0.05191556093749998 0.057879493055555606
1 0.5274269031250001 0.5756663319444445 0.06247465859374994 0.08447277777777779
1 0.58990156875 0.5866165083333333 0.08183300390624995 0.07821553472222229
1 0.66205538515625 0.5803592652777778 0.1117504453125 0.1110660597222222
1 0.7526876367187499 0.581923575 0.04311631406250003 0.028157597222222188
1 0.7451203046875 0.5662804694444444 0.1988629945312499 0.14391658333333332
1 0.9439833015625 0.6053882374999999 0.05455533593749991 0.1314020972222223
1 0.0681061765625 0.5772306458333334 0.04663601484375 0.029721901388888878
