traffic light 0.54955513671875 0.17681060277777777 0.009360561718750039 0.04368262083333333
traffic light 0.279268928125 0.20801247222222222 0.009360560937499995 0.04160249722222223
traffic sign 0.27692878828125 0.3140988347222222 0.017551052343750005 0.031201870833333346
traffic sign 0.716875171875 0.22881372083333334 0.047972876562499954 0.01872112499999999
traffic sign 0 0 0.0394045453125 0.1227273611111111
traffic light 0.016003140625000002 0.09568573888888889 0.025741543750000002 0.06656399166666667
traffic light 0.818671275 0.20385222500000003 0.011700702343750003 0.04368262083333331
traffic light 0.963759975 0.26001559305555555 0.010530632812499973 0.04368262083333331
traffic sign 0.95790962734375 0.3120187111111111 0.02223133281250007 0.016640998611111138
traffic sign 0.9625899054687499 0.40562432638888885 0.010530632812499973 0.027041619444444442
traffic sign 0.037064404687500004 0.34114045694444445 0.009360560937499995 0.024961498611111133
traffic sign 0.05344538671875 0.3120187111111111 0.009360560937500007 0.016640998611111138
traffic sign 0.20087422734375 0.3390603333333333 0.01638098203124998 0.016640998611111138
traffic sign 0.45594952421875 0.3577814555555555 0.007020420312499986 0.01872112222222226
traffic light 0.56476604921875 0.3661019527777778 0.009360561718750039 0.020801248611111114
traffic light 0.59635794453125 0.3598615791666667 0.00819049140625001 0.033281995833333314
traffic light 0.9614198359374999 0.34322058194444444 0.010530631250000155 0.029121745833333337
traffic light 0 0.11856711111111111 0.01834328125 0.052003118055555554
car 0.43020797890624995 0.3577814555555555 0.010530632812500062 0.014560875000000017
car 0.42084741875000004 0.3577814555555555 0.010530631249999978 0.01872112222222226
car 0.4266977703125 0.37234233055555555 0.011700702343750003 0.010400623611111114
car 0.43488826015625 0.3785827041666667 0.015210910937499999 0.01872112222222226
car 0.388085453125 0.3661019527777778 0.015210912499999996 0.012480748611111083
car 0.39510587578125 0.3494609583333333 0.009360560937499995 0.016640997222222252
car 0.407976646875 0.36194170555555555 0.010530631249999978 0.012480745833333313
car 0.29564991171875 0.35362120555555554 0.010530630468749979 0.012480747222222238
car 0.28745941953125 0.3577814555555555 0.009360561718749993 0.012480748611111163
car 0.2734185765625 0.3598615791666667 0.010530632812500018 0.014560872222222167
car 0.23948654296875 0.3681820791666667 0.019891192187500017 0.027041622222222214
car 0.2383164734375 0.3577814555555555 0.012870771093749988 0.014560875000000017
car 0.20906471953125 0.3661019527777778 0.011700701562500004 0.01872112222222218
car 0.20321436796875 0.37442245416666664 0.009360561718749993 0.01456087361111113
car 0.1950238765625 0.37442245416666664 0.00819049140625001 0.016640997222222214
car 0.17747282421875 0.37442245416666664 0.01638098203125 0.022881372222222276
car 0.15056121015624999 0.37442245416666664 0.02340140234375001 0.024961498611111133
car 0.2535273859375 0.3702622041666667 0.019891192187499972 0.033281995833333314
car 0.3986160859375 0.35362120555555554 0.009360560937499995 0.012480747222222238
car 0.40680657578124996 0.3702622041666667 0.011700703906249998 0.016640997222222214
car 0.388085453125 0.3765025777777778 0.015210912499999996 0.027041622222222214
car 0.41850727968749996 0.3869032013888889 0.021061262500000046 0.027041622222222214
car 0.45828966484375 0.3869032013888889 0.026911614843749997 0.033281995833333314
car 0.47818085703125 0.3758826097222222 0.10530631562499995 0.152469075
car 0.02536370234375 0.3869032013888889 0.02340140234375 0.033281995833333314
car 0.79175966171875 0.4097845736111111 0.09009540312499995 0.08112486388888887
car 0.69230369765625 0.4035442 0.05148308750000004 0.04784287083333333
truck 0.6150790671874999 0.3557013319444445 0.07020421015625003 0.0936056152777778
car 0.5834871726562499 0.39522370138888885 0.03159189453125002 0.045762741666666704
car 0 0.3806628277777778 0.00664257890625 0.04160249444444438
person 0.59869808515625 0.39522370138888885 0.011700701562500004 0.045762741666666704
person 0.5869973828124999 0.39522370138888885 0.010530632812500062 0.04992299444444449
drivable area 0 0 0 0
drivable area 0 0 0 0
lane 0 0 0 0
lane 0 0 0 0
lane 0 0 0 0
lane 0 0 0 0
lane 0 0 0 0
lane 0 0 0 0
lane 0 0 0 0
lane 0 0 0 0
lane 0 0 0 0
lane 0 0 0 0
lane 0 0 0 0
lane 0 0 0 0
lane 0 0 0 0
lane 0 0 0 0
lane 0 0 0 0
lane 0 0 0 0
lane 0 0 0 0
lane 0 0 0 0
lane 0 0 0 0
lane 0 0 0 0
lane 0 0 0 0
lane 0 0 0 0
lane 0 0 0 0
lane 0 0 0 0
lane 0 0 0 0
lane 0 0 0 0