0 0.41136891093749994 0.40378707222222227 0.030219042187500024 0.03639282638888888
0 0.4971520015625 0.4089860472222222 0.016571733593749992 0.015596925000000065
0 0.53224508359375 0.41245203055555557 0.02047096406250004 0.012130941666666692
0 0.5839099 0.3985880972222222 0.010722886718749968 0.017329916666666632
0 0.6375243312500001 0.3604622791666667 0.01169769374999996 0.020795901388888892
0 0.65312125703125 0.4159180138888888 0.007798462500000003 0.02426188472222227
1 0.7281814609375 0.3985880972222222 0.09065713046875006 0.0866495861111111
1 0.5527160484375 0.4471118652777778 0.022420580468750017 0.031193851388888857
1 0.51762296640625 0.4488448569444444 0.015596925000000006 0.024261883333333303
1 0.16571733359375002 0.44191289027777775 0.058488471093749994 0.04679077638888892
1 0.30121562421875 0.4505778486111111 0.03314346718750003 0.031193851388888937
