traffic light 0.5383568984375 0.4511842111111112 0.005995066406250071 0.024868424999999975
car 0.45642433281250006 0.4867105291666667 0.022981085937499923 0.04263157916666671
car 0.3824851875 0.47960526666666664 0.029975328906250053 0.053289476388888896
car 0.37449176640625004 0.48138158194444447 0.02398026249999998 0.06039473472222225
car 0.32053617421874997 0.4778289486111111 0.07393914453125001 0.07993421111111114
car 0.32753041796875004 0.5062500041666667 0.04895970390624997 0.05861841944444445
car 0.19463979140625 0.4245394763888889 0.1328906265625 0.1616447388888889
car 0.1926414375 0.5009210555555555 0.09891858593749998 0.10835526388888886
car 0.14256398515625 0.43875000277777776 0.11602317578124999 0.07993421111111114
car 0 0.49381579305555556 0.11270722734375001 0.21848684166666665
car 0 0.40677631805555553 0.20762910078125 0.25578947500000004
car 0.585318246875 0.4991447375 0.022981085937500013 0.05328947777777778
car 0.6003059109375 0.46361842222222227 0.14088404687500003 0.11901315833333329
car 0.7082170960937499 0.46717105555555555 0.2268133234375 0.1811842125
car 0.8401085437500001 0.4440789513888889 0.159868421875 0.27888157916666656
car 0.46941364218750004 0.48138158194444447 0.06794407890625002 0.10480263055555557
drivable area 0 0 0 0