0 0.49981431328125003 0.31255832083333335 0.010607535937499968 0.01774855694444446
1 0.44227183593749997 0.33722257499999997 0.014975345312500022 0.024404265277777802
1 0.43228827265624997 0.33833185972222224 0.009983563281249986 0.026622834722222224
1 0.41544101015625 0.33611329027777775 0.019343153906249987 0.034387827777777796
1 0.407329365625 0.3350040055555556 0.017471235156250042 0.037715681944444454
1 0.38611429375 0.32280187083333334 0.028702743750000037 0.06544780416666664
1 0.3655231953125 0.32834829583333336 0.029326717187500018 0.07099422638888887
1 0.34243620546875003 0.3161461638888889 0.037438361718749966 0.0976170597222222
1 0.3181012703125 0.31947401805555553 0.04555000625000001 0.10760062361111113
1 0.28939852578125 0.30949045555555554 0.06676507734374999 0.12313060972222224
1 0.25383208359375 0.28730475972222225 0.06988494218750003 0.18081342083333335
1 0.16585193359375 0.29396046805555553 0.11668289296875003 0.19301555277777777
1 0.11593411953124999 0.2795397652777778 0.10857124765625001 0.24626122222222221
1 0.0004991703125 0.26844691805555554 0.15848906328125 0.3327854347222222
1 0.46535882578125004 0.3305668652777778 0.009359590625000002 0.015529987499999997
1 0.48969376093749994 0.33944114444444445 0.01060753515625006 0.01331141666666665
1 0.5090369140625 0.3438782833333333 0.025582882031250077 0.023294979166666688
1 0.54148349375 0.3427689986111111 0.018719181250000005 0.03327854305555557
1 0.5545869203125 0.3438782833333333 0.042430142187499964 0.061010662499999986
1 0.58841843515625 0.3181047444444444 0.08548425859375 0.12117203055555553
1 0.8267760031250001 0.3216925875 0.17314023593749983 0.3294575791666667
