traffic light 0.1655872171875 0.14419588611111112 0.0578484015625 0.08651753749999999
traffic light 0.64520861875 0.1344014486111111 0.016528115624999985 0.05876663055555557
traffic light 0.6332716484375001 0.13276904305555556 0.01469165703124995 0.0538694111111111
traffic light 0.6580638203125 0.13276904305555556 0.015609885937499967 0.057134223611111125
traffic light 0.8668077851562501 0.015235784722222223 0.021119256249999906 0.08206618194444444
traffic light 0.8934364132812499 0.013603379166666667 0.02203748671875001 0.07182587916666666
traffic light 0.9166982140625001 0.38252721944444446 0.013773428906250018 0.027750908333333355
person 0.38688030625000003 0.39068926388888886 0.023873943750000005 0.10610641388888888
person 0.41442716328125 0.3857920444444444 0.025710400781249997 0.11916566388888891
person 0.48513076484375006 0.40266024166666664 0.01377342890624993 0.0587666291666667
person 0.474112021875 0.40755745694444445 0.01010051484375003 0.053869412500000005
car 0.5457338515625 0.42224911805555554 0.04682965859375008 0.07182587916666666
car 0.567465265625 0.31451030277777775 0.30577011874999993 0.4369407805555555
traffic sign 0.8998640140624999 0.3172309652777778 0.031219772656250023 0.02122128194444445
traffic sign 0.8814994421875 0.34334946666666666 0.03581091484375012 0.02285368888888889
traffic light 0.45482922109375 0.3232164625 0.016528115624999985 0.0375453444444444
drivable area 0 0 0 0
lane 0 0 0 0
lane 0 0 0 0