0 0.9383668914062501 0.1448516111111111 0.023138861718750015 0.03178671666666667
0 0.39230887890625 0.19445992638888887 0.011569428125000013 0.020567876388888903
0 0.38705004609375 0.22437683888888887 0.012621196874999985 0.01869806944444446
0 0.4512077984375 0.2038089611111111 0.009465896875000013 0.01869806944444446
0 0.63421515703125 0.17950147083333334 0.013672963281250006 0.02617729722222223
0 0.66892344921875 0.24307490833333334 0.007362364843749969 0.020567876388888864
0 0.6415775218750001 0.24307490833333334 0.009465896874999925 0.014958454166666652
0 0.62790455703125 0.25429375 0.01262119921874998 0.009349036111111136
0 0.621593959375 0.2112881888888889 0.01051766484375003 0.024307491666666674
0 0.64105163828125 0.26551259166666663 0.00841413124999999 0.020567876388888903
0 0.33288407578125 0.22437683888888887 0.01788002890625 0.03926594583333332
0 0.57510588671875 0.20567876805555557 0.004207066406249993 0.02056787777777775
0 0.468877478125 0.20567876805555557 0.006310598437499948 0.02056787777777775
0 0.5740541203125 0.2412051013888889 0.005258832812500014 0.016828261111111093
0 0.5698470546875 0.24307490833333334 0.005258832031250016 0.014958454166666652
0 0.5014822367187499 0.2449447138888889 0.007362365625000056 0.01682826527777775
3 0.22192271640625 0.26925220555555557 0.010517664843749986 0.06170363194444444
3 0.37127354921875 0.28234085555555555 0.007362364062500015 0.041135754166666656
3 0.4922266890625 0.2935596972222222 0.006310597656250039 0.01869806944444446
3 0.67418228046875 0.29542950416666663 0.007362364843750057 0.04113575138888892
3 0.6605093171875 0.29168989027777775 0.009465898437500009 0.044875370833333345
3 0.39714700625 0.2842106597222222 0.00841413124999999 0.041135751388888885
0 0.41965480546875 0.2673823986111111 0.0073623640625000595 0.014958452777777766
1 0.44594896562499997 0.2711220125 0.028397695312500026 0.059833826388888886
1 0.47119136015625 0.26925220555555557 0.011569428906249967 0.05235459444444442
1 0.59740333203125 0.28608046805555554 0.01682826250000007 0.009349034722222212
1 0.55322914140625 0.2898200833333333 0.01682826171875007 0.031786719444444445
1 0.5658503390625 0.29542950416666663 0.02313886093749993 0.039265945833333364
1 0.61423159453125 0.29542950416666663 0.013672964062500004 0.039265945833333364
1 0.75937536171875 0.29916911944444446 0.023138861718750015 0.02991690972222223
1 0.7909283539062499 0.2935596972222222 0.028397695312500026 0.044875366666666694
1 0.7993424859375 0.2898200833333333 0.049433024218750087 0.05983382222222223
1 0.80354955078125 0.29916911944444446 0.04838125781249989 0.056094208333333305
1 0.8077566171875 0.30290873055555556 0.03891535859374997 0.05422440277777775
1 0.81617074921875 0.29542950416666663 0.07467541484374998 0.05796401666666667
1 0.8424649093750001 0.29729931111111113 0.10833194218750002 0.06544324583333333
1 0.91082972734375 0.28608046805555554 0.08834837968749998 0.08788093055555556
1 0.58008861796875 0.2898200833333333 0.04207065625000004 0.06170362916666667
1 0.5075167335937499 0.28795027638888887 0.05469185468750002 0.0766620847222222
