traffic sign 0.37095777578125 0.2529921958333333 0.020329729687499975 0.04039371527777777
traffic sign 0.33866938125 0.3677953777777778 0.019133864062500016 0.027637802777777724
traffic sign 0.4032461703125 0.24874022777777777 0.023917329687500023 0.040393713888888884
traffic sign 0.45945189453125 0.24448825555555556 0.02032973046875002 0.046771665277777784
traffic sign 0.39487510546875 0.38692924305555554 0.013154531249999967 0.023385833333333356
traffic sign 0.42835936796874996 0.38905522638888884 0.010762797656250012 0.021259850000000018
traffic sign 0.4546684296875 0.38055128611111105 0.021525596875000018 0.0297637902777778
traffic sign 0.6873840703125 0.21472446805555556 0.022721464843749928 0.036141741666666664
traffic sign 0.61563208203125 0.2614961361111111 0.023917329687500023 0.025511819444444424
traffic sign 0.61563208203125 0.2189764402777778 0.020329732031250013 0.040393709722222226
traffic sign 0.5498594265625 0.2189764402777778 0.04424705859375004 0.05102363472222223
traffic sign 0.52474623125 0.23173234583333333 0.021525595312500024 0.044645681944444446
traffic sign 0.8299313328125001 0.2678740902777778 0.028700796093749936 0.042519695833333336
traffic sign 0.7505258421875001 0.3486615138888889 0.016742131250000014 0.025511819444444465
car 0.029896662499999997 0.4677166638888889 0.040659460937499996 0.0361417416666667
car 0.06696852343750001 0.4655906805555555 0.02870079609374999 0.027637802777777803
car 0.159050240625 0.44220484861111115 0.031092528906250007 0.03614174027777774
car 0.48408676953125 0.4294489361111111 0.011958665625000009 0.025511819444444465
car 0.49126196875000006 0.42732295277777776 0.015546264062499926 0.021259848611111132
car 0.52115863046875 0.42732295277777776 0.011958665625000009 0.021259848611111132
car 0.63715767890625 0.4209449986111111 0.020329731250000017 0.017007877777777795
car 0.65150807734375 0.4209449986111111 0.025113195312500024 0.021259850000000018
car 0.67303367265625 0.41881901388888887 0.017937998437500012 0.025511819444444465
car 0.52713796328125 0.42519696805555557 0.025113196093750022 0.03826772777777781
car 0.5008289 0.43370090833333336 0.014350398437499922 0.01913386527777779
car 0.5127875656249999 0.43370090833333336 0.011958666406250007 0.0212598513888889
car 0.54746769296875 0.42519696805555557 0.009566931250000011 0.023385833333333356
car 0.55727377578125 0.42519696805555557 0.021525595312500024 0.023385833333333356
car 0.79214198203125 0.35078749861111114 0.20688489921875003 0.2529921972222222
traffic light 0.512309209375 0.29763788055555557 0.011958664843749921 0.03188977083333333
traffic light 0.42979442187499994 0.3571654527777778 0.010762797656250012 0.03188977361111106
traffic light 0.702451959375 0.27425204305555556 0.01315453203125001 0.034015756944444475
traffic light 0.7407196859375 0.32952765 0.015546264062499926 0.036141743055555585
traffic light 0.5505769179687501 0.38055128611111105 0.010762797656249923 0.02338583750000001
traffic light 0.40205030468749997 0.35291348333333333 0.011958664843750012 0.02976378472222218
car 0.45251586640625 0.4315749208333334 0.034680128124999945 0.04039371527777773
car 0.59123637734375 0.4294489361111111 0.02032972968750002 0.021259852777777786
drivable area 0 0 0 0
drivable area 0 0 0 0
drivable area 0 0 0 0
drivable area 0 0 0 0
lane 0 0 0 0
lane 0 0 0 0
lane 0 0 0 0
lane 0 0 0 0
lane 0 0 0 0
lane 0 0 0 0
lane 0 0 0 0
lane 0 0 0 0
lane 0 0 0 0
lane 0 0 0 0