0 0.50105123203125 0.3431323611111111 0.00974807890624998 0.027727868055555563
0 0.581960284375 0.33446740277777776 0.007798462500000003 0.0259948777777778
0 0.5926831703125 0.3795251861111111 0.010722885937499971 0.031193851388888937
0 0.57221220546875 0.3951221138888889 0.012672503125000035 0.013863934722222224
0 0.5088496953125 0.3431323611111111 0.007798463281250001 0.025994876388888914
0 0.5897587468750001 0.33100142083333334 0.005848846874999936 0.02946085972222225
0 0.63265029140625 0.32233645972222225 0.010722885937499971 0.027727869444444407
0 0.6384991390625 0.3552633027777778 0.015596926562500002 0.010397948611111079
0 0.62095259765625 0.3847241625 0.011697695312499956 0.020795902777777778
0 0.43281468359374997 0.38645715416666665 0.014622117968750015 0.012130943055555576
0 0.42306660546875 0.4159180138888888 0.008773270312499993 0.019062909722222247
0 0.49910161718749996 0.38645715416666665 0.007798462500000003 0.015596926388888951
1 0.5390687398437499 0.4055200638888889 0.026319811718750065 0.02252889305555554
1 0.5809854765625 0.41245203194444446 0.015596925781250003 0.013863933333333339
1 0.59853201640625 0.41245203194444446 0.015596925781250003 0.013863933333333339
1 0.5946327859375 0.4228499805555555 0.02144577187500003 0.036392825
1 0.5205473890625 0.41938399722222225 0.01949615703124996 0.03639282638888888
1 0.5088496953125 0.43324793194444444 0.027294620312499962 0.04159180000000002
1 0.70186164921875 0.3656612541666666 0.09163193828124996 0.07625163750000002
1 0.48350469062499996 0.43324793194444444 0.031193852343750005 0.024261883333333303
1 0.42014218046874996 0.4471118666666667 0.016571733593750082 0.02252889305555554
1 0.36652775000000004 0.4540438319444445 0.05458923984375001 0.05372274583333329
1 0.3460567859375 0.4557768236111111 0.023395387499999965 0.020795902777777778
1 0.25539965546875 0.46790776666666667 0.032168659375 0.055455733333333354
1 0.2719713890625 0.47483973472222224 0.037042698437499987 0.04852376805555557
1 0.28659350781250004 0.4627087888888889 0.07116097187499996 0.06758667777777774
1 0.177415028125 0.4817717 0.06238770234375 0.051989751388888866
1 0.14719598359375 0.48350469166666665 0.06433731796875002 0.062387700000000025
1 0.0731105890625 0.4973686263888889 0.089682321875 0.07278565138888887
1 0.5351695078125001 0.4211169888888889 0.07116097343750001 0.10224651111111116
1 0.76522416015625 0.3535303111111111 0.13842271406249998 0.13863933750000001
1 0.45718488046875 0.4540438319444445 0.026319811718749975 0.024261886111111075
0 0.49325277109375004 0.39338912361111106 0.018521349218749972 0.024261881944444497
3 0.6921135695312499 0.3985880972222222 0.009748078906250068 0.046790777777777806
3 0.68334030078125 0.4089860458333333 0.006823654687500014 0.04159180000000002
3 0.6765166453125 0.4089860458333333 0.007798462499999914 0.039858809722222256
