0 0.92039548203125 0.2301560847222222 0.015820300781249942 0.04218747083333333
0 0 0.18328111666666666 0.0186382890625 0.08906243888888889
0 0.8861181609375001 0.18328111666666666 0.043505830468749986 0.025781233333333337
0 0.9124853296875 0.1668748777777778 0.04482418828125016 0.02343748472222222
0 0.59871601484375 0.3754684861111111 0.015820301562500028 0.035156224999999985
0 0.51697778984375 0.4293746958333334 0.01713866015624994 0.014062490277777723
0 0.6053078078125 0.41296845833333334 0.02109373437500004 0.016406236111111146
1 0.49833950078125 0.49203947638888884 0.009042890625000055 0.015616422222222247
1 0.5247066703125001 0.48656216249999995 0.014501943749999935 0.030468726388888947
1 0.667089384375 0.47578092222222224 0.10678703671875 0.11015617361111106
1 0.7331885781249999 0.4739059180555556 0.20039048828125008 0.16171863888888885
1 0.59476093984375 0.48328091111111116 0.06328120625000003 0.06796870277777774
1 0.366684925 0.48328091111111116 0.05141597890625005 0.06093745833333328
1 0.5326168210937501 0.48850411527777776 0.02768552734374996 0.037499974999999984
1 0.47592740703125 0.4861603666666667 0.01054686718749993 0.021093736111111146
1 0.46274382265625 0.4861603666666667 0.011865225000000024 0.021093736111111146
1 0.44296844531249996 0.48381661944444443 0.013183585156250021 0.02578123194444449
1 0.50838156953125 0.49203947638888884 0.01199013124999997 0.0230921055555556
