car 0.03156094296875 0.3111462583333333 0.03729929296875 0.03230480277777777
car 0.109028709375 0.3128465111111111 0.021040628125000006 0.025503791666666664
car 0.1300693375 0.31624701666666666 0.012433098437500002 0.02040303194444443
car 0.1425024359375 0.31624701666666666 0.0076511367187499955 0.02040303194444443
car 0.15876110234375002 0.31794726944444446 0.012433098437500002 0.017002527777777762
car 0.23144690859375 0.32474828194444444 0.01338949140625001 0.018702779166666676
car 0.24770557656249997 0.3196475236111111 0.02582258984375003 0.02890429305555556
car 0.33378087421874997 0.3298490402777778 0.023909803906250016 0.034005051388888874
car 0.3538651109375 0.33665004861111114 0.018171451562499996 0.028904298611111143
car 0.37299295312499997 0.3400505555555556 0.018171451562499996 0.0221032875
car 0.2630078515625 0.29584398333333334 0.082249728125 0.1394207277777778
car 0 0.2941437291666667 0.0239098046875 0.03740556111111108
traffic sign 0.090310746875 0.29681556111111107 0.008607529687499994 0.011901769444444455
traffic sign 0.64744924375 0.2840403013888889 0.012053577343749922 0.038265323611111096
traffic sign 0.64142245546875 0.3621015611111111 0.012914546093750002 0.026020420833333367
drivable area 0 0 0 0
drivable area 0 0 0 0
drivable area 0 0 0 0
lane 0 0 0 0
lane 0 0 0 0
lane 0 0 0 0
lane 0 0 0 0
lane 0 0 0 0
lane 0 0 0 0
lane 0 0 0 0
lane 0 0 0 0