3 0.7552200835937499 0.41635736944444446 0.04394530625000002 0.19062497777777776
1 0 0.5147948569444444 0.0626420453125 0.026562498611111113
1 0.10307172812500001 0.5116698583333333 0.032519524999999994 0.021874998611111116
1 0.04066939140625 0.4804198611111111 0.027246091406250006 0.015624995833333264
1 0.17506980781249998 0.47689265 0.03434956250000003 0.01758971111111115
1 0.40453653359375 0.47729486250000003 0.018457029687500005 0.03593749583333326
1 0.3834427859375 0.47729486250000003 0.029882808593750053 0.05312499444444438
1 0.46781777578124994 0.47416986250000004 0.03339843281250001 0.05156249444444438
1 0.41684121953125003 0.48666986111111116 0.07910155390624993 0.10937498611111107
1 0.51703651953125 0.39291987222222224 0.17666013437500006 0.26093746805555557
0 0.37289591171875 0.3663573763888889 0.04130859062500005 0.049999993055555574
0 0.41684121953125003 0.3632323763888889 0.03603515234374992 0.05624999305555557
1 0.35155146328125003 0.47868548055555554 0.03933019765624999 0.06095620277777777
1 0.127671878125 0.49840660416666666 0.16135465624999998 0.16852597500000002
