traffic light 0.2510155375 0.16874994166666668 0.015820305468749973 0.06749997499999999
traffic light 0.69082007109375 0.02812499027777778 0.016874993750000032 0.08437496944444445
traffic light 0.12445308125000001 0.4031248583333333 0.010546872656249984 0.022499993055555556
traffic light 0.1392187015625 0.39749986111111113 0.008437496874999995 0.028124990277777723
traffic light 0.66761695390625 0.03937498611111111 0.023203117187499966 0.08437497083333334
traffic light 0.8163278390625001 0.18374993611111112 0.016874994531249854 0.06374997777777776
traffic light 0.8216012750000001 0.358124875 0.01054687109374992 0.0356249875
traffic light 0.6749997640625 0.4349998472222222 0.008437496875000061 0.014999997222222245
traffic light 0.5568748046875001 0.43687484722222225 0.009492182812499994 0.018749993055555574
traffic light 0.402890484375 0.3637498722222222 0.007382808593749957 0.024374990277777817
traffic light 0.4640623375 0.37499986944444447 0.01265624453125005 0.018749993055555574
traffic light 0.43347641171875007 0.42562485138888884 0.007382808593749957 0.014999994444444473
traffic light 0.4598435890625 0.4274998486111111 0.008437496875000061 0.013124997222222214
traffic light 0.436640471875 0.42937484861111114 0.00949218437499999 0.020624993055555527
traffic light 0.41027329453125 0.3637498722222222 0.007382810156250042 0.020624993055555603
traffic sign 0.13710932734375 0.3262498861111111 0.033749985937499984 0.020624993055555527
traffic sign 0.18035149921875 0.3956248611111111 0.014765620312499995 0.0393749861111111
traffic sign 0.71613256171875 0.08062497222222222 0.05167967031250002 0.06937497638888888
traffic sign 0.8374215812499999 0.30187489444444443 0.023203116406250147 0.058124979166666674
traffic sign 0.8469137664062499 0.27749990277777775 0.037968735937500143 0.02249999166666667
traffic sign 0.8216012750000001 0.26437490694444443 0.01582030624999984 0.020624993055555565
traffic sign 0.5547654296875 0.41437485555555553 0.012656246093750045 0.016874991666666655
traffic sign 0.51679669375 0.3956248611111111 0.025312491406250005 0.016874994444444427
traffic sign 0.37546861875 0.37312486944444445 0.017929681250000006 0.013124997222222214
traffic sign 0.33749988203125 0.38249986666666663 0.032695300781250006 0.014999994444444473
traffic light 0.3248436359375 0.44624984444444443 0.009492184375000035 0.014999994444444395
traffic light 0.31007801640625 0.4349998472222222 0.012656245312500003 0.018749997222222228
traffic sign 0.31007801640625 0.40499985833333335 0.014765619531249996 0.011249995833333375
traffic sign 0.7498825499999999 0.35437487638888887 0.015820307031250015 0.039374986111111135
car 0.26578115703125 0.4828123305555556 0.041132799218750016 0.071249975
car 0.42398422656249996 0.4603123388888889 0.009492185156250077 0.016874994444444427
car 0.41660141640625004 0.4584373388888889 0.011601558593750028 0.02999998888888887
car 0.402890484375 0.4678123347222222 0.009492182812499994 0.02249999166666667
car 0.3923436125 0.4678123347222222 0.01371093281250002 0.02624999027777777
car 0.46828108593750006 0.4584373388888889 0.012656246093749957 0.01499999583333336
car 0.47460920859375 0.4603123388888889 0.011601558593750028 0.020624993055555527
car 0.48093733203125 0.4546873402777778 0.013710932031249979 0.029999990277777756
truck 0.39922006484375 0.45158187361111113 0.018984369531250024 0.04124998333333328
car 0.559532509375 0.4797068638888889 0.03796873671875005 0.05062498333333336
car 0.21043106796875 0.47595686388888886 0.07277341171875 0.08812496805555554
car 0.59644655703125 0.4797068638888889 0.07066403750000001 0.06937497638888893
car 0.44879036015624996 0.45720687083333333 0.010546872656250006 0.018749997222222228
car 0.37496226093749996 0.46283186944444443 0.02425780390625003 0.0356249875
car 0.47515753906249997 0.4684568666666667 0.04640623515625002 0.03937498888888887
car 0.7351169304687499 0.4799998319444444 0.18773430937500005 0.17624993888888893
traffic sign 0.91230436796875 0.2887498972222222 0.02109374296874993 0.0674999763888889
car 0.3080392796875 0.4661747736111111 0.04679077656250001 0.055455736111111126
drivable area 0 0 0 0
lane 0 0 0 0
lane 0 0 0 0
lane 0 0 0 0
lane 0 0 0 0
lane 0 0 0 0
lane 0 0 0 0
lane 0 0 0 0
lane 0 0 0 0
lane 0 0 0 0