1 0.34147349609375 0.4038783083333333 0.015776496875 0.022437686111111157
1 0.3015063734375 0.4188367652777778 0.023138859375000022 0.024307484722222168
1 0.2699533796875 0.42506944583333334 0.02734592656250001 0.02430749305555556
1 0.16056967109375 0.44002790555555554 0.05258832109374998 0.029916911111111152
1 0.36461235937500003 0.4063713736111111 0.022087093749999998 0.03178671944444452
1 0.42351127968749996 0.4101109888888889 0.013672963281250006 0.014958449999999996
1 0.43928777500000005 0.40450156944444443 0.015776498437499953 0.024307491666666674
1 0.49818669531250004 0.4051248388888889 0.03470828984374998 0.029916913888888844
0 0.15636260546875 0.3658588972222222 0.023138863281249988 0.013088654166666677
0 0.40037241953124997 0.386426775 0.01262119453125008 0.02243767916666665
0 0.43823601015625 0.3452910152777778 0.009465896875000013 0.026177299999999962
0 0.47189253593749997 0.3452910152777778 0.008414128906250085 0.026177299999999962
0 0.5791727117187501 0.33656525694444445 0.08834838046874997 0.06793631666666665
1 0.63491633046875 0.4225763791666667 0.04627772187500003 0.057964015277777746
1 0.77795656796875 0.4188367652777778 0.03576005781250009 0.026177298611111077
0 0.19843326328125 0.2935596972222222 0.043122423437500015 0.05796401666666667
0 0.73798944453125 0.3085181513888889 0.03050122421874999 0.022437684722222233
0 0.60651863828125 0 0.03786359218750004 0.03926594722222222
