car 0.31666970078125 0.4710934263888889 0.02504881015625 0.037499974999999984
car 0.2496092171875 0.4609371930555555 0.07250971718749999 0.09687492083333338
traffic sign 0.21093735390625 0.20507798333333332 0.1305174890625 0.09609368472222223
traffic sign 0.39814425781249996 0.19101549305555557 0.12128897890625004 0.0937499333333333
traffic sign 0.5827144421875 0.15820301666666667 0.03032224609374996 0.028124980555555564
traffic sign 0.30322244765625 0.42070283333333336 0.010546867968750017 0.01171874444444438
drivable area 0 0 0 0
drivable area 0 0 0 0
drivable area 0 0 0 0
drivable area 0 0 0 0
lane 0 0 0 0
lane 0 0 0 0
lane 0 0 0 0
lane 0 0 0 0
lane 0 0 0 0
lane 0 0 0 0
lane 0 0 0 0