traffic sign 0.11121558281249999 0.37842530138888886 0.046638791406250005 0.07866144027777786
traffic sign 0.070556121875 0.5144883305555555 0.026309061718750006 0.036141744444444394
traffic sign 0.04903052578125 0.4847245458333333 0.01195866484375 0.021259847222222246
car 0.0107627984375 0.5314962111111111 0.06816438828125 0.06590552916666666
car 0 0.5314962111111111 0.0191338640625 0.06803151527777776
car 0.30494595078125003 0.5314962111111111 0.01674213046874997 0.0255118180555555
car 0.28342035390625 0.5378741652777778 0.02032972968750002 0.019133861111111056
car 0.25352369140625003 0.5336221944444445 0.017937996874999973 0.027637802777777724
car 0.22960636328125 0.5314962111111111 0.025113195312500024 0.034015758333333285
traffic light 0.43290366249999995 0.46984265 0.009566931250000011 0.019133863888888904
traffic light 0.3814814046875 0.5123623472222222 0.009566931250000011 0.017007877777777795
car 0.42931606484374996 0.5378741652777778 0.010762798437500009 0.012755909722222153
car 0.40659460078125004 0.5378741652777778 0.011958665625000009 0.014881893055555493
car 0.4723672578125 0.5251182555555556 0.013154531250000013 0.02763780138888884
car 0.48313005625 0.5229922708333333 0.011958664062500013 0.02976378749999995
car 0.49030525390625 0.5208662875 0.025113196093750022 0.03401575555555551
car 0.4424705953125 0.5229922708333333 0.023917328906250025 0.03614174166666662
car 0.39583180234375004 0.5357481791666667 0.013154531250000013 0.019133861111111056
car 0.41855326640625 0.5336221944444445 0.01076279843749992 0.021259848611111052
traffic sign 0.62424229921875 0.42732295416666666 0.016742131250000014 0.034015756944444475
traffic sign 0.89618236484375 0.3762993152777777 0.015546263281249927 0.029763788888888913
traffic sign 0.9786971507812501 0 0.01913386249999984 0.1190551486111111
car 0.8734609015625001 0.48685053194444444 0.035875993749999856 0.05102363472222227
car 0.83830239765625 0.48047257361111106 0.045442925781249956 0.0361417416666667
car 0.7713338734375 0.4932284833333333 0.0813189203124999 0.048897651388888935
car 0.73904548125 0.49535446666666666 0.043051192187500045 0.04464568472222226
car 0.6804480234375 0.4911025 0.06816438906249997 0.05314962083333338
car 0.6338092304687499 0.5017324236111111 0.045442927343750036 0.04889765138888886
person 0.8997699640624999 0.4762206027777778 0.03109252812500003 0.13818901527777783
traffic sign 0.91651209453125 0.45070878472222226 0.009566931250000011 0.021259848611111052
drivable area 0 0 0 0
drivable area 0 0 0 0
lane 0 0 0 0
lane 0 0 0 0
lane 0 0 0 0
lane 0 0 0 0
lane 0 0 0 0
lane 0 0 0 0
lane 0 0 0 0
lane 0 0 0 0
lane 0 0 0 0
lane 0 0 0 0
lane 0 0 0 0
lane 0 0 0 0
lane 0 0 0 0
lane 0 0 0 0