3 0.71648620625 0.4656973583333333 0.018921291406249985 0.11212616527777779
3 0.73540749765625 0.4634548347222222 0.020182710937500035 0.10764112361111115
2 0.24471536015625 0.45298971250000003 0.05802529140625001 0.22425233749999998
2 0.24976103671875 0.5568933194444444 0.050456774218750014 0.1681892472222222
1 0.38851716875000003 0.4858800680555555 0.01892129140624994 0.01569766250000002
1 0.38473291015625 0.5060627805555555 0.021444128906250005 0.03139532499999997
1 0.3607659421875 0.4769099736111111 0.02648980703124999 0.08521589027777776
1 0.25732955390625 0.47915249722222225 0.07063948515625 0.12558130694444444
1 0.27498942421875 0.4522422194444444 0.09460645156249999 0.13679392222222223
1 0.050456774999999995 0.5000827041666667 0.20182710078125 0.22051481805555548
1 0 0.5232554680555556 0.092083615625 0.27583036944444445
1 0.4881692984375 0.4993352097222222 0.010091356249999971 0.035880374999999985
1 0.49699923359375 0.4926076388888889 0.020182710937500035 0.06279065416666667
1 0.508352009375 0.4769099736111111 0.05928671015624998 0.10539859722222225
1 0.47429368515625 0.46793988194444447 0.01639845234374997 0.022425227777777775
1 0.38851716875000003 0.4754149486111111 0.11352774453124996 0.1704317736111111
1 0.53778514140625 0.4597172861111111 0.1627231 0.19509952777777775
