traffic sign 0.18049750390625 0.3320781 0.033974458593750013 0.0228536916666667
traffic sign 0.56156236796875 0.3712558527777778 0.021119257031249995 0.05550181944444448
traffic sign 0.77052498359375 0.33720852638888893 0.03948382968750001 0.034280533333333335
traffic sign 0.8641793554687499 0.029383315277777777 0.05968485781249999 0.10120919861111112
traffic light 0.47215315078125003 0.38035068333333333 0.005509372656250022 0.016324065277777796
traffic light 0.46848023593750004 0.37871827916666667 0.004591142968750006 0.01795647361111108
traffic light 0.4629708640625 0.37871827916666667 0.005509372656250022 0.019588877777777784
car 0.48849760781249996 0.46197100555555554 0.04774788593750001 0.07182588055555554
car 0.8920590710937499 0.4505441611111111 0.0909046296875001 0.06856106805555555
car 0.8158460984374999 0.43911731527777775 0.07162183046875015 0.03428053194444445
car 0.7478971828125001 0.44564694027777774 0.06519422968750002 0.047339781944444485
car 0.73136906796875 0.4505441611111111 0.02203748593750001 0.01958887361111113
car 0.61475403828125 0.45217656527777783 0.040402059374999945 0.04407497222222219
car 0.66433838203125 0.4538089722222222 0.07804943046875001 0.058766627777777816
car 0.73136906796875 0.46686822361111113 0.07896765781250004 0.07998791111111112
rider 0.8017972125 0.45935916944444444 0.04407497187500002 0.0750906958333333
motor 0.7832489835937501 0.492986725 0.0725400585937499 0.07182587916666666
person 0.42381349140625 0.4286256986111111 0.08539525937499999 0.2840387125
person 0.40728537890625 0.4694358569444444 0.09182285781250003 0.25302298750000013
traffic sign 0.861627790625 0 0.09666728984374995 0.04086281111111111
drivable area 0 0 0 0
lane 0 0 0 0
lane 0 0 0 0
lane 0 0 0 0
lane 0 0 0 0