0 0.5288430171875 0.5582808597222222 0.010546867968749929 0.035156224999999985
0 0.49720241328125 0.5676558527777777 0.009228507812500019 0.03515622777777776
0 0.46028837578125004 0.5606246069444445 0.007910150781250014 0.030468727777777756
0 0.43128448984374995 0.5653121041666667 0.010546867968750017 0.02578123194444441
0 0.6132179585937501 0.6200369583333333 0.009102808593749945 0.02027509444444446
0 0.0094097796875 0.5887495888888888 0.0250488109375 0.023437483333333377
0 0.25330609609375 0.47859341388888893 0.038232396093749975 0.023437483333333297
0 0.46951688515625 0.5676558527777777 0.026367170312499955 0.021093737499999952
0 0.58816914765625 0.6332808069444444 0.01054686718750002 0.016406238888888917
0 0.24935102109375 0.5676558527777777 0.014501942968749982 0.037499974999999984
1 0.12147024921875 0.6215620652777777 0.076464790625 0.0796874458333334
1 0.19002488984375 0.6285933125 0.04482418828125003 0.08906243888888889
1 0.22166549296875 0.5957808333333333 0.13710928046875 0.16406238750000005
1 0.539389884375 0.6496870458333334 0.03295896093750006 0.046874968055555556
1 0.565757053125 0.64499955 0.09096673437499998 0.10078118055555557
1 0.3244974546875 0.6051558263888889 0.20830063671874996 0.27421856111111104
1 0.64881363671875 0.5301558791666667 0.350683353125 0.3867184833333333
1 0 0.6707807819444445 0.0291851578125 0.02812498194444449
