car 0.0017206374999999999 0.29977339583333334 0.4175415156250001 0.5995467916666666
car 0.6212322929687499 0.40261110555555557 0.020647658593750062 0.026510573611111077
car 0.63385030703125 0.38629690972222225 0.03441276093749997 0.06117824444444445
car 0.7084112921875 0.38629690972222225 0.018353474218750065 0.03466767222222218
car 0.5776427953125001 0.40261110555555557 0.044736590624999996 0.04486404583333336
car 0.6671159765625 0.39037545972222226 0.04703077578124999 0.07137461666666667
drivable area 0 0 0 0
drivable area 0 0 0 0
drivable area 0 0 0 0
lane 0 0 0 0
lane 0 0 0 0
lane 0 0 0 0
lane 0 0 0 0
lane 0 0 0 0