traffic light 0.67913588125 0.34031225972222223 0.007910150781249925 0.023437483333333335
traffic light 0.66199722109375 0.3989059680555555 0.007910150781250014 0.01874998750000003
traffic light 0.68309095703125 0.40124971805555554 0.009228509375000016 0.023437483333333377
traffic sign 0.72396006953125 0.40124971805555554 0.013183584374999936 0.011718743055555573
traffic light 0.60398944921875 0.3239060208333333 0.007910150000000015 0.025781233333333337
person 0.94939936796875 0.4223434513888889 0.013183584375000024 0.053906212500000016
person 0.9309423499999999 0.41296845833333334 0.015820301562500028 0.060937456944444475
person 0.9032568210937499 0.41531220694444443 0.010546868750000016 0.0539062138888889
rider 0.6975929 0.44343718749999994 0.013183585156250021 0.032812477777777835
motor 0.6975929 0.4645309236111111 0.01186522656250002 0.028124981944444412
person 0.5354348078125 0.44109344027777775 0.009228510156250013 0.030468725000000065
car 0.60398944921875 0.4457809361111111 0.018457017187500036 0.037499976388888946
car 0.6264015429687501 0.4457809361111111 0.014501942968749936 0.03046872916666672
car 0.7358252960937499 0.42937469722222227 0.032958961718750054 0.07968744583333331
car 0.7503272390625 0.41765595555555557 0.06196284765625002 0.11249992361111115
truck 0.598716015625 0.41531220694444443 0.025048810156250045 0.03515622638888887
truck 0.5631203367187501 0.41999970416666665 0.025048810156249955 0.046874968055555556
car 0.68309095703125 0.43171844444444446 0.01713866015625003 0.03984372499999998
car 0.70418469296875 0.4457809361111111 0.015820301562500028 0.037499976388888946
car 0.6356300523437499 0.44109344027777775 0.026367170312500042 0.037499973611111174
car 0.57234884609375 0.44343718749999994 0.03955075390624998 0.05156246527777779
car 0.78328620078125 0.41999970416666665 0.11865226249999994 0.15703114027777773
car 0.2453959453125 0.45515593055555553 0.08701165937500002 0.13359365694444444
car 0.26648968125 0.4082809625 0.22148422265624998 0.26249981944444445
car 0.9441259335937501 0.4762496652777778 0.055371057031250004 0.26953106527777776
person 0.5234718132812499 0.4488448569444444 0.006823654687500014 0.025994876388888914
drivable area 0 0 0 0
lane 0 0 0 0
lane 0 0 0 0
lane 0 0 0 0