traffic sign 0.7223326140624999 0.3448653541666667 0.01949615703125005 0.019062906944444437
traffic sign 0.719408190625 0.36739424583333335 0.02047096406249995 0.024261886111111075
car 0.8139645515625 0.4679077652777778 0.18521348984375 0.4713737486111111
car 0.57611143671875 0.41938399722222225 0.14914560078125003 0.20449302361111113
car 0.4669329578125 0.4297819472222222 0.05751366406250007 0.0987805263888889
bus 0.0009748078125000001 0 0.322661396875 0.7833122611111111
traffic light 0.39187275390625 0.37952518749999997 0.006823654687500014 0.031193851388888937
traffic sign 0.372376596875 0.3847241625 0.01072288750000001 0.02426188611111115
car 0.3255858203125 0.4523108402777778 0.037042698437500035 0.06931966944444438
car 0.3694521734375 0.4540438305555556 0.03801750625000002 0.046790776388888844
car 0.40552006484375 0.4557768236111111 0.04386635156249996 0.05198975416666664
car 0.52249700546875 0.4644417819444444 0.028269427343750042 0.04159180000000002
bus 0.693088378125 0.3569962958333333 0.21153330312500004 0.22355593194444448
truck 0.866604175 0.25994875694444447 0.13289281484374998 0.3050065444444444
drivable area 0 0 0 0
drivable area 0 0 0 0
drivable area 0 0 0 0
lane 0 0 0 0
lane 0 0 0 0
lane 0 0 0 0
lane 0 0 0 0
lane 0 0 0 0
lane 0 0 0 0
lane 0 0 0 0
lane 0 0 0 0