traffic light 0.46045278593749994 0.44344369166666664 0.006034767187500023 0.017880794444444507
traffic light 0.39507613125 0.4470198513888889 0.005028973437500017 0.014304634722222273
traffic light 0.4725223203125 0.46311256388888883 0.0030173843750000095 0.014304637500000043
traffic sign 0.37496023984375004 0.4488079291666667 0.012069535937499997 0.012516556944444486
traffic sign 0.47051073203125 0.4470198513888889 0.013075330468749957 0.0125165555555556
traffic sign 0.5037019546875 0.4416556138888889 0.008046357812499938 0.016092715277777753
traffic sign 0.49565559921875 0.46132448611111115 0.008046357812500026 0.016092715277777753
traffic sign 0.5801423492187501 0.2771523069444444 0.04123758203124996 0.042913908333333355
traffic sign 0.63445526328125 0.4398675333333334 0.01005794531249995 0.03576158749999997
car 0.46548175937499997 0.4827814388888889 0.027156455468750007 0.02860927222222216
car 0.45140063359375004 0.47920528055555556 0.012069535937499954 0.028609270833333353
car 0.39809351484375 0.4756291208333333 0.022127482812499988 0.02860927222222224
car 0.3789834171875 0.4827814388888889 0.018104303906250018 0.02145695416666666
car 0.40815146328124996 0.4738410416666667 0.03520281328125004 0.051854304166666684
car 0.339757425 0.46668872638888886 0.03922599140625001 0.05721854027777782
car 0.3176299421875 0.47026488333333333 0.024139072656249993 0.035761587500000046
car 0.266334415625 0.46132448611111115 0.024139071874999994 0.04649006527777778
car 0.21000991328125 0.46132448611111115 0.059341885937500026 0.05900662222222219
car 0 0.3719205166666667 0.21302729609374998 0.21993376666666664
car 0.5720959921875 0.4863575958333333 0.027156456250000006 0.02860927222222224
car 0.60931039609375 0.48099336111111113 0.024139072656249993 0.030397349999999948
car 0.67971602265625 0.4827814388888889 0.02816224921875001 0.035761588888888855
car 0.85673588359375 0.45238408888888887 0.12471853984374999 0.11980131944444447
drivable area 0 0 0 0
drivable area 0 0 0 0
lane 0 0 0 0
lane 0 0 0 0
lane 0 0 0 0
lane 0 0 0 0
lane 0 0 0 0
lane 0 0 0 0
lane 0 0 0 0
lane 0 0 0 0
lane 0 0 0 0