0 0.42794064453124997 0.4471118638888889 0.006823654687500014 0.015596926388888871
1 0.56636335859375 0.46687467222222223 0.03630773203124997 0.04609087777777777
1 0.6034060570312499 0.4540438305555556 0.030219043750000018 0.07625163750000002
1 0.61705336640625 0.4471118638888889 0.03606789062500004 0.10224651388888885
1 0.6326502921875 0.44364588194444443 0.07895943515625001 0.12650839722222224
1 0.67944106875 0.42631596527777776 0.12282578828125006 0.19582806527777774
1 0.44256276171875 0.4679077652777778 0.05069000859375006 0.051989751388888866
1 0.265147734375 0.4921696486111111 0.06628693359375001 0.07451864444444449
1 0 0.5112325597222223 0.14524636875000002 0.1577022458333333
1 0.75255165625 0.26514773472222225 0.24694533359374998 0.48697067638888886
1 0.42996613124999994 0.4809371625 0.01713866015625003 0.03046872916666664
