traffic light 0.524887940625 0.1903123625 0.022954068749999924 0.0956312722222222
traffic light 0.6211281093750001 0.316874775 0.01054686718749993 0.03515622500000003
traffic light 0.94808101015625 0.2395310777777778 0.018457017968749944 0.06562495555555554
traffic sign 0.76746589921875 0.3848434777777778 0.015820301562500028 0.025781233333333296
traffic sign 0.76746589921875 0.41296845833333334 0.015820301562500028 0.03046872638888887
traffic sign 0.47083524375 0.2981247875 0.01851829453124996 0.048473558333333326
drivable area 0 0 0 0
lane 0 0 0 0
lane 0 0 0 0
lane 0 0 0 0
lane 0 0 0 0
lane 0 0 0 0
lane 0 0 0 0
lane 0 0 0 0