traffic sign 0.93326109375 0.21699610277777776 0.06603262656250006 0.02845850138888891
traffic sign 0.95727295703125 0.2490119222222222 0.026012853125000034 0.033794473611111146
traffic sign 0.23991852656249998 0.439328175 0.03201581796875001 0.04980238333333331
traffic sign 0.45502480624999997 0.49624518333333334 0.014006920312499994 0.02490119027777777
traffic sign 0.82120572890625 0.5051384680555556 0.0440217515625001 0.0640316375
car 0.45262364140625 0.5005139777777778 0.03201581796875006 0.03913044583333335
car 0.4356152390625 0.5094072597222222 0.027013346093750012 0.030237162500000005
car 0.40560040781250006 0.5040712902777778 0.03401680624999992 0.04802372638888891
car 0.27853762890625 0.5040712902777778 0.10004943281249998 0.10138342638888886
car 0.51065231171875 0.45782622083333335 0.0960474546875 0.1654150597222222
car 0.62971113671875 0.4489329361111111 0.0690341078125 0.1298419305555555
car 0.67273239296875 0.40980249166666666 0.15107464375000007 0.19743087916666668
person 0.06683300859374999 0.5104744388888889 0.0460227390625 0.15296446249999998
person 0.60509895625 0.47845861944444446 0.020009886718750015 0.0675889486111111
drivable area 0 0 0 0
lane 0 0 0 0
lane 0 0 0 0
lane 0 0 0 0
lane 0 0 0 0
lane 0 0 0 0
lane 0 0 0 0
lane 0 0 0 0
lane 0 0 0 0