traffic sign 0.61607855859375 0.3691272375 0.05166481562499996 0.03639282638888888
traffic sign 0.57708624453125 0.3379333875 0.03119385078125001 0.04159179999999998
car 0.61022971171875 0.42458297222222224 0.011697692968750052 0.008664959722222202
car 0.5868343242187499 0.4228499805555555 0.015596925000000006 0.017329918055555598
car 0.52737104375 0.4228499805555555 0.026319811718749975 0.031193852777777822
car 0.25052561640625004 0.43324793194444444 0.03705779999999996 0.03119384999999997
drivable area 0 0 0 0
drivable area 0 0 0 0
drivable area 0 0 0 0
lane 0 0 0 0
lane 0 0 0 0
lane 0 0 0 0
lane 0 0 0 0
lane 0 0 0 0
lane 0 0 0 0
lane 0 0 0 0
lane 0 0 0 0