0 0.6736727 0.46133130694444446 0.012292051562500017 0.021852534722222178
0 0.51524181640625 0.4710435458333333 0.010926267968749936 0.02185253611111114
0 0.5408502562499999 0.5212234430555556 0.012292051562500017 0.019424476388888855
0 0.6146025640625 0.5212234430555556 0.010926267968750025 0.021852538888888832
0 0.469829515625 0.47832772222222225 0.02731566874999993 0.012140295833333346
0 0.43978227890625005 0.5098924986111111 0.015023617968750003 0.01456835694444444
0 0.6938180054687499 0.47347160555555556 0.028681452343750014 0.014568354166666669
0 0.6255288304687501 0.5268889138888889 0.017755185156249985 0.012140295833333268
0 0.6569418515625001 0.5357918 0.012292051562500017 0.012140295833333268
0 0.6473813671875 0.5212234430555556 0.01365783437500001 0.019424476388888855
0 0.06146025546875 0.3706837555555556 0.024584103125 0.053417309722222146
1 0.52855820546875 0.5535975666666666 0.021852535156250054 0.029136715277777843
1 0.57362905859375 0.5600723944444445 0.015023617968750003 0.026708654166666672
1 0.58592111015625 0.5576443333333333 0.015023617968750003 0.02185253888888891
1 0.5941158109375 0.5649285152777778 0.015023617968750003 0.02185253749999995
1 0.59821316171875 0.5382198583333333 0.06419182343749999 0.08012596805555555
1 0.4042719078125 0.5511695083333333 0.03687615468750005 0.04370507222222228
1 0.37012732109375 0.5511695083333333 0.04370507109375001 0.05584536805555555
1 0.3195933328125 0.5463133916666667 0.06419182265624998 0.06555760694444446
1 0.255401509375 0.5414572708333334 0.09014171015625001 0.08255402638888888
1 0.05872868984375 0.44514425138888886 0.19530703671875 0.22597139722222223
1 0.5490449578125001 0.5519788680555555 0.023218317968749957 0.03156477222222228
1 0.43431914453125 0.515557975 0.11199424531250006 0.16996416666666664
1 0.63326827890625 0.42005429583333337 0.31822754921874996 0.43462265138888884
1 0.75309300703125 0.3059355 0.24584102578124992 0.3690650444444444
