0 0.60117166484375 0.23624991666666667 0.062226540625000035 0.03749998749999999
0 0.57269511171875 0.27374990416666667 0.09597652656249993 0.09187496944444445
0 0.37546861875 0.2512499111111111 0.19511711953125 0.13874995138888885
0 0.68976538359375 0.40687485833333337 0.023203117187500056 0.08437496944444445
0 0.3965623609375 0.45187484027777775 0.013710932031249979 0.04874998472222229
0 0.05167966953125001 0.07874997083333334 0.055898419531249986 0.09562497361111111
0 0.57796854609375 0.5462498 0.01160155859374994 0.03374998888888893
0 0.52101544375 0.5556247958333334 0.01371093124999998 0.026249991666666656
0 0.45351546562499995 0.5293748041666666 0.022148431250000034 0.033749990277777815
0 0.4155467296875 0.5256248069444445 0.015820305468750018 0.007499994444444427
0 0.4303123484375 0.5368748 0.014765620312499995 0.02249999166666667
0 0.4155467296875 0.5387498013888888 0.014765617187500002 0.018749993055555574
0 0.60131668046875 0.5441248083333333 0.02320311562500006 0.029999990277777756
0 0.32498865234375 0.5253748152777777 0.012656243750000008 0.026249988888888885
1 0.43980453359375 0.5908926541666666 0.012656243750000051 0.00937499722222223
1 0.4155467296875 0.5871426555555556 0.01898436796874998 0.014999991666666703
1 0.40394517109374994 0.5871426555555556 0.01054687109375001 0.013124993055555558
1 0.45562484140625 0.5740176583333333 0.023203116406249967 0.044999984722222226
1 0.37968736718749996 0.5833926527777777 0.023203117187500056 0.016874995833333312
1 0.358593625 0.5833926527777777 0.01898436953124998 0.02062499166666664
1 0.32062488828125 0.5815176541666667 0.026367177343749982 0.026249991666666736
1 0.5336716874999999 0.5852676555555556 0.02109374218750002 0.028124988888888838
1 0.4719934765625 0.5753318305555556 0.06644528750000003 0.09749996805555554
1 0.56691531875 0.5847068263888889 0.06749997421874995 0.07687497499999994
1 0.00054832890625 0.47033186666666665 0.3417186296875 0.3974998625
1 0.74039036640625 0.5793747972222222 0.03164061328125003 0.03937498888888887
1 0.7688669179687501 0.5718748 0.054843732031249905 0.048749981944444444
1 0.8216012750000001 0.5718748 0.031640614843749935 0.05437497916666661
1 0.8467296117187499 0.5692156583333333 0.07405060312499998 0.07257380972222217
1 0.9112865476562501 0.5692156583333333 0.0873417359374999 0.08101262499999994
