1 0.47870316484375 0.4831922875 0.015609883593749974 0.01632406111111114
1 0.48513076406250005 0.4978839430555556 0.013773430468749926 0.01795646944444442
1 0.55583436640625 0.466868225 0.03764737343749998 0.02938331249999998
1 0.5539979078124999 0.4831922875 0.045911428906250065 0.04897218888888896
1 0.53746979453125 0.4831922875 0.01836457031250003 0.04081015833333339
1 0.4401375640625 0.4946191333333333 0.011936971093749981 0.027750908333333355
1 0.432791734375 0.4897219138888889 0.010100516406249937 0.026118501388888878
1 0.41259070624999994 0.4831922875 0.024792172656250066 0.05060459722222224
1 0.29597567578125 0.48645710000000003 0.02203748671875001 0.04570737777777778
1 0.289548075 0.5044135694444445 0.011018742968750005 0.019588877777777784
1 0.2528189328125 0.4995163486111111 0.02020102890625002 0.031015723611111115
1 0.26567413281249996 0.5027811652777777 0.027546857031249993 0.032648126388888934
1 0.238127275 0.5142080083333334 0.011936970312500027 0.0179564694444445
1 0.17385127421875 0.5191052277777778 0.02203748671875001 0.026118502777777764
1 0.31158556171875 0.4766626611111111 0.04866611640624998 0.08162031944444448
1 0.0012243 0.39286580972222224 0.19558268828125 0.39504234027777774
1 0.19772521640625002 0.5065901125000001 0.038565601562499996 0.03917774999999995
1 0.35198762031249997 0.4853688305555555 0.07345828593749996 0.10120919583333338
0 0.35015116171875 0.4086457319444444 0.007345828124999976 0.02122128194444449
0 0.50074065 0.41082226666666666 0.006427599999999955 0.026118502777777764
0 0.344641790625 0.41136640277777775 0.005509373437499976 0.01632406388888891
1 0.631741265625 0.4570737861111111 0.09090463125 0.09794438333333338
1 0.6023579515625 0.4587061916666667 0.018364572656249932 0.03754534583333332
1 0.7795760695312499 0.44891175277777773 0.11294211406250013 0.09304716250000003
1 0.875990071875 0.43911731666666665 0.12304262968750006 0.1648730402777778
1 0.44436972265624997 0.48755078472222224 0.040657384375000036 0.055958551388888916
