traffic sign 0.83470218203125 0.16406238750000002 0.025048810156249955 0.09374993472222223
traffic sign 0.96126459375 0.07734369722222222 0.03295896171874997 0.10781242500000002
traffic sign 0.76746589921875 0.22734359305555557 0.01713866015625003 0.07031245277777778
traffic sign 0.70286633359375 0.2671873166666667 0.011865225781250021 0.06093745972222225
traffic light 0.43260284765624996 0.19687486527777776 0.015820303125000025 0.09609368333333335
traffic light 0.41546418828125004 0.19453111666666664 0.014501943749999935 0.07734369583333335
traffic light 0.18738817265625002 0.07031245138888889 0.018457019531250007 0.10781242777777776
traffic light 0.20320847421875002 0.08437494166666666 0.02636716953125 0.13593740694444445
car 0.8452490484374999 0.5671871097222223 0.042187471093749984 0.042187469444444445
car 0.870297859375 0.5367183805555555 0.12967910703124996 0.13359365694444444
car 0.7806494835937501 0.5718746055555555 0.05668941406250001 0.06093745833333336
car 0.5789406390625 0.5390621291666666 0.10678703593749991 0.0937499375
car 0.6910011078125 0.5578121166666666 0.02900388593750005 0.05156246250000002
car 0.342954471875 0.546093375 0.014501942968750025 0.02109373472222226
car 0.3231790953125 0.5437496263888889 0.022412094531249992 0.0351562236111111
car 0.31131386953125 0.5507808708333334 0.010546867187499975 0.016406238888888917
truck 0.2915384921875 0.5390621291666666 0.018457017968750034 0.025781233333333375
car 0.27835490703125 0.5437496263888889 0.010546867187499975 0.018749986111111148
car 0.257261171875 0.5390621291666666 0.010546867187499975 0.01874998750000003
car 0.24407758671875 0.5437496263888889 0.014501942968750025 0.023437483333333377
car 0.22166549375 0.5414058791666666 0.018457018749999988 0.02578123194444449
car 0.21243698359375 0.5390621291666666 0.01186522656250002 0.03046872916666664
car 0.197935040625 0.5437496263888889 0.011865226562499975 0.018749986111111148
car 0.15574756953125 0.5296871361111111 0.044824187500000015 0.04921871527777778
car 0.11619681562499999 0.5249996388888889 0.0382323953125 0.0796874458333334
truck 0.00018127109375 0.36796849722222225 0.1160155453125 0.2742185611111111
person 0.42469269687500005 0.5411842152777777 0.006591792968749921 0.0494403791666667
car 0.39964388671875 0.5390621291666666 0.029003885937499963 0.04921871666666667
drivable area 0 0 0 0
drivable area 0 0 0 0
drivable area 0 0 0 0
lane 0 0 0 0
lane 0 0 0 0
lane 0 0 0 0
lane 0 0 0 0
lane 0 0 0 0
lane 0 0 0 0
lane 0 0 0 0
lane 0 0 0 0
lane 0 0 0 0
lane 0 0 0 0
lane 0 0 0 0
lane 0 0 0 0
lane 0 0 0 0