traffic sign 0.67386244765625 0.3590622458333333 0.03164060390624997 0.021093736111111146
traffic sign 0.59476093984375 0.35203100277777777 0.03164060390625005 0.018749986111111106
traffic sign 0.6277199023437501 0.37312473611111113 0.08041986484374997 0.07968744861111109
traffic sign 0.55125511015625 0.36609349166666666 0.07382807421875004 0.08671869166666665
traffic sign 0.46160673515625 0.3614059958333333 0.08833001640624998 0.08437494027777777
traffic sign 0.47215360234375003 0.5043746458333334 0.015820301562499937 0.021093736111111146
traffic sign 0.44974150859375 0.5067183944444444 0.018457017187500036 0.021093736111111146
traffic sign 0.655405428125 0.49265590277777777 0.013183585156250021 0.028124983333333374
traffic sign 0.402280603125 0.3989059680555555 0.02241209375000004 0.05390621111111113
car 0.18475145625 0.5020308958333334 0.054052696874999986 0.07968744861111109
car 0.28890177499999997 0.5184371361111111 0.04746090390625 0.04453121944444444
car 0.34031775546875 0.5231246319444445 0.031640603125000014 0.03984372499999998
car 0.37591343359375 0.5301558791666667 0.02241209609374999 0.028124983333333298
car 0.40096224453125 0.5395308722222222 0.01713866015625003 0.02109373472222226
car 0.4141458296875 0.5301558791666667 0.02373045234374995 0.025781233333333296
car 0.46688016875000005 0.5371871236111111 0.021093735937499948 0.03046872916666672
car 0.48270046953124995 0.5371871236111111 0.021093735937500035 0.03046872916666672
car 0.57103048828125 0.5324996249999999 0.030322243749999967 0.04921871944444444
car 0.6567237875 0.5442183680555556 0.0527343390625 0.060937456944444475
car 0.5960792984375 0.5418746208333333 0.05800777265625001 0.07499994583333339
car 0.49852077109375 0.5043746458333334 0.08305658281249997 0.14062490694444443
car 0.70418469296875 0.49968714999999997 0.26103497734375003 0.2835935541666666
car 0.9467626507812501 0.5301558791666667 0.052734337499999916 0.17578112638888888
car 0 0.49499965277777774 0.26517132265625 0.37031224583333344
drivable area 0 0 0 0
drivable area 0 0 0 0
drivable area 0 0 0 0
lane 0 0 0 0
lane 0 0 0 0
lane 0 0 0 0
lane 0 0 0 0
lane 0 0 0 0
lane 0 0 0 0