car 0.31583774062500003 0.6042364555555556 0.04776558515625 0.02772786944444445
car 0.4220917953125 0.5955714958333334 0.060438085937499955 0.04332479305555555
car 0.48740392421875 0.6007704722222222 0.03411827421874998 0.048523776388888884
car 0.5156733515624999 0.5973044888888889 0.027294620312500052 0.0554557388888889
car 0.53321989140625 0.5938385055555555 0.07993424375 0.06412069444444445
car 0.59333306171875 0.5938385055555555 0.11697694375000003 0.07278565416666673
car 0.6869146140625 0.5886395319444445 0.07700982265624993 0.05271041805555557
car 0.71128481171875 0.569576623611111 0.17059137343750005 0.11957642500000003
car 0.83544269921875 0.5704639041666667 0.16341042734374991 0.13255308333333332
car 0.14145563984375 0.5834034305555555 0.017088600781250008 0.023628683333333338
car 0.0003899234375 0.6107062972222222 0.03801750390625 0.08491659583333333
car 0.9648648234375001 0.6413499500000001 0.03411827187499998 0.06293789861111104
car 0.079746803125 0.5715890888888889 0.031329100781249994 0.03713078611111106
car 0.04620589296875 0.5968423652777778 0.03216865625 0.036392822222222225
car 0.17780495000000002 0.5916433888888889 0.030106357031249975 0.029460861111111094
car 0.20022553203125 0.6059069277777778 0.07408539765625002 0.10704588194444437
traffic sign 0.20314995468750002 0.5732736680555556 0.029244235937499984 0.015755629166666632
traffic sign 0.2557895796875 0.5368808444444445 0.04191673828124998 0.04505778055555554
traffic sign 0.27528573515625 0.5559437472222222 0.038017503906249986 0.022528894444444426
traffic sign 0.40298556249999995 0.5195509236111111 0.023395389062500004 0.03292684444444447
traffic light 0.07025313671875 0.5607592652777778 0.01329113515625 0.015189866666666694
drivable area 0 0 0 0
lane 0 0 0 0