car 0.42469269687500005 0.3384372666666667 0.015820302343749936 0.02343748194444445
car 0.38909701874999997 0.3328122708333333 0.018457018750000033 0.035156226388888906
car 0.3811868671875 0.3304685236111111 0.011865225781249978 0.05156246527777779
car 0.361411490625 0.31640603194444444 0.02504881015625 0.0749999472222222
car 0.25198773750000003 0.2835935555555556 0.10810539453125001 0.1453124
car 0.004136346875 0.3046872902777778 0.23598616406249998 0.2648435680555555
car 0.45105986640625 0.34218726666666666 0.014501943750000024 0.018749986111111106
car 0.465561809375 0.31640603194444444 0.029003886718749962 0.04453121805555556
car 0.48270046953124995 0.3328122708333333 0.01713866015625003 0.046874969444444484
car 0.49456569609375 0.3070310388888889 0.05405269687500001 0.09843743194444446
car 0.5459816765625 0.3046872902777778 0.15292958203125 0.16640613611111113
car 0.701547975 0.3140622847222222 0.29663065703124997 0.4265622041666667
drivable area 0 0 0 0