0 0.4774270359375 0.3426560069444444 0.010546867968749929 0.03046872916666668
0 0.5749855625 0.30515603333333335 0.010546867968749929 0.03281247777777779
0 0.4642434515625 0.3871872263888889 0.01318358593750002 0.02343748749999995
0 0.6857276742187499 0.38015598194444444 0.013183584375000024 0.03046872916666664
0 0.66990737265625 0.3426560069444444 0.022412093749999952 0.021093736111111108
0 0.68309095703125 0.3215622722222222 0.014501944531250022 0.014062490277777803
1 0.54466331796875 0.4246872013888889 0.010546867968750017 0.02578123472222218
1 0.5354348085937499 0.41999970416666665 0.015820301562500028 0.03515622638888887
1 0.6778175234375 0.40124971666666664 0.04877926328125 0.11015617500000004
1 0.70418469296875 0.38953097500000006 0.08701165859374997 0.14765614861111104
1 0.5934425812499999 0.4340621944444445 0.006591790625000015 0.018749987499999954
1 0.59871601484375 0.42937469722222227 0.01186522656250002 0.03046872638888887
1 0.5143410734375 0.4246872013888889 0.026367168749999958 0.046874968055555556
1 0.55652854375 0.41999970416666665 0.038232396093749975 0.06093746111111113
1 0.75296395625 0.3590622458333333 0.23334944843750005 0.24609358055555558
