truck 0 0.41438064305555555 0.0994959015625 0.1753776305555556
car 0 0.5836404416666666 0.19241036015625 0.2528700763888888
bus 0.4037764109375 0.3850150805555555 0.09291445781250003 0.11012084166666669
traffic light 0.67973398984375 0.3527945388888889 0.01261801328124994 0.03058912222222219
traffic light 0.6349973984374999 0.3874622125 0.009176736718750078 0.014274923611111094
traffic light 0.5615835062500001 0.3874622125 0.011470921093749985 0.01835347361111109
traffic light 0.51569982265625 0.37522656527777776 0.01261801328125003 0.01835347222222228
traffic sign 0.7612867734375001 0.2848187138888889 0.07685516874999995 0.0469033222222222
traffic sign 0.6454304734375 0.39086100555555553 0.00917673671874999 0.016314197222222285
car 0.61140007578125 0.42212988333333334 0.013765105468749983 0.02447129861111108
car 0.5620751171875 0.42416915833333335 0.013765105468749983 0.022432023611111084
car 0.626967753125 0.42212988333333334 0.01950056562500002 0.026510573611111077
car 0.6599603015625 0.4309667444444445 0.013765105468749983 0.0224320222222222
car 0.67601959140625 0.4309667444444445 0.02523602578124997 0.036706945833333296
car 0.68519632734375 0.4370845666666667 0.027530210937500056 0.036706945833333296
car 0.58884059296875 0.4350452916666667 0.01835347343749998 0.030589120833333303
car 0.62095917109375 0.4370845666666667 0.02294184218750006 0.034667670833333296
car 0.51886797578125 0.4268881944444445 0.05620751249999998 0.08768881666666664
car 0.432836071875 0.4248489180555555 0.06767843124999998 0.09584591666666671
traffic sign 0.7428240539062501 0.3988238902777778 0.01605928984374998 0.01631419722222221
traffic sign 0.74052986953125 0.41513808750000003 0.011470921093749985 0.020392748611111088
traffic light 0.7152938437499999 0.41280748888888885 0.011470920312500077 0.022432022222222278
drivable area 0 0 0 0
drivable area 0 0 0 0
drivable area 0 0 0 0
drivable area 0 0 0 0
drivable area 0 0 0 0
lane 0 0 0 0
lane 0 0 0 0
lane 0 0 0 0
lane 0 0 0 0
lane 0 0 0 0
lane 0 0 0 0
lane 0 0 0 0
lane 0 0 0 0
lane 0 0 0 0
lane 0 0 0 0
lane 0 0 0 0
lane 0 0 0 0
lane 0 0 0 0
lane 0 0 0 0
lane 0 0 0 0
lane 0 0 0 0