traffic light 0.6987443812499999 0.3839708722222222 0.010296608593750011 0.03203389166666671
traffic light 0.73564056171875 0.3900725652777777 0.011154659374999997 0.021355929166666718
traffic light 0.71590539609375 0.42058103611111114 0.006864404687499981 0.012203386111111077
traffic light 0.747653271875 0.4190556111111111 0.00858050703125004 0.012203386111111157
traffic light 0.5031088265625 0.43583526805555556 0.008580507812500037 0.015254233333333329
traffic light 0.89614812890625 0.4338304263888889 0.013728810156250049 0.015254234722222215
traffic light 0.77859518515625 0.4262033111111111 0.01287076093749997 0.013728811111111128
car 0.600358396875 0.4438982222222222 0.048908889062500016 0.070169475
car 0.5763329765625 0.45305076111111114 0.022309318749999994 0.04118643333333331
car 0.5205596820312499 0.44542364305555554 0.06177964843750008 0.06711862916666671
car 0.50082451640625 0.47745753611111114 0.03603812812499996 0.04118643333333331
car 0.46993469218749995 0.4789829597222222 0.032605925000000015 0.06406778333333334
car 0.41072919375000005 0.4545761861111111 0.06778600390624998 0.0823728652777778
car 0.16618474765625 0.4271185638888889 0.26084740859375005 0.28372875555555555
car 0.00640194375 0.3874575541666667 0.28162600234375 0.28677960694444443
car 0.64382913828125 0.4421548847222222 0.02402541953124997 0.050338973611111094
car 0.74851132109375 0.4436803097222222 0.018019064843750064 0.028983048611111114
car 0.7656723359375001 0.44520573333333335 0.024883471093749953 0.054915244444444435
car 0.78454945078125 0.4162226875 0.05062499062499999 0.09762710000000002
car 0.7939880085937501 0.43147692083333333 0.09266947421874994 0.1250847208333333
car 0.64382913828125 0.43169484444444445 0.12613345078124993 0.2089830097222222
drivable area 0 0 0 0
lane 0 0 0 0
lane 0 0 0 0
lane 0 0 0 0