traffic sign 0.40693389843750005 0.042607943055555556 0.049195354687500005 0.0852158875
traffic sign 0.38927402890625 0.14800654027777777 0.08703793671874997 0.0650331763888889
traffic sign 0.41071815703125003 0.21976728750000002 0.054241032812500034 0.0358803736111111
traffic sign 0.4409922234375 0.39019906111111113 0.044149678124999966 0.015697662499999945
traffic sign 0.25354529453125 0.5068102722222222 0.012614193749999992 0.02018270972222227
traffic light 0.21444129453125 0.10091355 0.02775122578125 0.10091354861111108
traffic light 0.43771252421874995 0.28031541666666665 0.017659871093750022 0.08745841111111106
traffic light 0.44780387890625006 0.41262429444444443 0.0214441296875 0.0358803736111111
traffic light 0.65114469921875 0.23546495 0.020182708593750043 0.0874584111111111
traffic light 0.6713274078125 0.37898644444444446 0.01639845312499997 0.033637847222222204
car 0.09586787265624999 0.5471756944444445 0.05802529140625 0.06727570000000004
car 0.170291615625 0.5292355083333333 0.01639845312500001 0.015697662499999945
car 0.18391494375 0.5494182180555556 0.01892129062500001 0.04485046805555552
car 0.23311030000000002 0.5449331694444445 0.022705548437499966 0.0493355125
car 0.25455442890625 0.5449331694444445 0.0214441296875 0.0448504680555556
car 0.335032984375 0.5449331694444445 0.01009135468750002 0.029152805555555578
car 0.195520003125 0.5426906472222222 0.04414967968750001 0.06054813055555562
bus 0.28104424140625 0.5045677513888889 0.05928671015625002 0.08745840972222223
car 0 0.5247504611111111 0.10974348593750001 0.1233387861111111
car 0.8353119265625001 0.27583037083333334 0.16398451953124998 0.3117107430555556
drivable area 0 0 0 0
lane 0 0 0 0
lane 0 0 0 0
lane 0 0 0 0
lane 0 0 0 0
lane 0 0 0 0
lane 0 0 0 0
lane 0 0 0 0
lane 0 0 0 0