0 0.20704932734375 0.012755909722222222 0.03946359218749999 0.16370083055555557
1 0.12197838125 0.4788780875 0.052618125 0.05314962083333338
1 0.049030525000000005 0.47675209999999996 0.08012305390625 0.06377954722222227
1 0.18655516875 0.487382025 0.029896664062499977 0.027637800000000032
1 0.26452566875 0.49620488194444445 0.015546264843750013 0.01488189305555557
1 0.243000071875 0.4919529097222222 0.016742132031249968 0.01700787916666668
1 0.2274538078125 0.49407889444444447 0.01315453203125001 0.01913385972222225
1 0.30135835078125 0.48770094444444445 0.03348426249999999 0.03614174027777782
1 0.3324508796875 0.48132298749999997 0.027504928124999984 0.042519697222222264
1 0.37669793984375 0.5047088222222222 0.017937996875000018 0.01488189305555557
1 0.49867631953125 0.4983308638888889 0.03228839296874995 0.04464568055555552
1 0.4855217875 0.5004568500000001 0.011958665625000009 0.021259850000000018
1 0.473563121875 0.5004568500000001 0.010762798437500009 0.012755909722222233
1 0.45610348359374997 0.4762206055555555 0.007175199218750006 0.017007877777777795
1 0.52331117578125 0.4996064361111111 0.017937996875000018 0.0361417416666667
1 0.53526984140625 0.4996064361111111 0.02511319687500002 0.03826772777777781
1 0.5436409062500001 0.5059843916666666 0.019133863281250017 0.038267729166666695
1 0.5591871703125 0.5017324236111111 0.025113196093749936 0.04677166527777775
1 0.57234170234375 0.48897651388888885 0.05261812343749996 0.06377954444444443
1 0.59027969921875 0.4996064361111111 0.055966535937500075 0.06803151527777776
1 0.6342875703125 0.4996064361111111 0.0861023859375 0.09779530277777779
