traffic sign 0.45467021250000006 0.38377392222222223 0.02722290234374993 0.04075475277777774
traffic sign 0.25981154609375 0.3973588486111111 0.02435733281250001 0.03056606527777777
traffic sign 0.0234021359375 0.3999060208333334 0.04155074609375 0.035660408333333275
traffic sign 0.06781844921875 0.41009470694444444 0.04298353046875001 0.02292454999999999
traffic sign 0.1480543703125 0.41009470694444444 0.038685176562500014 0.030566066666666655
traffic sign 0.1853067640625 0.4126418805555555 0.03581960781250002 0.03056606527777777
car 0.31712291875 0.4432079458333333 0.04298352890625003 0.05094344166666668
car 0.29419836875 0.4576419138888889 0.02292454921874998 0.03820758194444444
drivable area 0 0 0 0
drivable area 0 0 0 0
lane 0 0 0 0
lane 0 0 0 0
lane 0 0 0 0
lane 0 0 0 0
lane 0 0 0 0