traffic light 0.51445126484375 0.31267567777777777 0.018987332812500046 0.04725736527777779
traffic light 0.28850198984375003 0.36330856805555556 0.010443033593749984 0.02531644583333327
traffic light 0 0.1810301611111111 0.006540078906250001 0.018565390277777795
traffic light 0.11761598203125001 0.3970638291666667 0.01044303515624998 0.023628681944444452
traffic light 0.68343853828125 0.3818739611111111 0.018037967968750034 0.023628684722222223
traffic light 0.61698286953125 0.35486975555555555 0.012341767187499996 0.021940915277777744
traffic light 0.66919803828125 0.3396798861111111 0.02468353203125 0.03713078611111109
traffic light 0.7584385078125 0.33799212361111114 0.03132910078125004 0.04556960138888889
traffic light 0.47837533125 0.03925806666666667 0.019936700781249962 0.04725736527777778
traffic light 0.3758437265625 0.42575580277777775 0.007594935156250005 0.015189866666666694
traffic light 0.34071715859374996 0.4409456680555556 0.005696201562500036 0.013502104166666681
traffic light 0.36635006015625 0.4426334305555556 0.01044303359375003 0.011814341666666669
traffic light 0.35305892578125003 0.4409456680555556 0.004746833593749988 0.015189869444444466
traffic sign 0.753691675 0.3008613361111111 0.055063268750000026 0.02531644583333335
traffic sign 0.7309068734374999 0.43757014166666663 0.0379746671875 0.11308012361111111
traffic sign 0.580906934375 0.3498064638888889 0.014240499218750013 0.01856539305555553
car 0.37215174765625003 0.45485213611111114 0.01044303515624998 0.015189870833333351
car 0.3778479484375 0.45485213611111114 0.011392399999999992 0.023628684722222223
car 0.38259478203124997 0.4565399 0.014240499218750013 0.03037973055555554
car 0.390189715625 0.46666647777777776 0.01424049921874997 0.02531644583333335
car 0.39683528203125 0.4698663486111111 0.016139234375000023 0.023804337500000057
car 0.41477140078124997 0.46666647777777776 0.02478538281250007 0.03507870833333331
car 0.42911374999999996 0.46160318888888885 0.022784802343750066 0.052320654166666716
car 0.44335425078124996 0.46666647777777776 0.032278467968750044 0.05738394305555556
car 0.44999981796875 0.4717297666666667 0.038924033593750004 0.060759469444444394
car 0.3341770796875 0.46160318888888885 0.007594933593750008 0.018565390277777837
car 0.32373404609375 0.45485213611111114 0.012341767187499996 0.032067497222222206
car 0.31234164531249997 0.4649787152777778 0.016139235937500017 0.02531644305555558
car 0.28765811171875 0.46160318888888885 0.028481002343750016 0.028691970833333375
car 0.22228234375000003 0.4610968597222222 0.08164553671875 0.09620249027777782
car 0.34616259765625 0.45877805694444446 0.024948655468750004 0.03187883750000001
car 0.001559290625 0.4282852555555556 0.17230165390625002 0.257802775
car 0.4670076484375 0.4809546402777778 0.05379553828125001 0.07207389305555552
drivable area 0 0 0 0
lane 0 0 0 0
lane 0 0 0 0