0 0.38457524374999996 0.3765025777777778 0.01287077187500003 0.027041622222222214
0 0.4407386125 0.4014640736111111 0.012870771093749945 0.027041622222222214
0 0.39861608515625 0.3785827027777778 0.03159189531249997 0.02080124722222223
0 0.44190868203125 0.3702622055555556 0.03978238593750003 0.03328199444444443
0 0.59518787265625 0.4389063194444444 0.02223133359375007 0.016640997222222294
0 0.491051628125 0.4888293138888889 0.0070204210937500735 0.0166409986111111
0 0.46999036484375 0.48674919027777774 0.004680281250000018 0.01664099861111118
0 0.45243931406250004 0.48674919027777774 0.008190491406249922 0.01664099861111118
1 0.48754141874999996 0.5158709361111111 0.010530632031250065 0.014560872222222245
1 0.47935092656249995 0.5158709361111111 0.01287077187500003 0.012480748611111083
1 0.46648015546875 0.5158709361111111 0.012870771093749945 0.012480748611111083
1 0.44892910312499995 0.5075504375 0.016380982031250026 0.020801248611111114
1 0.4840312078125 0.5096305611111112 0.0269116140625 0.0395223708333333
1 0.42552770000000006 0.5158709361111111 0.0421225265625 0.06240374166666669
1 0.34011257734375 0.5033901888888889 0.057333438281249996 0.07488448888888889
1 0.4840312078125 0.4992299375 0.06903413984375 0.12688761111111113
3 0.5425347171875 0.5117106861111111 0.011700701562500004 0.04784286944444444
1 0.196193946875 0.5117106861111111 0.10530631484375001 0.11232673472222222
1 0 0.5013100625 0.29799005078124996 0.49714981250000007
3 0.64199068046875 0.4950696888888889 0.010530632031249976 0.07072424166666665
0 0.78122903046875 0.48674919027777774 0.016380982031250026 0.03952236944444449
1 0.3073506125 0.4909094388888889 0.01989119374999997 0.031201870833333346
1 0.2160851390625 0.4763485666666667 0.02457147343749999 0.024961497222222167
0 0.8795149242187501 0.5158709361111111 0.017551052343749873 0.024961498611111133
1 0.39978615624999997 0.4992299375 0.028081684375000027 0.024961498611111133
