traffic light 0.55189527734375 0.41810507361111116 0.0046802804687499314 0.020801245833333266
traffic light 0.52966394453125 0.4118646986111111 0.00468028046875002 0.020801245833333346
car 0.5413646453125 0.45346719305555555 0.018721123437499987 0.02288137361111116
car 0.50743261171875 0.4451466944444445 0.02106126328125004 0.027041622222222214
car 0.48286113671875003 0.45346719305555555 0.021061263281249954 0.024961498611111133
car 0.45126924296875004 0.45346719305555555 0.029251753906249966 0.03952237222222226
car 0.41382699765625003 0.4368261958333333 0.03978238593749994 0.06240374305555558
car 0.3798949625 0.43266594444444445 0.04329259609374998 0.0998459888888889
car 0.31320096406250003 0.4264255722222222 0.06903413984375 0.12688760694444445
car 0.1564115609375 0.4160249472222222 0.17434045703124998 0.17473047777777778
car 0 0.34946095555555556 0.0709964390625 0.36610195416666663
car 0.56125583828125 0.44306656944444445 0.022231334374999977 0.043682618055555546
car 0.5834871726562499 0.4160249472222222 0.06084364843750008 0.09152548749999999
car 0.5986980843749999 0.4368261958333333 0.08658519296875004 0.12064723472222225
car 0.65018117109375 0.43266594444444445 0.06084364921874998 0.1726503555555556
car 0.68528327578125 0.33281995833333333 0.31357880546875005 0.42642557222222227
drivable area 0 0 0 0
lane 0 0 0 0