traffic light 0.38407429140625 0.2755456847222222 0.007798462500000003 0.02426188333333334
traffic light 0.52152219765625 0.23222089166666665 0.008773270312499993 0.034659834722222234
traffic light 0.48545430703125003 0.24955080833333332 0.012672502343749947 0.039858809722222215
traffic light 0.8315110921875 0.31193851111111115 0.012672502343749947 0.02079590000000001
traffic sign 0.723307421875 0.1282413875 0.022420580468750017 0.01386393611111111
traffic sign 0.719408190625 0.13517335416666668 0.018521347656249975 0.01386393611111111
traffic sign 0.71550895859375 0.17156618055555556 0.011697694531250047 0.020795901388888892
traffic sign 0.71258453515625 0.19582806527777777 0.016571733593749992 0.032926843055555544
traffic sign 0.71160972734375 0.2287549083333333 0.01949615703124996 0.038125818055555566
traffic sign 0.71355934296875 0.2668807263888889 0.016571733593749992 0.04852376805555557
traffic sign 0.92996668515625 0.246084825 0.025345003906249986 0.019062909722222247
traffic sign 0.25734927109375 0.22528892499999997 0.023395388281250006 0.04852376805555557
traffic light 0.73695473125 0.28421064305555555 0.011697694531250047 0.024261884722222227
traffic light 0.75060204140625 0.28594363472222223 0.013647309374999939 0.024261884722222227
person 0.85100724921875 0.33446740277777776 0.011697694531249959 0.05545573750000001
person 0.8363851320312501 0.33446740277777776 0.009748078124999893 0.05372274583333336
car 0.37725063671875 0.3569962958333333 0.010722885937500015 0.017329916666666712
car 0.34313236171875 0.36219527083333336 0.037042698437499987 0.05545573472222224
car 0.11112809453125001 0.34139936944444443 0.018521349218749993 0.038125818055555524
car 0 0.3587292875 0.03314346640625 0.029460859722222288
car 0.5010512328125001 0.32233646111111114 0.07018616484374993 0.0970475361111111
car 0.0828586671875 0.3639282625 0.016571732031249998 0.01906290833333336
car 0.06433731796875 0.3691272375 0.010722885937500004 0.015596924999999985
car 0.23980273046875 0.3552633041666667 0.11892655703125002 0.13517335416666668
car 0.3538552484375 0.33100141944444444 0.193011953125 0.2755456847222222
car 0.6307006765625001 0.32406945277777777 0.12769982734375002 0.14037232916666664
car 0.9231430296875001 0.37605920416666666 0.07603501328124995 0.15596925555555557
car 0.58001066796875 0.3379333861111111 0.05751366328125007 0.05892171944444446
traffic light 0.4191673734375 0.3084725277777778 0.011697694531250047 0.02079590000000001
car 0.46595814999999996 0.32060346944444446 0.01852134921875006 0.017329916666666674
drivable area 0 0 0 0
drivable area 0 0 0 0
drivable area 0 0 0 0
lane 0 0 0 0
lane 0 0 0 0
lane 0 0 0 0
lane 0 0 0 0
lane 0 0 0 0
lane 0 0 0 0
lane 0 0 0 0
lane 0 0 0 0
lane 0 0 0 0
lane 0 0 0 0
lane 0 0 0 0