traffic sign 0.2810442421875 0.4103817708333333 0.016398450781250018 0.02915280138888892
traffic sign 0.2974426921875 0.4126242930555556 0.045411097656249975 0.029152804166666692
traffic sign 0.30122695 0.3588037333333333 0.03279690390624999 0.042607944444444476
traffic sign 0.3466380484375 0.3588037333333333 0.04667251953124998 0.040365423611111124
traffic sign 0.4145024140625 0.3453485958333333 0.05045677499999997 0.0381228958333333
traffic sign 0.46495918906249994 0.34310607083333333 0.045411095312500024 0.04260794166666666
traffic sign 0.42837802890625004 0.39692663194444444 0.022705548437499966 0.02242523333333332
traffic sign 0.40314964062499997 0.3924415833333333 0.02522838828125007 0.026910279166666683
traffic sign 0.5194525234375 0.38571401527777777 0.017659871093750022 0.01794018611111115
traffic sign 0.5762163945312501 0.38347149027777777 0.0075685140624999645 0.022425231944444433
bus 0.34310607109375 0.4238369125 0.03153548515625002 0.035880372222222214
car 0.35748626171875003 0.4372920513888889 0.02648980624999999 0.02915280138888884
car 0.40163594140625003 0.4283219555555556 0.012614194531249989 0.02691028055555549
car 0.28810819765625 0.4507471902777778 0.05676387187499996 0.07400327083333333
car 0.36379336171875 0.4350495277777778 0.04541109531249998 0.06279065416666667
car 0.40542019921875 0.42607943333333337 0.0277512265625 0.04709298749999999
car 0.4672297484375 0.4148668180555556 0.07820800078124997 0.10091355277777778
car 0.16196624921875 0.45747476249999997 0.13371045312500002 0.16370420138888891
car 0.57418033515625 0.3843685013888889 0.04441972109375003 0.07059225416666672
drivable area 0 0 0 0
drivable area 0 0 0 0
drivable area 0 0 0 0
drivable area 0 0 0 0
lane 0 0 0 0
lane 0 0 0 0
lane 0 0 0 0
lane 0 0 0 0
lane 0 0 0 0
lane 0 0 0 0
lane 0 0 0 0
lane 0 0 0 0
lane 0 0 0 0