car 0.00019724374999999998 0.41554664999999996 0.1366874265625 0.27771413333333334
car 0.09674630234375 0.4078323680555555 0.16163830390625003 0.1658570527777778
car 0.358188121875 0.3750466708333334 0.040138371875 0.05399996805555555
car 0.38856310703124997 0.3731181013888889 0.026035698437499998 0.04628568472222223
car 0.405920240625 0.3673323916666667 0.02495087890625003 0.0366428347222222
car 0.42436219375000006 0.35961810972222225 0.029290164843749977 0.03085712361111111
car 0.45148271640625 0.3673323916666667 0.01627231250000003 0.019285697222222196
car 0.49596036874999994 0.33647526527777777 0.0173571328125 0.0366428388888889
car 0.5089782203125 0.31333242083333335 0.09654905468750004 0.1253570777777778
car 0.29743815546875 0.3789038125 0.07376781796874998 0.08099995555555559
traffic sign 0.3863934640625 0.31911813055555555 0.007593746874999985 0.019285702777777778
traffic sign 0.45582199843750004 0.2882610013888889 0.007593744531249946 0.017357131944444423
person 0.4553955546875 0.35320240555555554 0.013765104687500074 0.036706947222222217
traffic light 0.5281212015625 0.20596675694444444 0.01261801250000003 0.024471297222222237
drivable area 0 0 0 0