car 0.13930991484375 0.5835436402777778 0.03414458671875 0.03156477361111109
car 0.1775518515625 0.5762594638888889 0.03960772187499999 0.038848952777777786
car 0.266327778125 0.5641191666666666 0.010926267968749981 0.019424473611111163
car 0.3223249 0.54712275 0.0382419375 0.05584536805555555
car 0.35373791953125 0.5446946916666667 0.04097350468749998 0.07769790277777773
car 0.6296261828125 0.5034176777777778 0.030047235937500007 0.0364208930555555
car 0.308667065625 0.5542045833333333 0.010926267187500028 0.021852536111111064
traffic light 0.3906140734375 0.520414088888889 0.008194700781249998 0.01942447777777774
traffic sign 0.21989113984375003 0.5082737875000001 0.02594988671874998 0.048561190277777735
car 0.00054631328125 0.4574464111111111 0.200770171875 0.5341730916666667
car 0.34199218125 0.4623025277777778 0.33598273437500004 0.4831838430555555
drivable area 0 0 0 0
drivable area 0 0 0 0
drivable area 0 0 0 0
lane 0 0 0 0
lane 0 0 0 0
lane 0 0 0 0
lane 0 0 0 0