0 0.23102945859375001 0.23915285833333333 0.028269427343749997 0.057188727777777774
0 0.78522753125 0.17333835833333333 0.20647657343749995 0.2712235486111111
0 0 0.15077028055555555 0.09163193828125 0.20102704027777776
0 0.581960284375 0.43498092499999996 0.018521347656249975 0.024261881944444497
0 0.69601280234375 0.42458297222222224 0.03801750468750002 0.03639282638888888
0 0.6550708734375 0.3985880972222222 0.01949615703124996 0.031193851388888857
0 0.52932066015625 0.4401798986111111 0.01949615703125005 0.02252889305555554
1 0.540043546875 0.4471118652777778 0.03314346640625008 0.022528891666666655
1 0.59170836171875 0.4557768236111111 0.02924423515625003 0.01386393611111111
1 0.61802817421875 0.4540438305555556 0.026319811718749975 0.015596926388888871
1 0.66481895078125 0.4540438305555556 0.012672502343750036 0.01386393611111111
1 0.73597992265625 0.4505778486111111 0.009748079687499977 0.02252889305555562
1 0.69893722578125 0.45924280694444447 0.028269427343750042 0.015596926388888871
1 0.6550708734375 0.4627087916666667 0.02144577265625003 0.025994876388888914
1 0.61412894296875 0.46790776666666667 0.026319811718749975 0.03465983333333335
