0 0.41649780156249994 0.3154575722222222 0.007722456250000054 0.013728811111111128
0 0.38389187734374997 0.31393214861111113 0.00943855625000003 0.01677965833333334
0 0.39590458515625004 0.3459660291666667 0.006864405468749979 0.01067796250000003
0 0.4928643140625 0.3429151875 0.01115465859375 0.01983050555555555
0 0.3581503546875 0.317288075 0.012012710937499982 0.01067796249999999
0 0.1779597125 0.22271182222222222 0.02230931796875 0.04576270138888891
0 0.0020593218749999998 0.2318643625 0.033463976562500004 0.03050846944444443
0 0.534908796875 0.34627112083333333 0.006864404687499981 0.007627116666666703
1 0.39333043359375003 0.37830501388888893 0.021451267968749965 0.05186439722222218
1 0.3607245078125 0.366101625 0.03432202812499998 0.053389820833333344
1 0.35386010234375 0.37677959027777774 0.03603812890625 0.06711863194444448
1 0.3384151890625 0.3752541652777778 0.03174787656249998 0.07779659583333334
1 0.26977113515625 0.36915247222222225 0.09524362499999998 0.1342372611111111
1 0.41392365 0.3813558597222222 0.02316736953124998 0.053389820833333344
1 0.11961226484375001 0.3874575541666667 0.03689617968749999 0.03966100833333333
1 0.040671603125 0.3874575541666667 0.090095321875 0.07932201944444443
1 0.10159320000000001 0.3706778958333333 0.23081563437500002 0.24254232638888887
1 0.55378591953125 0.38623722222222223 0.12956565468750006 0.17084742500000002
0 0.7042450984374999 0.2921185888888889 0.009438558593750025 0.032033891666666627
0 0.8046370296875001 0.25245757916666667 0.01973516562499995 0.050338973611111136
0 0.69695166796875 0.08923726944444445 0.04805083828125003 0.030508469444444446
0 0.7209770875 0.07093218888888889 0.04376058437500001 0.01830508055555555
0 0.72355123984375 0.037372875 0.016302963281250006 0.02745762083333333
0 0.7226931890625 0.12279658611111112 0.010296608593750011 0.02593219861111111
0 0.70724827734375 0.14872878472222223 0.028315671874999993 0.05644066805555554
1 0 0.33711858194444444 0.17648135781250002 0.46220330138888893
1 0.64554906953125 0.2654236777777778 0.3535168820312499 0.5750846374999999
1 0.43218046171875 0.35771179583333335 0.07036015624999994 0.08694913611111106
