car 0.9356782921875 0.0977658625 0.062013718749999926 0.08944536388888888
person 0.9848212390625 0.0811248638888889 0.007020420312500164 0.018721122222222223
car 0.872494503125 0.09568573888888889 0.07020421015624993 0.0998459888888889
car 0.8034603625000001 0.0915254888888889 0.07956477187499988 0.12480748333333332
car 0.6431607500000001 0.07488449027777777 0.12402743906250002 0.13936835833333336
car 0.1587517015625 0.0873652375 0.15210912109375002 0.1164869875
car 0 0.049922994444444445 0.18332317578125 0.191371475
person 0.3038404015625 0.012480748611111111 0.09243554375 0.3515410805555555
person 0.54955513671875 0.033281995833333335 0.10881652578125003 0.32657958611111115
person 0.69464383828125 0.06448386666666667 0.04914294687500007 0.2849770888888889
person 0.7367663624999999 0.04160249444444444 0.09126547421874998 0.32865970972222225
person 0.75080720546875 0.022881372222222224 0.14508870078124997 0.43058582222222225
traffic light 0.33660236640624996 0.002080123611111111 0.028081683593750028 0.031201869444444443
traffic sign 0.92163744921875 0.02912174583333333 0.011700703906249998 0.016640998611111114
drivable area 0 0 0 0
lane 0 0 0 0
lane 0 0 0 0
lane 0 0 0 0
lane 0 0 0 0
lane 0 0 0 0
lane 0 0 0 0
lane 0 0 0 0