traffic light 0.16181810234375 0.31540449444444446 0.015596925781250003 0.02772786666666664
traffic light 0.53614431484375 0.3639282625 0.014622117968750015 0.02079590000000001
traffic light 0.40844448828125 0.13690634583333333 0.008644146875000036 0.05372274583333334
traffic light 0.8656293664062501 0.11957642916666666 0.013647310937499846 0.05545573472222222
traffic light 0.8471080179687499 0.12130942083333333 0.016571733593750082 0.04852376805555555
traffic light 0.89292398671875 0.3535303111111111 0.007798462500000092 0.02426188333333334
traffic light 0.93484072421875 0.3847241625 0.010722886718749968 0.019062909722222247
car 0.67944106953125 0.4228499805555555 0.04776558359375001 0.03985880833333337
car 0.21640734140625 0.4211169888888889 0.05458923984375001 0.04852376805555557
car 0.95212974921875 0.40592389027777775 0.025192518749999948 0.040521300000000024
drivable area 0 0 0 0
drivable area 0 0 0 0
lane 0 0 0 0
lane 0 0 0 0
lane 0 0 0 0
lane 0 0 0 0
lane 0 0 0 0
lane 0 0 0 0
lane 0 0 0 0
lane 0 0 0 0
lane 0 0 0 0