car 0.46205891875000005 0.3639282625 0.00877327109374999 0.012130941666666692
car 0.45523526406250003 0.3604622791666667 0.006823654687500014 0.01906290833333328
car 0.44451237734375004 0.3587292875 0.016571733593749992 0.025994873611111143
car 0.42696583671875 0.3552633041666667 0.027294619531250053 0.03639282638888888
car 0.39479717734375 0.35006432916666663 0.03801750624999998 0.06238770138888891
person 0.356779671875 0.3465983458333333 0.022420580468750017 0.08664958611111113
car 0.34508197734375 0.3379333861111111 0.06433731796875 0.09358155555555557
car 0.23687830625 0.3639282625 0.09845559375000001 0.13863933750000004
car 0.46985738203125005 0.3656612541666666 0.01169769374999996 0.012130941666666692
car 0.48155507578125 0.3639282625 0.005848846875000024 0.013863933333333339
car 0.48545430703125003 0.36219527083333336 0.007798464062499999 0.017329916666666632
car 0.49325277031250003 0.3587292875 0.01169769374999996 0.032926843055555585
car 0.49910161718749996 0.3569962958333333 0.01754654140625007 0.039858809722222256
car 0.5069000796875 0.3569962958333333 0.02144577265625003 0.04852376805555557
car 0.52054738984375 0.34139936944444443 0.03119385078125001 0.08664958888888886
car 0.53614431484375 0.33446740277777776 0.08285866718749997 0.10571249583333334
car 0.55953970390625 0.3465983458333333 0.09748078437499999 0.12477540416666666
car 0.6258266367187499 0.25474978333333337 0.30511485703124996 0.34486535416666664
car 0 0.39165613055555554 0.06043808671874999 0.3448653527777778
car 0 0.28247765138888886 0.27879504375 0.32753543611111113
car 0.830536284375 0.3691272375 0.1686417578124999 0.40032108888888884
drivable area 0 0 0 0
lane 0 0 0 0