traffic light 0.4365385203125 0.5327856152777778 0.008194702343749949 0.038848952777777786
traffic light 0.12240832500000001 0.46479994999999996 0.010926267187499982 0.055845370833333324
traffic light 0.13333459140624998 0.47000294583333335 0.01365783437500001 0.04856119166666662
traffic light 0.42561225468749997 0.5307044305555556 0.012292052343750016 0.041277012499999995
traffic light 0.11831097109375 0.47485906527777777 0.008194703125000013 0.050989248611111135
car 0.33926061406249997 0.7051084805555555 0.010926269531250022 0.016996415277777763
car 0.3256027796875 0.7026804222222223 0.01229205234374997 0.016996415277777763
car 0.320139646875 0.7051084805555555 0.01365783437500001 0.01456835694444444
car 0.3133107296875 0.7026804222222223 0.012292051562500017 0.019424476388888855
car 0.296921328125 0.7075365375 0.010926267968749981 0.016996416666666646
car 0.28599505937499997 0.7002523611111111 0.01365783437500001 0.02913671388888888
car 0.25458204140624996 0.6953962430555556 0.035510369531250016 0.0485611916666667
car 0.19312178359375 0.6978243013888888 0.06555760703124999 0.06555760694444454
car 0.4075497890625 0.7002523611111111 0.028681453125000013 0.048561188888888926
car 0.43623124296875 0.7051084805555555 0.009560484375000034 0.03156477222222228
car 0.4416943765625 0.7075365375 0.015023617187500005 0.03399283472222226
car 0.45125486015625 0.7099646 0.01502361875 0.04127701388888888
car 0.46491269375 0.7099646 0.0314130203125 0.04613313194444441
car 0.50042306484375 0.7196768375 0.03687615234374997 0.055845370833333324
car 0.5154466828125 0.7245329583333333 0.05053398906249997 0.06555760416666662
car 0.54549391953125 0.7269610166666667 0.08331279375000004 0.0801259638888889
car 0.34882109921875004 0.6783998277777777 0.05872868984374997 0.09955043749999998
car 0.14668514609375 0.6905401250000001 0.03687615390624999 0.0364208930555555
car 0.6247093609375 0.7099646 0.016389401562499996 0.058273429166666724
car 0.6424645476562499 0.7026804222222223 0.016389400781249997 0.06070148888888893
car 0.658853946875 0.7075365375 0.036876153906250056 0.06798566805555556
car 0.684803834375 0.7075365375 0.017755185156249985 0.07041372638888888
car 0.70255901953125 0.7002523611111111 0.023218318750000043 0.08498208055555555
car 0.72441155390625 0.7026804222222223 0.03824193828124996 0.08983820138888893
car 0.7763113265625 0.7342451930555555 0.05872868906250002 0.07284178611111117
car 0.8514294171874999 0.7196768375 0.09833641093750015 0.09469432222222214
car 0.89786605625 0.7318171375 0.09970219374999996 0.10197849861111116
car 0.9019634070312501 0.8022308597222222 0.0956048429687499 0.19667282222222218
car 0.10024850703124999 0.6953962430555556 0.03277880468750001 0.033992831944444406
traffic sign 0.5495912695312499 0.6225544597222222 0.016389400781249997 0.00971223888888891
traffic sign 0.54549391953125 0.6298386361111111 0.012292052343750016 0.01456835694444444
traffic sign 0.19585334999999998 0.6225544597222222 0.02868145312499999 0.03642089444444447
traffic light 0.0961511578125 0.6468350513888889 0.010926267187499995 0.019424479166666706
traffic light 0.7134852890625 0.6201263986111112 0.009560483593750035 0.03399283472222218
traffic sign 0.5011873515625 0.5935343027777777 0.043205806250000034 0.01396551249999997
traffic sign 0.60933278125 0.5423274222222223 0.02225753671874999 0.06284480833333327
traffic sign 0.70726596484375 0.4748274416666667 0.035350205468749965 0.09543100555555549
drivable area 0 0 0 0
drivable area 0 0 0 0
drivable area 0 0 0 0
drivable area 0 0 0 0
lane 0 0 0 0
lane 0 0 0 0
lane 0 0 0 0
lane 0 0 0 0
lane 0 0 0 0
lane 0 0 0 0
lane 0 0 0 0
lane 0 0 0 0
lane 0 0 0 0
lane 0 0 0 0
lane 0 0 0 0
lane 0 0 0 0
lane 0 0 0 0
lane 0 0 0 0
lane 0 0 0 0
lane 0 0 0 0
lane 0 0 0 0
lane 0 0 0 0
lane 0 0 0 0
lane 0 0 0 0
lane 0 0 0 0
lane 0 0 0 0
lane 0 0 0 0
lane 0 0 0 0
lane 0 0 0 0
lane 0 0 0 0