traffic sign 0.673592221875 0.36739424583333335 0.025345004687499985 0.04159180138888882
traffic sign 0.773022621875 0.3084725277777778 0.032168658593749996 0.03812581666666664
traffic sign 0.3275354359375 0.3847241625 0.017546541406249984 0.027727868055555563
car 0.47180699765625 0.3691272375 0.11210290234375 0.20969199861111107
motor 0.631675484375 0.43324793194444444 0.05458923906250002 0.06758667499999997
car 0.57708624453125 0.43324793194444444 0.013647310156250026 0.05025675833333333
car 0.5887839390625 0.43324793194444444 0.008773270312499993 0.034659834722222234
car 0.5965824015625001 0.4384469069444445 0.010722886718749968 0.02079590000000001
car 0.62680144453125 0.4349809236111111 0.02144577187500003 0.045057784722222195
car 0.61412894296875 0.4384469069444445 0.013647310156249936 0.034659834722222234
car 0.41234371875000003 0.42804895694444445 0.04776558437499991 0.048523769444444455
car 0.19886080078124999 0.4315149402777778 0.08870751406250002 0.055455734722222164
drivable area 0 0 0 0
drivable area 0 0 0 0
lane 0 0 0 0
lane 0 0 0 0
lane 0 0 0 0
lane 0 0 0 0
lane 0 0 0 0
lane 0 0 0 0
lane 0 0 0 0
lane 0 0 0 0
lane 0 0 0 0
lane 0 0 0 0
lane 0 0 0 0
lane 0 0 0 0
lane 0 0 0 0
lane 0 0 0 0