traffic sign 0.46359757578125 0.508110375 0.009566932031250008 0.012755909722222233
car 0.46359759375 0.5541733930555556 0.010762798437500009 0.012755906944444461
car 0.444862328125 0.5577166958333333 0.010762798437500009 0.012755908333333347
car 0.45203752578125 0.5513387402777777 0.013154531250000013 0.021259850000000018
car 0.471171390625 0.5534647263888889 0.011958664843750012 0.021259847222222246
car 0.42732296640625 0.5570080277777778 0.019133862500000022 0.029763788888888913
car 0.38905523828125 0.5612599986111111 0.016742132031249968 0.012755908333333347
car 0.26388787421875 0.5548820430555556 0.10164865234375 0.1360630319444445
drivable area 0 0 0 0
drivable area 0 0 0 0
lane 0 0 0 0
lane 0 0 0 0
lane 0 0 0 0
lane 0 0 0 0
lane 0 0 0 0
lane 0 0 0 0
lane 0 0 0 0
lane 0 0 0 0