0 0.4774270359375 0 0.02109373515624995 0.07546869305555556
0 0.3231790953125 0.17624987222222221 0.017138659374999986 0.07734369583333334
0 0.15574756953125 0.3285935166666667 0.015820300781250008 0.03281247777777775
0 0.24935102109375 0.19968735555555558 0.05668941406250001 0.037499974999999984
0 0.134653834375 0.26765605833333334 0.030322244531249987 0.018749987499999992
0 0.8439306906249999 0.19968735555555558 0.055371055468750006 0.08437494166666666
0 0.83865725625 0.03328121944444445 0.06723628203125002 0.08671869305555555
0 0.5789406382812501 0.36843724027777774 0.009228509374999926 0.02343748472222226
0 0.54861839296875 0.3707809875 0.010546868750000016 0.021093736111111146
0 0.51565943125 0.36609349166666666 0.010546867968750017 0.028124980555555606
0 0.76746589921875 0.3989059680555555 0.006591791406250014 0.025781233333333375
0 0.80569829453125 0.40359346527777773 0.009228509375000016 0.028124980555555606
0 0.71736827734375 0.40124971666666664 0.013183584375000024 0.014062490277777803
0 0.7727393328125001 0.37781223333333336 0.013183585156249933 0.023437483333333297
0 0.72000499453125 0.3754684847222222 0.011865225781250021 0.01874998750000003
1 0.51565943125 0.4223434527777778 0.02768552812499996 0.0515624638888889
1 0.45633330078125 0.43171844583333335 0.04350582890624999 0.05156246527777779
0 0.49061062031249997 0.40124971666666664 0.01186522656250002 0.021093736111111146
0 0.465561809375 0.3942184722222223 0.014501944531249932 0.023437483333333297
1 0.5288430164062501 0.4223434527777778 0.04482418749999999 0.11718742083333329
1 0.76219246484375 0.4457809361111111 0.026367169531249957 0.04453121944444444
1 0.725278428125 0.4364059430555556 0.025048810937499954 0.03984372222222221
1 0.3825052265625 0.4223434527777778 0.08701165937500002 0.12421866388888887
1 0.54466331796875 0.33796851111111115 0.2069822796875 0.30937478472222224
1 0.9203954812499999 0.42703095 0.07910150859375005 0.16406238611111107
1 0.81097172890625 0.45515593055555553 0.030322244531249966 0.0515624638888889
1 0.86897950078125 0.4574996777777778 0.02900388671875014 0.04453122083333333
0 0.1730812984375 0.3756158708333333 0.009355746093750006 0.027720729166666697
