traffic sign 0.561801978125 0.44343718749999994 0.01713866015625003 0.049218718055555555
traffic sign 0.60398944921875 0.4082809625 0.015820301562500028 0.028124980555555606
car 0.49306606718749996 0.5845978 0.01186522656250002 0.02109373472222226
car 0.48515591640625005 0.5916290458333333 0.011865226562499932 0.021093736111111067
car 0.46669889765625 0.5939727930555556 0.007910150781250014 0.021093736111111067
car 0.458788746875 0.5986602902777778 0.007910150000000015 0.02109373472222218
car 0.44956023749999996 0.5986602902777778 0.013183585156250021 0.02109373472222218
car 0.43373993593750004 0.5939727930555556 0.018457018749999943 0.025781233333333296
car 0.413964559375 0.5916290458333333 0.019775376562500037 0.035156224999999985
car 0.38496067265625 0.5916290458333333 0.029003886718750004 0.03281247638888887
car 0.36518529609375 0.5869415486111111 0.022412093749999994 0.04453121944444444
truck 0.31922401953125 0.5629683555555556 0.04614254687499999 0.07031245138888885
truck 0.0502788921875 0.5559371125 0.1792967515625 0.12656241249999997
car 0.50774928046875 0.5840620916666667 0.022412095312500036 0.03281247638888895
car 0.5262062992187501 0.5864058416666666 0.030322244531249966 0.03984372222222221
car 0.1583842875 0.5559371125 0.20170884453125 0.22499984305555548
car 0.0001812703125 0.5934370847222222 0.12656241328125 0.1031249277777778
car 0 0.6332808069444444 0.0832378546875 0.0679687041666667
car 0 0.6707807819444445 0.01731993046875 0.039843722222222294
person 0.6145363164062501 0.5699996013888889 0.014501942968750025 0.06328120555555551
person 0.59739765625 0.5699996013888889 0.01186522656250002 0.0656249555555555
drivable area 0 0 0 0
lane 0 0 0 0