1 0.021457999218750003 0.6283749986111111 0.011921111718749999 0.02331239444444443
1 0.02622644375 0.622017073611111 0.013113222656250001 0.03814755277777782
1 0.03337911015625 0.622017073611111 0.015497443749999996 0.04026686250000001
1 0.041723889062500005 0.6198977652777777 0.019073776562499995 0.03814755694444448
1 0.05722133124999999 0.6114205291666667 0.030994889843750005 0.06145994861111114
1 0.14305333046875 0.6093012222222223 0.05602922109375001 0.10172681249999994
1 0.1788166625 0.5923467527777778 0.1072899984375 0.1419936791666666
1 0.24795910546875 0.5965853694444445 0.16808766328124997 0.1864991569444445
1 0.376707103125 0.4916795944444444 0.47088387890625005 0.43021964722222233
1 0.0739108875 0.6103608763888889 0.06198977499999999 0.07417580277777773
1 0.8100394828124999 0.7396387 0.18954566250000013 0.24795910555555561
0 0.91174824453125 0.1557029513888889 0.07391088749999994 0.07841441944444442
