1 0.15004018984375 0.33779448333333334 0.05738350703125002 0.07027708611111111
1 0.12007324687500001 0.3355274805555556 0.052920346875 0.0708438375
1 0.11114692343749999 0.3355274805555556 0.03283611875000001 0.0708438375
1 0.02156489140625 0.3270262208333333 0.1080722734375 0.08727960416666664
1 0.005625028125 0.3400614875 0.08065570859375 0.07707809444444448
1 0 0.3343939805555556 0.03718595703125 0.08331235138888889
1 0.23515906015625002 0.3615980125 0.020721821093750002 0.020969776388888858
1 0.28074706875 0.36726551944444447 0.009563917968750025 0.009634762499999994
1 0.34992607578125 0.36839902083333337 0.008926323437500017 0.00906800833333329
1 0.43249456718749996 0.36669876944444446 0.007969932031250071 0.010201512499999963
1 0.48860288671875 0.3803007861111111 0.010839107031249995 0.02833753472222216
1 0.49657281796874997 0.37746703333333337 0.023590998437499965 0.0340050416666666
1 0.5185698296875 0.38256778888888887 0.030285739843750027 0.035705293055555545
1 0.5367412726562499 0.3871017944444445 0.02008422968749999 0.035705293055555545
1 0.5526811367187501 0.3803007861111111 0.029648146093749973 0.05100756249999997
1 0.56511423046875 0.38880204444444444 0.030604537500000008 0.05044081527777777
1 0.58583605234375 0.3769002819444444 0.055470724999999985 0.07537784444444443
1 0.43632013515625 0.3746332791666666 0.013389485156250025 0.016435769444444442
1 0.38287551640625 0.3706549541666667 0.02741656484374997 0.038539047222222206
0 0.8011836062500001 0.29826362222222225 0.02582257812499993 0.015302269444444426
1 0.85537914140625 0.4035375652777778 0.14377756718750004 0.08217885138888888
1 0.41878628515624994 0.36329826527777775 0.006375946875000071 0.009634761111111109
