3 0.53978875625 0.515936525 0.024088933593750018 0.12963961527777781
1 0.02810375546875 0.5404078222222223 0.0481778671875 0.06525679305555557
1 0.09807637265625 0.5424470972222223 0.044736590624999996 0.05913896944444445
1 0.1508426078125 0.5424470972222223 0.034412762499999985 0.05506041944444446
1 0.00172063828125 0.5465256472222222 0.024088933593749997 0.08157099166666665
0 0.21057333046875 0.3600776680555556 0.011470921093749985 0.042824770833333366
0 0.41131444375 0.46437200694444447 0.02179475000000002 0.050981869444444466
1 0.08458370546875 0.5620241472222222 0.016059289062500003 0.022432023611111164
3 0.3805334609375 0.5342899986111111 0.022941841406250017 0.07749244166666666
0 0.67418903203125 0.2406344263888889 0.04129531484375004 0.05098187083333331
0 0.7166314390624999 0.20188820555555556 0.04932495937499999 0.03466767083333334
0 0.70516051875 0.28141992222222223 0.028677301562500014 0.07953171805555555
0 0.7154843468750001 0.38338366250000006 0.02523602578124997 0.04282477083333328
0 0.814134265625 0.18557400694444443 0.10323828671875006 0.18761328194444443
