car 0.8217017992187501 0.3604248513888889 0.17623247031249994 0.2878304472222222
traffic sign 0.4226713703125 0.3655191972222222 0.012895059374999995 0.02037737638888891
traffic sign 0.91268360234375 0.21268886944444446 0.03152125546875002 0.07132081805555555
car 0.38971733203125003 0.39532111249999996 0.01719341171874995 0.022924548611111106
car 0.381120625 0.39786828194444446 0.011462274218749968 0.01783020694444441
car 0.36822556640625004 0.4004154569444444 0.012895058593749998 0.015283033333333328
car 0.40691074296874996 0.3927739305555556 0.021491764062499995 0.03820758055555555
car 0.40977631171875 0.4004154569444444 0.020058979687499968 0.03056606527777777
car 0.34100266484374997 0.39022676666666667 0.020058980468750008 0.025471722222222187
car 0.323809253125 0.39532111249999996 0.011462274218750013 0.015283031944444442
car 0.31521254765625 0.3851324138888889 0.011462274218750013 0.0254717208333333
bus 0.29515356718749997 0.3718871263888889 0.022924549218750024 0.04075475416666663
car 0.28369129140625 0.3820758152777778 0.014327843750000024 0.030566066666666655
car 0.257901175 0.3769814708333333 0.02865568593750001 0.040754754166666705
car 0.23784219375 0.3769814708333333 0.02292454921874998 0.04584909861111118
car 0.197724234375 0.35660409444444446 0.045849097656250004 0.07386799027777778
car 0.121786665625 0.3413210597222222 0.0802359203125 0.0967925416666667
car 0 0.33622671805555554 0.13468172578124998 0.13245295
drivable area 0 0 0 0
drivable area 0 0 0 0
drivable area 0 0 0 0
drivable area 0 0 0 0
lane 0 0 0 0
lane 0 0 0 0
lane 0 0 0 0
lane 0 0 0 0
lane 0 0 0 0
lane 0 0 0 0
lane 0 0 0 0
lane 0 0 0 0
lane 0 0 0 0
lane 0 0 0 0