traffic sign 0.51664815859375 0.36219527083333336 0.026319811718749975 0.060654709722222186
car 0.0194961578125 0.5718872694444445 0.19203714453125 0.16636720416666673
car 0.33728351484374997 0.5666882930555556 0.06433731796875 0.10224651111111108
car 0.44256276093749997 0.5822852208333333 0.03509308281250005 0.05892171944444442
car 0.40357044921874996 0.5961491527777778 0.022420579687500018 0.029460858333333326
car 0.31291331875 0.5926831708333333 0.024370196093749998 0.0502567611111111
car 0.39577198515625 0.5892171875 0.0116976953125 0.03119384861111109
drivable area 0 0 0 0
drivable area 0 0 0 0
lane 0 0 0 0
lane 0 0 0 0
lane 0 0 0 0
lane 0 0 0 0
lane 0 0 0 0
lane 0 0 0 0