person 0.73110588359375 0.559756326388889 0.031193851562500007 0.12130941944444444
person 0.536144315625 0.5649553027777777 0.007798462500000003 0.05718872638888889
person 0.49130315546875 0.5684212888888889 0.0068236554687500115 0.038125813888888874
person 0.56772808984375 0.5649553027777777 0.011697692187499964 0.05372274027777782
bike 0.56675328203125 0.6020413416666667 0.03996712109375 0.04332479166666666
rider 0.054004353125 0.5881774097222222 0.013647310156249991 0.046790775000000034
bike 0.053029546093750005 0.6134790722222222 0.0136473109375 0.027727868055555563
car 0.00136473125 0.6037743361111111 0.021445772656249997 0.034659834722222234
car 0.010138002343749999 0.5926831722222222 0.036067890625 0.041591802777777784
car 0.042306660156249995 0.5926831722222222 0.027294620312500007 0.03465983194444446
car 0.060828009375000006 0.5909501805555556 0.030219044531249996 0.032926843055555585
car 0.19730110703124998 0.5840182097222222 0.04191673828125002 0.04505778749999997
car 0.190477453125 0.5857512027777777 0.016571732812500017 0.017329918055555598
car 0.28015977578125 0.5632223111111111 0.021445771874999985 0.02426188611111115
car 0.31817728203125 0.5701542805555555 0.03411827343749998 0.04505778333333339
car 0.30355516328125 0.5805522291666667 0.036067890625 0.05372274583333329
car 0.35424517109375003 0.5753532541666667 0.011697695312499956 0.010397948611111079
car 0.36399325078125 0.5736202611111112 0.014622116406250019 0.02252889305555554
car 0.37666575234375 0.5684212888888889 0.025345003124999987 0.04159180000000002
car 0.3825145984375 0.5788192347222222 0.03314346874999998 0.04332479166666666
car 0.0881226296875 0.5874841916666667 0.020470962500000002 0.0259948777777778
car 0.10761878437500001 0.5822852208333333 0.01657173437499999 0.03119384861111109
car 0.1222409046875 0.5909501805555556 0.014622116406249996 0.020795897222222238
car 0.12516532578125 0.5879174430555556 0.06726174140625 0.0678466388888889
car 0.22654534375000002 0.5795124472222223 0.09065713046874997 0.1126444638888889
car 0.37764056015624997 0.5829784305555555 0.11015328515625003 0.15596925416666668
traffic light 0.131599059375 0.5307287180555555 0.0038992304687500033 0.01906290555555551
traffic light 0.164742525 0.5203307666666667 0.00584884765625 0.015596927777777757
traffic light 0.23785311406249998 0.5168647833333334 0.0029244226562500143 0.01386393611111111
traffic light 0.24370196015625 0.5168647833333334 0.0029244242187500104 0.015596927777777757
traffic light 0.2476011921875 0.5151317888888889 0.004874039843749988 0.017329919444444484
traffic light 0.27392100625000004 0.5307287180555555 0.0029244226562499696 0.013863933333333339
traffic light 0.2953667765625 0.5168647833333334 0.0038992312500000016 0.015596927777777757
traffic light 0.27879504453125004 0.5289957236111111 0.0038992304687500033 0.013863934722222224
traffic light 0.36457813359375 0.5307287180555555 0.0029244242187500104 0.017329916666666632
traffic sign 0.26685364843750004 0.5203307666666667 0.021445771874999985 0.012130941666666692
traffic sign 0.444268675 0.5220637555555555 0.013647309375000027 0.015596927777777835
traffic sign 0.445243484375 0.5463256430555555 0.005848847656250022 0.015596926388888871
traffic sign 0.40552006484375 0.5341947 0.007798463281250001 0.02079590000000001
traffic sign 0.5814728796875 0.40422032083333337 0.012672503124999946 0.02946085694444444
traffic sign 0.0477655828125 0.5402601722222222 0.007798463281249996 0.0051989736111111365
drivable area 0 0 0 0
drivable area 0 0 0 0
lane 0 0 0 0
lane 0 0 0 0
lane 0 0 0 0
lane 0 0 0 0
lane 0 0 0 0