traffic light 0.53077758203125 0.363168325 0.015023617187500005 0.021852534722222178
traffic light 0.048656015625 0.4311539902777778 0.017755185156250002 0.03156477361111109
traffic light 0.0595822828125 0.3094041416666667 0.016389400781249997 0.050989251388888907
traffic light 0.09236108671875 0.3603933902777778 0.015023617968750014 0.053417308333333344
traffic light 0.06641120078125 0.35553727222222226 0.015023617187499994 0.058273427777777796
traffic light 0.047290232031250004 0.3652495097222222 0.016389401562499996 0.050989248611111135
traffic sign 0.5157539640625 0.3531092125 0.02048675156249997 0.041277012499999995
traffic sign 0.48024359375000003 0.37981786666666667 0.03551037031249997 0.016996416666666646
traffic sign 0.46795154140625 0.4429474152777778 0.017755185156249985 0.021852534722222178
traffic sign 0.5621906015625 0.4259509986111111 0.019120969531249976 0.014568356944444518
traffic sign 0.171576528125 0.4769402472222222 0.016389401562500017 0.01456835694444444
traffic light 0.711061 0.45994383055555554 0.010926268749999935 0.016996416666666646
car 0.00085359375 0.5376417361111111 0.021852534375 0.033992831944444406
car 0.0227061296875 0.5255014375 0.04233928828125 0.04613313055555553
car 0.060948065625000006 0.5255014375 0.09423906015625 0.08012596527777778
car 0.16611339453125 0.5327856166666667 0.09014170937499999 0.06798566805555556
car 0.9883150453124999 0.45265965416666665 0.009560485937500118 0.02185253611111114
car 0.9746572109375 0.45265965416666665 0.013657834374999922 0.02185253611111114
car 0.95007310859375 0.4550877125 0.02458410156249986 0.016996416666666646
car 0.89817333671875 0.4550877125 0.02185253593750005 0.026708652777777706
car 0.8558340492187501 0.46722800972222217 0.017755185156249985 0.026708654166666672
car 0.79573957578125 0.47936830694444443 0.025949885937499938 0.02913671388888888
car 0.86949188359375 0.46479994999999996 0.036876153906250056 0.03642089444444447
car 0.8175921117187499 0.47936830694444443 0.04097350312500012 0.05098925000000002
car 0.76842390625 0.4817963666666667 0.03551037109375006 0.0364208930555555
drivable area 0 0 0 0
lane 0 0 0 0
lane 0 0 0 0
lane 0 0 0 0
lane 0 0 0 0
lane 0 0 0 0
lane 0 0 0 0
lane 0 0 0 0
lane 0 0 0 0
lane 0 0 0 0
lane 0 0 0 0
lane 0 0 0 0
lane 0 0 0 0
lane 0 0 0 0
lane 0 0 0 0