car 0 0.6082800944444444 0.22907984374999998 0.2616817513888889
car 0.5848847078125 0.6585368555555556 0.10527924609374999 0.16983318749999993
car 0.39869640859375 0.675866775 0.039967121875 0.06412069166666667
car 0.456210071875 0.6966626736111111 0.021445773437500027 0.027727868055555563
car 0.47668103593750005 0.6983956638888889 0.024370196874999993 0.0329268430555555
car 0.22030657421875 0.6654688208333333 0.12964944140624998 0.13863933888888885
car 0.386998715625 0.6862647222222222 0.017546541406250026 0.039858809722222256
car 0.43378949218749996 0.7035946402777777 0.010722885156250061 0.027727866666666597
car 0.43768872265625003 0.7035946402777777 0.007798464062499999 0.020795901388888892
car 0.44256276171875 0.6949296819444445 0.012672501562500039 0.02252889305555546
car 0.498126809375 0.7018616486111111 0.014622116406250019 0.025994876388888834
car 0.55271604765625 0.6931966916666666 0.04289154609374997 0.051989751388888866
traffic sign 0.7973928179687501 0.5874841944444444 0.03509308281250005 0.05198975277777775
traffic sign 0.803241665625 0.6360079625 0.02047096562499995 0.02599487500000003
traffic sign 0.4737566125 0.6533378791666666 0.012672502343750036 0.008664958333333316
traffic light 0.45815968671874996 0.6446729222222223 0.003899231250000046 0.01906290833333328
traffic light 0.43866353046875 0.6412069375 0.002924423437499968 0.02079590000000001
traffic light 0.41624295 0.6412069375 0.006823656250000009 0.015596926388888871
drivable area 0 0 0 0
drivable area 0 0 0 0
lane 0 0 0 0
lane 0 0 0 0
lane 0 0 0 0
lane 0 0 0 0
lane 0 0 0 0
lane 0 0 0 0
lane 0 0 0 0
lane 0 0 0 0
lane 0 0 0 0
lane 0 0 0 0
lane 0 0 0 0
lane 0 0 0 0
lane 0 0 0 0
lane 0 0 0 0
lane 0 0 0 0