1 0.8128209249999999 0.4680280652777778 0.18667606484375004 0.24822144444444447
1 0.21140485937500003 0.3557013291666667 0.23986438359375 0.26417584166666663
1 0.42201748984375 0.4160249486111111 0.07371441953125002 0.1289677333333333
1 0.45594952343750006 0.4097845736111111 0.04563273593749999 0.11024660972222225
1 0.489881559375 0.4347460694444445 0.029251754687499965 0.056163369444444396
1 0.50626254140625 0.43499970138888894 0.024571472656249947 0.06006998749999997
1 0.52030338203125 0.43890632222222226 0.023401403906250007 0.04784286527777771
1 0.52849387421875 0.4368261958333333 0.024571472656249947 0.045762744444444475
1 0.54604492578125 0.4368261958333333 0.01755105234375005 0.033281995833333314
1 0.55423541796875 0.4326659458333333 0.015210912499999996 0.031201870833333346
1 0.56359597890625 0.44098644583333335 0.015210913281249993 0.02496149583333336
1 0.7402765734375001 0.4576274430555556 0.12987778984374998 0.14352860555555555
1 0.691133628125 0.45346719305555555 0.07605456171875007 0.10400623750000003
1 0.6829431359375 0.43890632222222226 0.04329259687500002 0.11856710833333331
1 0.6665621539062501 0.4493069444444444 0.032761964843749956 0.08528511250000001
1 0.6560315226562501 0.45346719305555555 0.021061263281249954 0.05616336944444448
1 0.6455008906249999 0.45346719305555555 0.023401403125000008 0.05824349305555556
1 0.6408206101562499 0.44098644583333335 0.02223133359375007 0.07072424027777775
1 0.60103822421875 0.44098644583333335 0.040952457031249966 0.06032361805555553
1 0.57763682109375 0.44098644583333335 0.019891193750000015 0.033281995833333314
0 0.16343198203125 0.11024660972222224 0.04446266640624998 0.052003118055555554
