person 0.7398835703125 0.24920935416666667 0.04677872890624997 0.27304917777777776
person 0.76327293359375 0.2561395361111111 0.062371639843749896 0.3964064180555555
person 0.8846377656250001 0.22176582916666668 0.10847466328125002 0.413870475
person 0.68816710234375 0.26057484861111113 0.011694682031250014 0.06930182083333333
person 0.19725030859374998 0.22523092083333332 0.021050428125 0.0762320013888889
person 0.27443521249999997 0.2221123361111111 0.017931845312500007 0.07345993055555552
person 0.70012164921875 0.26092135694444446 0.013253972656250034 0.06930182222222223
person 0.7157145593750001 0.2664655013888889 0.016372555468749984 0.0679157847222222
person 0.80147556328125 0.29799783194444446 0.07484596718750006 0.41303885416666664
person 0.9065327921874999 0.29176066666666667 0.09199816875 0.5003591500000001
rider 0.5496500703125 0.242556375 0.016372555468749984 0.079004075
rider 0.5137863765625 0.2481005222222222 0.017931846875 0.07484596805555555
rider 0.4100935265625 0.2439424097222222 0.02260972031249997 0.09840858611111113
rider 0.35395905234375 0.21067753611111112 0.06159199375000002 0.2785933222222222
bike 0.3562979890625 0.32883714166666667 0.05769376562500002 0.19265906249999998
bike 0.41165281796875003 0.2858700111111111 0.02260971953124997 0.06791578333333335
bike 0.5130067320312499 0.2969583041666667 0.016372554687500075 0.04435316527777778
bike 0.5504297140625 0.27478172083333335 0.015592910156250018 0.05544145833333335
bike 0.23155471015625 0.2720096486111111 0.031965465625 0.07068785972222223
car 0.5655548335937499 0.2647329555555556 0.010135392187500081 0.024948658333333325
car 0.53514866015625 0.2564167388888889 0.013253973437500033 0.03187883611111112
car 0.5234539765624999 0.25780277222222225 0.01559290937500002 0.036036948611111085
car 0.49538673906249997 0.26334691944444444 0.021830074218750006 0.0346509125
bus 0.5771325734375 0.21622168055555555 0.04443979218749998 0.06722276944444446
truck 0.33758649687500003 0.1597406986111111 0.12162469687500002 0.1704824805555556
car 0.57413093359375 0.25392187083333334 0.07172738515625002 0.07068785555555554
person 0.48727843125000003 0.2583572013888889 0.007016809374999955 0.03326487499999998
traffic sign 0.22874798671875 0.04158109305555555 0.021050428125 0.07207389444444445
traffic sign 0.69887423671875 0.08039011388888889 0.02260971953124997 0.07207389444444444
person 0 0.1926590638888889 0.0132539734375 0.13305949583333332
drivable area 0 0 0 0
lane 0 0 0 0
lane 0 0 0 0
lane 0 0 0 0
lane 0 0 0 0