car 0.0019496156250000001 0.5476253861111111 0.09358155234375 0.07278564722222222
car 0.08675789921875 0.5441594013888889 0.028269427343750007 0.05372274027777782
car 0.811040128125 0.5528243597222222 0.18521349140624999 0.3327344124999999
car 0.61412894296875 0.521630511111111 0.27976985234375 0.28421064027777787
car 0.5010512328125001 0.48350469166666665 0.10917847968749994 0.1577022472222222
car 0.4649833421875 0.5354944430555555 0.01949615703125005 0.05718872638888889
car 0.47375661328124996 0.5337614513888889 0.030219043750000018 0.06412069305555555
car 0.48155507578125 0.5233635000000001 0.03411827343749998 0.07971762083333331
traffic sign 0.25734927109375 0.35006432916666663 0.02144577265625003 0.06238770138888891
traffic sign 0.189112721875 0.45924280694444447 0.030219041406250025 0.012130945833333268
traffic light 0.2320042671875 0.4505778486111111 0.006823654687500014 0.025994876388888914
traffic light 0.23882792187500002 0.4505778486111111 0.006823655468749967 0.02946085972222221
traffic light 0.3090140875 0.4817717013888889 0.004874039062499991 0.020795895833333352
traffic light 0.31096370234375004 0.4817717013888889 0.006823655468749967 0.02252889027777777
traffic light 0.4152681421875 0.4557768236111111 0.009748075781249987 0.022528894444444426
traffic light 0.4152681421875 0.4817717013888889 0.011697692187499964 0.017329911111111092
traffic sign 0.48350469140624996 0.4817717013888889 0.00974807812500007 0.010397943055555537
traffic sign 0.43086506796875 0.48523768194444444 0.017546541406249984 0.012130945833333347
traffic sign 0.34547190156249996 0.4800387083333333 0.0048740398437500335 0.01906290833333336
traffic sign 0.3435222859375 0.5025676 0.007798461718750005 0.013863934722222224
traffic sign 0.36984209687499997 0.49910161666666664 0.005848846875000024 0.013863934722222224
traffic sign 0.36886728828125 0.5146985430555555 0.007798462500000003 0.012130943055555576
traffic sign 0.25578957812500003 0.5129655513888889 0.007798460156250009 0.008664959722222202
car 0.32597574375 0.5354944430555555 0.007798460156250009 0.017329916666666712
car 0.33377420625 0.5320284597222222 0.011697693750000005 0.015596930555555527
car 0.3366986296875 0.5389604263888889 0.010722886718750014 0.019062909722222167
car 0.35521997890625 0.5320284597222222 0.013647308593749985 0.017329918055555518
car 0.4293053765625 0.5302954694444445 0.009748077343749984 0.017329916666666632
car 0.43515422265625 0.5354944430555555 0.009748075781250077 0.015596930555555607
car 0.43905345390625 0.5406934180555556 0.013647308593750029 0.01732991249999998
car 0.39713671640625 0.5285624763888889 0.009748078906250023 0.010397950000000043
car 0.385439021875 0.5268294861111111 0.010722885937500015 0.01906290833333336
traffic sign 0.46927249765625 0.5008346097222222 0.008773273437499984 0.012130943055555576
car 0.240192653125 0.5372274347222222 0.039967121875 0.02772786527777779
truck 0.2967315078125 0.5164315347222223 0.033143469531250025 0.04679077499999996
car 0.41941107578125003 0.5224970055555556 0.009748077343749984 0.017329915277777826
car 0.4106378046875 0.5224970055555556 0.00877327109374999 0.015596925000000065
traffic sign 0.13752213046875 0.4857996958333333 0.012012709375000008 0.015254236111111099
traffic sign 0.588856790625 0.4186810652777778 0.015444912500000019 0.02288135138888884
drivable area 0 0 0 0
drivable area 0 0 0 0
lane 0 0 0 0
lane 0 0 0 0
lane 0 0 0 0
lane 0 0 0 0
lane 0 0 0 0
lane 0 0 0 0
lane 0 0 0 0
lane 0 0 0 0
lane 0 0 0 0
lane 0 0 0 0