1 0.45066571718750004 0.4000407375 0.017563772656249997 0.022040811111111065
1 0.47649479296874997 0.40187747083333336 0.010331630468750052 0.01285714166666665
1 0.470295815625 0.4037142055555556 0.00929846718749996 0.011020405555555533
1 0.435168271875 0.4000407375 0.016530608593749996 0.023877545833333298
1 0.41657133671875 0.4073876736111111 0.020663260937500018 0.0202040777777778
1 0.4878595875 0.39085706527777775 0.019630097656250012 0.034897952777777796
1 0.49922438046875 0.4073876736111111 0.00826530468750004 0.031224483333333334
1 0.370079 0.41289787777777776 0.008265304687499997 0.022040811111111145
1 0.35148206484375 0.40922440833333334 0.018596935156250004 0.029387748611111104
1 0.50129070703125 0.3431019736111111 0.04649233749999997 0.10653058888888892
1 0.5126554999999999 0.377999925 0.03595407656249998 0.0918367138888889
1 0.30912238046875 0.41840808055555556 0.017563771875000002 0.029387748611111104
1 0.29465809765625 0.4220815486111111 0.018596934374999964 0.031224483333333334
1 0.20952546718749998 0.39636726805555555 0.05372447812500001 0.06612243333333336
1 0.18472955390625 0.42575501666666665 0.046492337499999994 0.04775509166666667
1 0.14960201015625002 0.4331019541666667 0.0392601953125 0.04959182638888882
1 0.095051 0.42575501666666665 0.055790804687499994 0.0642857013888889
1 0.02169642421875 0.4294284861111111 0.0785203921875 0.0771428388888889
1 0.5196810125 0.3816733944444444 0.041326521093750034 0.13959180694444445
1 0 0.4518366388888889 0.0315114734375 0.06428570000000002
1 0.37744889453125 0.39244890694444445 0.04235968437499995 0.06612243333333329
1 0.27413258984375 0.4218366541666667 0.03202805468749999 0.033061218055555563
1 0.333022884375 0.4144897166666667 0.02169642343749998 0.027551016666666643
0 0.29445146796875 0.36844891249999995 0.01136479453125001 0.018367343055555572
1 0.242793315625 0.37377543055555557 0.06405610859375002 0.06979590277777774
1 0.53311214765625 0.36341100972222223 0.17047190234374998 0.21306117916666664
0 0.39948994921875 0.36468447083333333 0.009470667187500049 0.012244904166666654
0 0.4425384375 0.3753987611111111 0.007748728124999982 0.007653065277777829
0 0.47439431953125 0.36468447083333333 0.00860969765624997 0.012244904166666654
