1 0 0.7248970513888889 0.099014978125 0.27304917361111114
1 0.87554188515625 0.6348046819444444 0.1239636328125 0.24671448472222224
1 0.0007796453125 0.5530285333333333 0.045999084375 0.1635522986111112
1 0.0007796453125 0.45046183749999996 0.031965465625 0.08454822083333337
1 0.79601804453125 0.4366014722222223 0.20348747343749993 0.2688910666666666
1 0.037422984375 0.45877805694444446 0.2736555671875 0.3035419777777777
1 0.05457518359375 0.45600598472222226 0.1325397328125 0.09702254861111106
1 0.2401308109375 0.4310573291666666 0.12162469609375001 0.1857288805555556
1 0.7414428609375 0.4352154388888889 0.11928575937499994 0.16909644444444444
1 0.6252756835937501 0.451847875 0.12942114921874995 0.19543113611111113
1 0.40853423671875 0.42274110972222223 0.03352475625000002 0.052669383333333285
1 0.42802537265625 0.4268992194444444 0.033524757812500014 0.026334691666666684
0 0.26897769375 0.257802775 0.008576100781250017 0.04019505694444443
0 0.59798808984375 0.27304917638888887 0.008576099999999975 0.040195055555555546
0 0.74845967109375 0.3991784902777778 0.013253972656250034 0.02217658194444441
0 0.18087775390625 0.39640641666666665 0.013253972656249991 0.022176583333333295
0 0.2752148578125 0.257802775 0.009355746875000025 0.04296712777777777
3 0.3781280625 0.4476897652777778 0.02260971953124997 0.06514371249999995
3 0.39995813515625 0.4449176944444444 0.007796457031250004 0.06375767361111112
3 0.339925434375 0.43382940138888887 0.013253972656249991 0.0540554208333333
3 0.18321669062499998 0.4407595847222222 0.009355746093750006 0.01940450972222223
3 0.17464059062499998 0.4393735486111111 0.008576099999999998 0.018018472222222214
3 0.21908038359374998 0.43244336527777777 0.010135390624999996 0.024948655555555553
3 0.20504676484375 0.43244336527777777 0.010135390624999996 0.024948655555555553
3 0.75859506171875 0.45046183749999996 0.014033618749999999 0.023562619444444502
3 0.7305278226562499 0.43382940138888887 0.00857610156250006 0.04712523888888893
3 0.7149349148437499 0.4449176944444444 0.014033618749999999 0.024948655555555553
3 0.6494446929687501 0.4310573291666666 0.011694682031250014 0.02772072777777781
3 0.6806305125 0.4352154388888889 0.013253973437500033 0.02356261805555554
1 0.443618284375 0.3756158708333333 0.05223624687499999 0.06098560416666672
1 0.51565943125 0.3801559861111111 0.09168440546875001 0.05921756249999998
1 0.401517428125 0.4310573291666666 0.26196088515625 0.385318126388889
0 0.21206357343749999 0.28829557638888886 0.04833802031249999 0.022176581944444447
0 0.64866504765625 0.30076990555555555 0.04677872890625005 0.018018472222222255
0 0.746120734375 0.3340347791666667 0.014033618749999999 0.011088290277777762
0 0.732087115625 0.34512306944444443 0.02183007265625001 0.015246402777777807
0 0.32121394062499997 0.4061086736111111 0.010915038281250001 0.02217658194444449
0 0.38748380937500004 0.41165281666666664 0.009355745312499986 0.016632438888888934
0 0.39528026328125 0.38670416111111106 0.017931846875000046 0.015246402777777807
1 0.35239976015624996 0.4366014722222223 0.01169468359375001 0.03465091111111107
1 0.35785727968750003 0.43382940138888887 0.01247432734374998 0.03742298472222221
1 0.368772315625 0.4352154388888889 0.013253973437499988 0.03742298333333333
0 0.97065863515625 0.31324423194444445 0.028846882812499964 0.024948655555555553
0 0.9729975718749999 0.2896816125 0.023862700781250013 0.019404511111111116
