1 0 0.34571935416666666 0.15108944375 0.2765624638888889
1 0.92853076953125 0.4894693375 0.06943358359374993 0.17031247500000007
1 0.1678882390625 0.4226989222222223 0.11953123359375 0.11249998611111106
1 0.28566166171875 0.4039489236111111 0.07470702109374998 0.08124998749999995
1 0.5489647734374999 0.3815624541666667 0.07558592890625002 0.1234374819444445
1 0.1582031046875 0.4285155694444444 0.047460932031250014 0.0781249902777778
1 0.14589841875 0.44257806805555555 0.011425779687500004 0.07187499444444446
1 0.2696044578125 0.4175780722222222 0.027246090625000007 0.0421875
1 0.35156245546875 0.4191405722222222 0.03251952734375001 0.05156249722222223
1 0.5236083328125 0.40351557499999996 0.035156246875000005 0.060937493055555576
1 0.62402336015625 0.43007806805555554 0.034277340625000007 0.06406249722222222
1 0.6609374171875 0.4253905722222222 0.10371092656249994 0.11093748750000003
1 0.3832202421875 0.22894894583333333 0.1450195140625 0.3062499625
0 0.701894475 0.26406246666666666 0.014941404687500003 0.034374995833333345
0 0.69925775703125 0.3296874583333333 0.014941403125000008 0.046874995833333384
0 0.5537108671875 0.3656249541666667 0.00615234375 0.015624998611111036
0 0.03099491171875 0.3183674902777778 0.023246185156250005 0.027551031944444464
