1 0.45425959140625 0.4297665333333333 0.024584103125000034 0.024280593055555577
1 0.441967540625 0.4346226527777778 0.013657833593750012 0.01699641805555553
1 0.407822953125 0.4346226527777778 0.01912096796874998 0.02428059583333335
1 0.39279933515625 0.4370507111111111 0.015023617968750003 0.02185253611111114
1 0.42694392265625 0.4297665333333333 0.012292051562500017 0.021852534722222258
0 0.484306828125 0.37392116527777775 0.015023619531249999 0.02185253333333337
0 0.49113574453125003 0.38363340416666664 0.01502361875 0.03642089444444447
0 0.4802094765625 0.3860614611111111 0.009560485156249942 0.02185253611111114
1 0 0.46133130694444446 0.07733746953125001 0.22338147638888886
1 0.077984628125 0.42458297361111114 0.09943040078125001 0.06412069444444445
