car 0.43611483828125 0.4699498833333334 0.01721506015624996 0.01870278055555556
car 0.42463813203124995 0.47437052500000004 0.012433098437500067 0.02210328611111107
car 0.38064409140625 0.4760707777777778 0.028691765624999956 0.025503791666666664
car 0.33760644296875003 0.4692697666666667 0.04686321718749999 0.04930733055555558
car 0.13676408281250002 0.5015745694444445 0.0985083953125 0.07821163055555552
car 0.47819609453125 0.4760707777777778 0.008607529687500027 0.013602022222222211
car 0.48010887890625 0.4794712833333333 0.008607529687500027 0.01360202222222229
car 0.5212337429687499 0.4760707777777778 0.008607529687500027 0.010201516666666698
car 0.51071342890625 0.48117153611111113 0.018171452343749995 0.010201518055555504
car 0.50593146796875 0.4896728 0.02295341250000007 0.027204043055555537
car 0.48584723203125 0.48117153611111113 0.012433098437499979 0.01700252916666661
car 0.45524268203125 0.4760707777777778 0.026778981249999934 0.044206572222222226
car 0.52027735078125 0.4573679972222222 0.07077302187500001 0.11051643333333337
truck 0.40264111171875 0.46246875555555556 0.018171452343749995 0.03740556111111112
truck 0.27926651874999997 0.44206572222222223 0.05833992500000003 0.09351390277777773
truck 0 0.23973564166666664 0.0315609421875 0.3808566236111111
traffic sign 0.65398099609375 0.3808566222222222 0.022953412499999982 0.045906824999999984
traffic sign 0.85960531640625 0.24143589444444444 0.038255688281249964 0.08331238611111111
car 0.9403943640625 0.759728013888889 0.05833992343749994 0.1700252791666666
drivable area 0 0 0 0
drivable area 0 0 0 0
lane 0 0 0 0
lane 0 0 0 0
lane 0 0 0 0
lane 0 0 0 0
lane 0 0 0 0
lane 0 0 0 0
lane 0 0 0 0
lane 0 0 0 0
lane 0 0 0 0
lane 0 0 0 0
lane 0 0 0 0