person 0.45426045625 0.47483973333333335 0.021445772656249938 0.06238770138888883
person 0.48935353828125 0.46790776666666667 0.00974807890624998 0.04852376805555557
person 0.47570622890625 0.46097579861111115 0.013647309375000027 0.08664958888888886
person 0.4971520015625 0.4627087902777778 0.011697693750000049 0.09531454722222218
person 0.5088496953125 0.4471118652777778 0.011697694531249959 0.11611044583333331
person 0.52249700546875 0.4523108402777778 0.013647309375000027 0.12130942083333333
person 0.53516950703125 0.45750981527777773 0.02144577265625003 0.13170737361111115
person 0.551741240625 0.45750981527777773 0.015596925781250003 0.1247754041666667
person 0.5751366289062501 0.45750981527777773 0.02144577265625003 0.13863933888888894
person 0.6229022132812501 0.46097579861111115 0.022420580468750017 0.14557130555555553
person 0.69503799375 0.43671391527777775 0.02534500546874998 0.18369712222222223
person 0.76132492734375 0.44364588194444443 0.02826942890625004 0.16290122222222223
person 0.90072244921875 0.4297819486111111 0.033143467187499984 0.2114249902777778
person 0.9670093828124999 0.4089860472222222 0.030219044531250107 0.24435183333333338
person 0.5926831703125 0.4401798986111111 0.037042698437500035 0.18369712222222223
person 0.7077104960937499 0.42804895694444445 0.061412894531250026 0.22528892361111114
person 0.830536284375 0.4228499805555555 0.0409419296874999 0.19756105694444445
person 0.906571296875 0.3847241625 0.09163193749999987 0.44191289027777775
car 0.402595640625 0.4800387083333333 0.02047096484375004 0.032926843055555585
car 0.41136891093749994 0.4800387083333333 0.05458923906250002 0.06065470972222226
car 0.26319811875 0.43324793194444444 0.11210290078125 0.03119384861111109
truck 0.2320042671875 0.3812581791666667 0.07506020390625001 0.07278565277777777
truck 0.0926067453125 0.36219527083333336 0.12282578828125001 0.11264446250000001
truck 0 0.3015405597222222 0.11210290234375 0.19582806527777777
car 0 0.4540438319444445 0.1861882984375 0.22008995
car 0.08773270625 0.44537887361111117 0.3597040953125 0.45231084027777774
drivable area 0 0 0 0
lane 0 0 0 0
lane 0 0 0 0
lane 0 0 0 0
lane 0 0 0 0
lane 0 0 0 0