car 0.3712498703125 0.6511604875 0.012656245312500003 0.02249999166666667
car 0.42925766249999997 0.6305354944444445 0.015820307031250015 0.03937498888888895
truck 0.47460920859375 0.6211604986111111 0.028476553906250056 0.0506249819444444
car 0.313242078125 0.6211604986111111 0.051679669531249986 0.06937497499999996
car 0.37441393125 0.6286604958333334 0.06644528906249998 0.0749999736111111
car 0.0674999765625 0.6549104861111111 0.061171853124999995 0.07124997499999992
car 0 0.6586604847222222 0.07804684765625 0.09374996805555563
car 0.098085903125 0.6192854986111112 0.1297265171875 0.12937495555555556
traffic sign 0.24257803984374998 0.6042855041666666 0.01371093281250002 0.0318749888888889
traffic sign 0.22570304609375 0.6061605027777778 0.012656245312500003 0.026249991666666656
person 0.55205338125 0.6286604958333334 0.015820305468750018 0.04874998333333333
car 0.566819 0.6286604958333334 0.022148430468750036 0.0393749861111111
car 0.5910768046875 0.6192854986111112 0.01687499453125003 0.05437498333333334
car 0.60373305 0.6080355027777778 0.053789043749999974 0.06749997638888883
person 0.5793245812500001 0.6305354944444445 0.01371093124999998 0.056249980555555606
person 0.6320589375 0.6211604986111111 0.015820307031250015 0.06937497499999996
truck 0.46300765078125006 0.6215622819444444 0.01792968124999996 0.04312498472222227
car 0.4503514046875 0.6464997791666667 0.011601558593750028 0.018749993055555494
truck 0.45773421484375004 0.6384372763888889 0.00949218437499999 0.018749993055555494
traffic sign 0.34171863046875 0.5784372972222223 0.011601558593749983 0.029999990277777756
drivable area 0 0 0 0
drivable area 0 0 0 0
drivable area 0 0 0 0
lane 0 0 0 0
lane 0 0 0 0
lane 0 0 0 0
lane 0 0 0 0
lane 0 0 0 0
lane 0 0 0 0