0 0.48120084140625 0.4863277902777777 0.005273433593749921 0.01874998750000003
0 0.5130227140625 0.48796840694444443 0.01054686718750002 0.02578123194444449
1 0.31080300859375 0.5373043180555556 0.018457018749999988 0.035156224999999985
1 0.2857541984375 0.530273075 0.027685527343750006 0.05156246250000002
1 0.26861553828125 0.5419918152777777 0.026367168749999958 0.04687496944444444
1 0.22379135 0.5208980791666667 0.030322244531250007 0.014062490277777723
1 0.21324448203125002 0.5326168208333333 0.03164060390624997 0.03046872916666672
1 0.22774642578124998 0.5349605694444445 0.04877926328125 0.0679687041666667
1 0.40176974296875 0.5232418277777777 0.010546868750000016 0.01874998750000003
1 0.40967989375 0.5185543319444444 0.010546867968750017 0.007031245833333265
1 0.39122287578125003 0.527929325 0.013183584374999979 0.021093733333333375
1 0.38331272421875 0.530273075 0.010546867968750017 0.018749986111111148
1 0.41099825234375 0.5208980791666667 0.015820301562500028 0.023437484722222183
1 0.17552294609375002 0.5498433722222222 0.05273433828125 0.06796870277777782
1 0.10430443984375 0.5545573527777777 0.08044701640625 0.08434845833333332
1 0.45087859609375 0.5226558888888888 0.009228510156250013 0.02343748472222226
1 0.4601071046875 0.5109371486111112 0.022412094531250037 0.03984372222222221
1 0.49965785937499996 0.5085934 0.019775376562500037 0.011718741666666688
1 0.4798824828125 0.5156246458333333 0.018457017968749944 0.05390621249999994
1 0.5233883125000001 0.5132808958333334 0.018457017968749944 0.03984372222222221
1 0.5405269726562499 0.5062496513888889 0.04218747031250007 0.0656249555555555
1 0.67104446015625 0.4945309097222222 0.07910150859374995 0.11484367083333337
1 0.36518529609375 0.5273433875 0.01977537734374999 0.03515622638888895
1 0.4245114265625 0.5179683944444444 0.029003886718749962 0.04453121944444444
1 0.4891109921875 0.5203121416666667 0.05141597890625001 0.06562495416666662
1 0.5655757828125 0.4992184069444444 0.15952137500000002 0.16406238749999996
1 0.04236874140625 0.5653121055555556 0.08041986640625001 0.10781242638888884
1 0.857114275 0.47859341388888893 0.14238271562500007 0.21562485138888887
1 0.9625829523437501 0.6168745708333334 0.036914036718749973 0.3515622583333332
