car 0.006642580468750001 0.7030821625 0.1251975078125 0.11856710833333339
car 0.17279254296875 0.6323579208333333 0.16146968359375002 0.20593235138888882
car 0.31320096171875 0.6489989194444444 0.02106126484375004 0.05408324444444443
car 0.33660236640624996 0.6510790444444444 0.03393203593750003 0.043682618055555546
truck 0.36702419062499997 0.6115566736111111 0.035102105468750054 0.0665639930555555
car 0.39978615624999997 0.628197675 0.03276196406250005 0.06656399166666671
car 0.5109428203124999 0.619877173611111 0.012870774218750025 0.033281994444444504
car 0.5191333140625 0.619877173611111 0.03276196328125005 0.04576274722222225
car 0.42084741875000004 0.6219573 0.11349680624999996 0.1539292305555555
car 0.54955513671875 0.615716925 0.053823228125 0.07904474027777779
person 0.900661509375 0.5418724944444444 0.021061266406250036 0.11440685972222227
person 0.8831104585937499 0.5647538666666667 0.017551053906250048 0.08736524166666662
person 0.8831104585937499 0.6001159875 0.017551053906250048 0.06448386666666665
person 0.8772601078125 0.5793147402777777 0.009360560156249953 0.08528511388888889
traffic light 0.85143324140625 0.46178769444444445 0.021061261718750047 0.049922993055555524
traffic sign 0.68177306484375 0.46178769444444445 0.012870771874999942 0.01872112222222218
traffic sign 0.62677976796875 0.5429125569444444 0.01287077187500003 0.022881370833333314
traffic light 0.877174784375 0.4590141930555556 0.02106126328125004 0.0457627444444444
drivable area 0 0 0 0
drivable area 0 0 0 0
lane 0 0 0 0
lane 0 0 0 0
lane 0 0 0 0
lane 0 0 0 0
lane 0 0 0 0
lane 0 0 0 0
lane 0 0 0 0
lane 0 0 0 0
lane 0 0 0 0
lane 0 0 0 0
lane 0 0 0 0