traffic sign 0.5807688007812499 0.31012591805555556 0.03060453203125002 0.011221661111111125
traffic sign 0.5719879367187499 0.3215176013888889 0.045906796093750035 0.0501574263888889
traffic sign 0.540905209375 0.32491810416666667 0.026778964843750065 0.040806041666666695
traffic sign 0.48160893046875 0.3223677277777778 0.05833988828125003 0.046756922222222226
traffic sign 0.54951273359375 0.40227955833333334 0.03012633593749996 0.020403020833333348
traffic sign 0.49691118906250004 0.42778335 0.010998503124999993 0.01020150972222227
truck 0.3123276078125 0.3793261638888889 0.039212056250000016 0.06120906388888885
car 0.0005439453125 0.40653018888888887 0.05403612578125 0.07311082361111111
car 0.46603597187499995 0.42396992361111113 0.00860752421875004 0.00850125833333332
car 0.45025551015625 0.4188691680555556 0.016258657812500042 0.015302263888888884
car 0.4373442234375 0.41801904166666665 0.010520307812500018 0.015302266666666656
car 0.42538932812499997 0.41801904166666665 0.013867678125000005 0.017852644444444444
car 0.4124780421875 0.4205694194444444 0.016736853125000017 0.015302266666666656
car 0.38139531484375 0.41546866388888887 0.03012633593749996 0.0136020138888889
car 0.50681925234375 0.4392721888888889 0.006694740624999973 0.005950880555555532
car 0.524341696875 0.41117755 0.054514321093749984 0.07296913333333334
car 0.5219507171875 0.4259130611111111 0.010042112500000044 0.01530226527777777
traffic sign 0.5780610523437499 0.30881912083333335 0.032168659375 0.010397949999999965
drivable area 0 0 0 0
drivable area 0 0 0 0
drivable area 0 0 0 0
drivable area 0 0 0 0
lane 0 0 0 0
lane 0 0 0 0
lane 0 0 0 0
lane 0 0 0 0
lane 0 0 0 0
lane 0 0 0 0
lane 0 0 0 0
lane 0 0 0 0
lane 0 0 0 0
lane 0 0 0 0