1 0.67288016484375 0.6612247861111111 0.013775517187499985 0.022959194444444442
1 0.66168755859375 0.6596941736111112 0.010331636718750037 0.02448980694444442
1 0.6513559203125 0.6581635611111112 0.010331636718749948 0.026020419444444404
1 0.63241458515625 0.6474492708333334 0.022385214062499957 0.03673470972222219
1 0.6255268257812501 0.6535717222222223 0.017219397656249934 0.03520409722222221
1 0.6177780984375 0.6535717222222223 0.018941334375000007 0.04438777500000002
1 0.58936609765625 0.6306125263888889 0.030994911718750018 0.07040819444444442
1 0.56439797265625 0.6352043652777778 0.05251915546874999 0.07040819444444442
1 0.41992724765625 0.5834696444444444 0.11795285937499997 0.1576531319444444
1 0.68235083203125 0.6385717097222222 0.08179212812499995 0.13622454861111105
