traffic light 0.458074646875 0.3868121944444444 0.009366107812499979 0.014089186111111159
traffic sign 0.47651867656249997 0.43676476249999996 0.010807046093750028 0.02689753750000005
traffic sign 0.45778646328125 0.43804559722222225 0.010086575781249963 0.02433586666666664
traffic light 0.27467908515625 0.39129511666666666 0.0072046976562500035 0.015370020833333341
traffic light 0.2977341171875 0.3810484361111111 0.0057637578125000035 0.016650855555555528
car 0.377814334375 0.4518786194444444 0.01873221328125001 0.03842505416666668
car 0.35980259062500003 0.45828279583333337 0.023775500781249993 0.030740041666666683
car 0.31441299765625 0.46212530138888885 0.017291272656249967 0.02689753750000005
car 0.26542105625 0.4570019597222222 0.04034630468750002 0.038425052777777795
car 0.24236602421875003 0.4608444652777778 0.023775500781249993 0.03586338194444447
car 0.1933740828125 0.4531594555555556 0.050432881250000026 0.04739089861111109
car 0.1703190515625 0.46340613611111114 0.034582546874999995 0.030740041666666683
car 0.09106737421875 0.44675527916666663 0.025936910156249993 0.05507590972222229
car 0.10115395078125 0.4531594555555556 0.09222012578125001 0.05251423749999999
car 0.0492801296875 0.42882358888888894 0.048991942968749994 0.08069260972222216
car 0.43112908359375 0.4608444652777778 0.08285401796874999 0.1203984972222222
traffic light 0.0151439359375 0.2459453513888889 0.026657380468750002 0.1011859722222222
drivable area 0 0 0 0
lane 0 0 0 0
lane 0 0 0 0
lane 0 0 0 0
lane 0 0 0 0
lane 0 0 0 0
lane 0 0 0 0