car 0.42622433437499996 0.4015105416666666 0.017588745312500008 0.028549845833333382
car 0.4415188953125 0.4015105416666666 0.022941841406249976 0.035347427777777794
car 0.52334479765625 0.4042295763888889 0.0244712984375 0.04078549583333329
car 0.6311714515625 0.4259818402777778 0.04741313984374997 0.046223562499999975
car 0.7703519578125 0.41238667361111114 0.11317975156249993 0.10332325694444443
drivable area 0 0 0 0
drivable area 0 0 0 0
drivable area 0 0 0 0
lane 0 0 0 0
lane 0 0 0 0
lane 0 0 0 0
lane 0 0 0 0
lane 0 0 0 0
lane 0 0 0 0
lane 0 0 0 0
lane 0 0 0 0