car 0.33143466796875 0.3656612541666666 0.056538854687499994 0.0953145444444445
car 0.1462211765625 0.36739424583333335 0.10722886406249998 0.1074454861111111
car 0.25247523203125 0.3569962958333333 0.033143467187499984 0.051989751388888866
car 0.2797698515625 0.3725932208333333 0.014622117968750015 0.027727868055555563
car 0.30608966328125 0.3639282625 0.018521350000000013 0.022528891666666655
car 0.32851024375 0.3639282625 0.016571733593749992 0.022528891666666655
car 0.29439196953125 0.3604622791666667 0.012672500781249995 0.024261883333333303
traffic sign 0.49227796250000005 0.32580244444444445 0.024370196093749998 0.046790776388888844
traffic sign 0.3714017890625 0.3465983458333333 0.018521349218749972 0.027727865277777833
traffic sign 0.3216865890625 0.3431323611111111 0.0116976953125 0.01386393611111111
traffic sign 0.3119385109375 0.3448653541666667 0.010722885937500015 0.012130941666666652
car 0.38602390703125 0.3725932208333333 0.015596925781250003 0.019062911111111133
drivable area 0 0 0 0
drivable area 0 0 0 0
lane 0 0 0 0
lane 0 0 0 0
lane 0 0 0 0
lane 0 0 0 0
lane 0 0 0 0
lane 0 0 0 0