car 0.44746478984375004 0.42352294027777776 0.01775518437499999 0.021852534722222258
car 0.43517273906250004 0.42109488055555555 0.021852535937499962 0.029136712499999995
car 0.421514903125 0.41623876111111113 0.03141302109374999 0.04370507083333332
car 0.394199234375 0.40409846111111114 0.042339287500000024 0.07284178472222219
car 0.36688356484375 0.3968142819444444 0.04507085546874996 0.10683461944444446
car 0.29722860859375 0.37496174861111115 0.09833641093749997 0.15296774999999999
car 0.24942618671875 0.38710204583333335 0.10106797812499999 0.16996416666666664
car 0.009048294531249999 0.2656990722222222 0.28954609765625 0.40062981805555553
car 0 0.37253368888888894 0.14152929140624998 0.40791399583333326
car 0.4638541921875 0.425951 0.02458410234374995 0.026708652777777706
car 0.4911698609375 0.42352294027777776 0.01638940234374999 0.03156477222222228
car 0.49799877890625 0.425951 0.023218317968749957 0.031564772222222204
car 0.5089250468750001 0.42109488055555555 0.025949885937499938 0.04127701111111111
car 0.5198513140625 0.42109488055555555 0.036876153125000054 0.05341730972222223
car 0.5471669828125 0.41866682083333334 0.058728689843750015 0.06798566666666667
car 0.574482653125 0.425951 0.03960772109374995 0.08255402361111111
car 0.59360362109375 0.41138264027777777 0.076483875 0.1189749166666667
car 0.63321134140625 0.39195816527777777 0.12701786328124998 0.1602519277777778
car 0.7069636499999999 0.38953010555555556 0.2581330765625001 0.2428059513888889
car 0.9145627382812499 0.4696560694444445 0.08467857656250004 0.24523400833333334
drivable area 0 0 0 0