0 0.6749997640625 0.043124984722222225 0.024257803906249986 0.1087499625
0 0.63175759140625 0.04499998472222222 0.026367177343750027 0.10312496527777779
0 0.75832004765625 0.48749982777777773 0.01371093124999998 0.029999990277777833
0 0.7889059742187501 0.4799998319444444 0.023203116406249967 0.04312498472222227
0 0.0010546875 0.48937482777777774 0.0052734359374999994 0.029999990277777756
0 0.4155467296875 0.5368748027777778 0.010546870312500012 0.022499990277777788
0 0.48410139374999994 0.5312498041666667 0.01160155781250003 0.020624993055555527
0 0.3986717359375 0.5706247902777778 0.010546872656249961 0.022499990277777788
0 0.5273435656250001 0.5837497875 0.007382808593749957 0.016874990277777772
0 0.7456638015625 0.3881248625 0.049570293749999994 0.08624996805555551
0 0.7467184890625 0.3524998763888889 0.04640623515625002 0.03562498888888888
0 0.516163890625 0.5583748083333333 0.00949218437499999 0.018749997222222228
1 0.42582992890625004 0.5981247902777778 0.014765620312499995 0.026249991666666656
1 0.45219710781250005 0.5906247944444444 0.010546871874999919 0.020624993055555603
1 0.48067366015625 0.5943747916666667 0.009492182812499994 0.018749993055555494
1 0.48805646874999997 0.5924997944444444 0.01792968203125005 0.022499990277777788
1 0.49860334140624996 0.5943747916666667 0.015820306250000016 0.029999990277777756
1 0.5038767765625 0.5981247902777778 0.02953124062499999 0.037499988888888836
1 0.5259373218750001 0.6049997958333333 0.026367177343749937 0.04687498611111115
1 0.53859356640625 0.6049997958333333 0.043242174218749964 0.05812498055555556
1 0.57016386875 0.5973748041666667 0.04429685937499998 0.08624996805555558
1 0.34129676171875 0.5973748041666667 0.01371093281250002 0.0356249875
1 0.31914833203125 0.5992498013888888 0.024257803906249986 0.0431249847222222
1 0.303328025 0.5954998041666667 0.0253124921875 0.049031222222222226
1 0.26936709453124996 0.5882810444444444 0.03796873593750001 0.061874976388888885
1 0.24932803828125 0.5898748041666667 0.04007811171875 0.06562497638888887
1 0.1881561859375 0.5917498041666667 0.0727734125 0.07312497499999995
1 0.44184798984375 0.6041247888888889 0.02003905546875 0.02249999166666667
1 0.5916135625 0.5816247972222223 0.10757808750000004 0.13124995555555552
1 0.3469261484375 0.5872497944444445 0.09281246640624996 0.11999995694444444
1 0.08536373984375 0.5891247944444444 0.12128901875000002 0.08999996666666668
