traffic sign 0.5739231796875 0.4928017625 0.01464089765625003 0.020822611111111104
traffic sign 0.57685135859375 0.4633030638888889 0.020497256250000005 0.019087393055555502
traffic light 0.7281406328125 0.4858608930555555 0.013664837500000004 0.017352174999999984
traffic light 0.57977953828125 0.4459508916666666 0.010736658593750014 0.022557827777777817
traffic sign 0.90773564140625 0.4164521944444444 0.023425435156249997 0.03470434861111116
traffic sign 0.90480746171875 0.4580974111111111 0.023425435156249997 0.03817478472222228
traffic sign 0.9311610765625 0.4164521944444444 0.016593016406249994 0.04858609027777779
traffic sign 0.9311610765625 0.46677349999999995 0.018545136718750042 0.04338043611111115
car 0.84917205078125 0.50147785 0.08003690624999997 0.08502565555555558
car 0.75156606875 0.5240356791666666 0.07418054687500009 0.10237783055555556
car 0.6939785390625001 0.5275061111111111 0.03513815390624995 0.04164521944444444
car 0.658840384375 0.5309765472222222 0.03875251562499997 0.04699180555555552
car 0.6022289140625 0.5257708944444445 0.03220997499999996 0.04164521805555555
car 0.44703540234375005 0.5292413291666667 0.07418054609375 0.07287913472222217
car 0.54073714453125 0.5379174166666667 0.022449375781249968 0.027763480555555574
car 0.3591900171875 0.5379174166666667 0.08979750312500001 0.08329043888888887
car 0.20204438359375 0.532711763888889 0.16007381328125003 0.11452435416666659
car 0.0009760601562500001 0.5101539388888889 0.19618802421874998 0.1665808777777778
drivable area 0 0 0 0
drivable area 0 0 0 0
lane 0 0 0 0
lane 0 0 0 0
lane 0 0 0 0
lane 0 0 0 0
lane 0 0 0 0