1 0.39094890546875 0.46910195972222224 0.01756377031249996 0.036734684722222175
1 0.371318809375 0.4746121611111111 0.02066326015625002 0.036734686111111144
1 0.3537550359375 0.46910195972222224 0.02169642343750002 0.047755091666666596
1 0.33929075390625 0.467265225 0.022729586718749983 0.05510202777777774
1 0.32482647187499997 0.4635917555555556 0.028928564062500016 0.060612231944444435
1 0.30622953515625 0.45991828611111113 0.03719387031249997 0.07714284027777778
1 0.41574481875 0.47277542916666665 0.010331630468749964 0.027551011111111103
1 0.42297696015625 0.4746121611111111 0.013431121874999974 0.02571427638888887
1 0.42814277578125 0.46910195972222224 0.015497443749999996 0.04224488888888887
1 0.43020910234375 0.47277542916666665 0.02892856562500006 0.05326529305555559
1 0.25002545703125 0.4573468416666666 0.07335457734375002 0.09918365277777781
1 0.43413510859375004 0.4573468416666666 0.05475764062500001 0.08816324722222227
1 0.7649539125 0.48857132499999995 0.208698934375 0.12857140138888892
1 0.95918856484375 0.5124488694444445 0.022729587499999936 0.07897957361111112
0 0.20309033671875 0.07845478194444444 0.023762750000000034 0.09734691666666667
0 0.55746526015625 0.028862955555555552 0.024795912500000038 0.1212244638888889
0 0.1772612578125 0.07845478194444444 0.026862240625 0.08816324583333333
0 0.52543720625 0.028862955555555552 0.030994892187499977 0.10653058888888887
0 0.03675108515625 0.2894168513888889 0.04339284765625 0.029387748611111104
0 0.03158527109375 0.19390667083333335 0.02582907578125 0.02571427638888887
0 0.0729117921875 0.35186581527777777 0.024795912499999996 0.04224489027777775
0 0.9255262515625 0.2433098972222222 0.05062499062499999 0.08999998055555558
0 0.9846043984374999 0.2524197777777778 0.013431120312500155 0.09551018194444442
0 0.94761716015625 0.13959180694444445 0.03719386875000001 0.055102030555555556
0 0.9507166484375 0.1928571 0.048558661718749896 0.05326529583333332
