traffic sign 0.4576555953125 0.5270055708333333 0.01928894296874999 0.030681826388888882
traffic sign 0.41197125078125 0.5161766888888889 0.02436498359375001 0.04151070972222218
traffic sign 0.33380026171875 0.5017381819444444 0.017258528124999995 0.039705898611111144
traffic sign 0.51653763984375 0.6262703180555556 0.019288944531249984 0.0288770125
car 0.318013796875 0.6551473361111111 0.01827373515624999 0.028877013888888886
car 0.38501750078125 0.6677810305555556 0.013197696093750011 0.023462576388888896
car 0.37080459375 0.6641714069444444 0.013197699218750003 0.01804813055555551
car 0.34440919296875 0.65695215 0.013197699218750003 0.01985294444444447
drivable area 0 0 0 0
drivable area 0 0 0 0
lane 0 0 0 0
lane 0 0 0 0
lane 0 0 0 0
lane 0 0 0 0
lane 0 0 0 0