car 0.23775930625 0.4831885527777778 0.0510642453125 0.09810191805555554
car 0.35636013593750004 0.47440330416666665 0.021414038281249992 0.06149672638888891
car 0.6100341257812499 0.3806940111111111 0.11448274140625 0.18156175972222222
car 0.45669554296875 0.4663501625 0.021414039062500036 0.027819947222222256
car 0.47810958203125004 0.42828076388888886 0.018943187499999948 0.02489153055555554
car 0.30885631953125003 0.4707427847222222 0.05435871171874997 0.07906721944444446
car 0.4175737421875 0.49270590277777776 0.022237656250000005 0.033676779166666726
car 0.4307516140625 0.4326733861111111 0.019766804687500007 0.032212569444444485
car 0.45793096875000006 0.47659961944444446 0.03129744218749995 0.042462022222222215
car 0.44310586484375003 0.3711766597222222 0.011530636718749942 0.01610628472222228
car 0.47687415624999996 0.3916755680555556 0.011530635937500033 0.017570491666666674
car 0.46287267109375 0.3799619069444444 0.009883402343750004 0.020498909722222278
car 0.5172313828124999 0.44585125694444444 0.03623914062500004 0.06149672500000002
car 0.50570074609375 0.4663501625 0.016472336718749946 0.04539043750000005
car 0.48346309140625 0.45170808611111113 0.028826589062499953 0.03367677916666665
car 0.4884047921875 0.47806382361111116 0.019766804687500007 0.03953361111111112
car 0 0.38947925694444446 0.25103840546875 0.36898034722222217
car 0.6784955515625 0.28552050833333337 0.3195633375000001 0.33091095
car 0.41105509453125 0.431134475 0.013108817968749964 0.018310730555555526
car 0.4232275671875 0.4161529666666667 0.014981507031250008 0.028298402777777752
traffic light 0.3895191765625 0.4078299097222222 0.008427098437500025 0.028298401388888866
drivable area 0 0 0 0
lane 0 0 0 0
lane 0 0 0 0