0 0.33338428359375 0.26861371805555556 0.013647309375000027 0.039858809722222215
0 0.18716310625000002 0.27381269305555556 0.013647310156249981 0.0415918013888889
0 0.19983560859375 0.27381269305555556 0.011697693750000005 0.039858809722222215
0 0.34605678515625 0.26861371805555556 0.008773271093750035 0.038125818055555524
0 0.43476429921875 0.36219527083333336 0.01852134921875006 0.012130941666666692
0 0.44353756953124995 0.33273441111111113 0.011697694531250047 0.017329918055555518
0 0.44451237734375004 0.37605920416666666 0.010722886718749968 0.015596926388888871
0 0.282694275 0.3483313375 0.010722886718749968 0.024261883333333303
1 0.31876216562500004 0.35006432916666663 0.04094192968749999 0.07105265833333334
1 0.30608966328125 0.40378707222222227 0.015596925781250003 0.025994876388888834
1 0.280744659375 0.3951221138888889 0.023395388281250006 0.0329268430555555
1 0.2242058046875 0.3968551055555556 0.057513662499999986 0.053722743055555515
1 0.181314259375 0.39165613055555554 0.045815968750000005 0.07105265833333334
1 0.11210290234375 0.39165613055555554 0.081883859375 0.09531454444444441
1 0.0887075140625 0.41245203055555557 0.030219042968749988 0.04679077638888892
1 0 0.4107190388888889 0.11307771015625001 0.11611044583333331
1 0.43086506796875 0.40378707222222227 0.05556404687500001 0.10224651111111108
1 0.460109303125 0.38645715555555554 0.11210290234375 0.1490372861111111
0 0.51957258203125 0.37086022916666667 0.014622116406250019 0.027727868055555563
1 0.53224508359375 0.4055200638888889 0.16279291015625005 0.17503216388888893
1 0.65409606484375 0.3569962958333333 0.2797698515625 0.3310014194444445
1 0.3090140875 0.3639282625 0.10820366953125 0.1732991722222222
