car 0.30076700078125 0.4645309236111111 0.04746090468749999 0.05624995972222224
person 0.613217959375 0.43171844583333335 0.027685526562499962 0.09843743472222223
person 0.49324733828125 0.4364059430555556 0.01582030078125003 0.05624996111111105
car 0.3271341703125 0.4504684333333333 0.13447256406250002 0.20156236111111114
bus 0.023911722656250002 0.3567184972222222 0.2794919953125 0.2578123222222223
car 0.65342519296875 0.39927064166666665 0.346071796875 0.4824474944444444
traffic light 0.36009313203125004 0.4153847041666666 0.010328850781249965 0.030396231944444452
traffic light 0.4141458296875 0.3849470319444444 0.009228509375000016 0.023333930555555563
traffic light 0.42337433906250005 0.36609349166666666 0.007910150781249925 0.023437483333333377
drivable area 0 0 0 0
drivable area 0 0 0 0
lane 0 0 0 0
lane 0 0 0 0
lane 0 0 0 0
lane 0 0 0 0
lane 0 0 0 0