traffic sign 0.7554760804687499 0.3587292875 0.03119385078125001 0.0831836027777778
traffic sign 0.62680144453125 0.46097579861111115 0.02631981328125006 0.057188727777777774
traffic light 0.453753675 0.5077665763888889 0.008305243750000014 0.02308537500000006
traffic light 0.4094192953125 0.5025676 0.005848846875000024 0.020795902777777778
traffic light 0.4055200640625 0.5043005916666666 0.003899231249999957 0.020795901388888892
car 0.38699871484375004 0.5944161625000001 0.014622117187499973 0.024261883333333303
car 0.402595640625 0.5926831708333333 0.016571732812499997 0.024261881944444497
car 0.42111698906250006 0.5874841944444444 0.032168659375 0.04852377222222215
truck 0.48058026796875 0.5337614513888889 0.047765584375 0.07971761805555554
car 0.44451237734375004 0.5718872694444445 0.06433731796875 0.09011557083333335
car 0.509824503125 0.5718872694444445 0.045815968749999936 0.06931966944444447
car 0.52542142890625 0.5909501791666667 0.026319811718749975 0.06065470972222226
car 0.5478420093749999 0.5493583777777777 0.07993424375 0.13170737083333336
car 0.57221220546875 0.5510913694444444 0.11697694062500004 0.16636720555555554
car 0.62972586875 0.5216305097222222 0.32851024375 0.31367150277777783
car 0.88902475546875 0.6498718972222222 0.11015328671874994 0.3448653541666667
car 0.364578134375 0.5961491541666667 0.019496157031250006 0.03119384861111109
car 0.34800640078125 0.5961491541666667 0.015596925781250003 0.03985880972222217
car 0.33338428359375 0.5926831708333333 0.020470964062499996 0.04679077638888892
car 0.3177873578125 0.5926831708333333 0.024370196093749998 0.04852376805555557
car 0.29439196953125 0.5857512027777777 0.031193850781249966 0.06238770416666668
car 0.25637446328125 0.5857512027777777 0.047765584375 0.06238770416666668
car 0.21445772578125002 0.5978821458333333 0.08578309062499997 0.08491659444444445
car 0.11112809453125001 0.5788192361111111 0.10138001562499999 0.13863933888888885
drivable area 0 0 0 0
lane 0 0 0 0
lane 0 0 0 0