car 0.0007796453125 0.6791578486111111 0.05925305703125 0.06237163888888896
car 0.6814101578125 0.5918375541666667 0.11460788749999998 0.10256669583333336
car 0.6034456078125 0.6056979180555556 0.048817541406249984 0.051538927777777764
car 0.42880501953124994 0.6140141375 0.02494865468750005 0.03326487777777779
car 0.48883772187499996 0.6140141375 0.027287592187500032 0.029106765277777828
car 0.314976778125 0.6306465736111111 0.03430440156249999 0.03187883888888889
car 0.38670416171875 0.6251024277777778 0.024169010156249948 0.027720729166666618
car 0.1645051984375 0.6417348652777778 0.05613447500000002 0.051283347222222234
car 0.222978609375 0.6320326097222222 0.049897310156250006 0.05821353055555557
car 0.34772188828125 0.6320326097222222 0.022609718749999973 0.02910676666666671
car 0.37189089921875 0.6334186486111111 0.014033618749999999 0.020790544444444472
car 0.5894119890625 0.6223303555555556 0.019491137499999932 0.04296712916666665
car 0.57148014375 0.6167862097222222 0.025728303906250007 0.03742298194444445
car 0.561344753125 0.6126281013888889 0.01715220078124995 0.03880902361111112
car 0.541853615625 0.6112420652777778 0.02338936250000003 0.033264873611111134
car 0.52781999609375 0.6098560291666667 0.02027078203124999 0.03465090555555553
traffic sign 0.6697154750000001 0.5225357319444445 0.02027078281249999 0.03880902361111112
traffic sign 0.5480907796875 0.5530285333333333 0.021050427343750046 0.011088290277777762
traffic light 0.43894041015624996 0.5599587166666666 0.007016809375000044 0.022176580555555523
traffic light 0.45765190234375003 0.5779771902777777 0.006237163281249991 0.026334691666666684
traffic light 0.5379553875 0.5474843888888888 0.005457518750000024 0.024948655555555553
traffic sign 0.5441925515625 0.5821352986111111 0.009355746093750028 0.01940450972222223
car 0.06860880312499999 0.6514371208333333 0.0857610046875 0.07068785555555558
drivable area 0 0 0 0
lane 0 0 0 0
lane 0 0 0 0
lane 0 0 0 0
lane 0 0 0 0