car 0.5572396578125 0.5001802583333333 0.03687615468750005 0.05584536805555555
car 0.55587387421875 0.4977522 0.039607721093750034 0.058273429166666724
car 0.53948447265625 0.48803995972222225 0.025949886718750027 0.03399283611111106
car 0.60094472890625 0.49532414027777777 0.015023617968750003 0.016996416666666646
car 0.45480589687500006 0.48925399166666667 0.05463133906249995 0.06919969583333332
traffic sign 0.60094472890625 0.44676294861111115 0.008194700781250041 0.021852536111111064
traffic sign 0.681525953125 0.4540471277777778 0.0068289179687500475 0.021852537500000026
traffic sign 0.6719654703125 0.44919100972222226 0.034144585937499985 0.021852536111111064
traffic sign 0.45398643828124996 0.3812053430555556 0.05599712343750003 0.03399283333333329
car 0.64874715078125 0.49046802083333335 0.016935727343749995 0.024280597222222235
drivable area 0 0 0 0
drivable area 0 0 0 0
lane 0 0 0 0
lane 0 0 0 0
lane 0 0 0 0
lane 0 0 0 0
lane 0 0 0 0
lane 0 0 0 0
lane 0 0 0 0
lane 0 0 0 0
lane 0 0 0 0