car 0.7810652359375 0.4031999680555555 0.21788194999999994 0.28136715000000007
car 0.25607985234375 0.30826780277777777 0.32766741484375 0.4634646958333333
car 0.6327777921875 0.4166930291666667 0.13872051250000003 0.12330712083333337
car 0.013318959375 0.3614174236111111 0.08968998515625 0.1020472694444444
car 0.08985441250000001 0.36566939444444446 0.05979332421875 0.08716537777777779
car 0.134101471875 0.3762993166666667 0.06098919140625001 0.07440946805555555
car 0.1699774671875 0.3635434083333334 0.05022639140624998 0.08503939166666667
car 0.22259559140625 0.37417333194444446 0.03109252812500003 0.055275604166666645
car 0.533520875 0.38055128611111105 0.09566931796875 0.10417325972222223
truck 0.26252224218750003 0.29099997638888886 0.07593749374999996 0.1379999902777778
lane 0 0 0 0
lane 0 0 0 0
lane 0 0 0 0
lane 0 0 0 0