0 0.2066060546875 0.18711491944444447 0.04366014765624997 0.08177614722222219
0 0.1972503078125 0.2564167402777778 0.02728759296875003 0.04019505694444443
0 0.4264660828125 0.3575973972222222 0.014033618749999999 0.02217658472222226
1 0.6268349734374999 0.42274110972222223 0.05301589296875005 0.09147840416666662
1 0.45297402968749995 0.25087259305555554 0.17464058906250007 0.3770019083333333
1 0.8778808218749999 0.451847875 0.12084505000000015 0.1580081527777778
1 0.8396781921875001 0.42274110972222223 0.04911766484375004 0.0457392027777778
1 0.8895755046874999 0.418583 0.0576937656250001 0.05821353055555557
1 0.9488285609375 0.4250388208333333 0.0500335203125001 0.0545297819444445
0 0.934015296875 0.3201744138888889 0.02572830078125001 0.02772072916666666
