1 0.2687462046875 0.4434259305555555 0.024866198437499997 0.022103284722222265
1 0.200842359375 0.43152416111111114 0.06981663125000001 0.049307330555555494
1 0.14919718125 0.43152416111111114 0.06503467031249999 0.040806066666666634
1 0.47245774140624996 0.42982390833333334 0.024866196875000045 0.03910581666666672
1 0.59487594140625 0.42982390833333334 0.021040626562500008 0.03740556111111112
1 0.63121884453125 0.42472314999999994 0.02199702031250004 0.01870278055555556
1 0.64843390390625 0.4264234027777778 0.028691765624999997 0.0306045513888889
1 0.672343709375 0.42472314999999994 0.03156094218750001 0.07991188055555559
1 0.60635264765625 0.4366249194444444 0.06599105937500002 0.07481112222222223
1 0.3596034640625 0.4026198638888889 0.10137757187500003 0.14792199444444443
1 0.48393444765625004 0.39411860000000004 0.12337459140624993 0.21763235555555555
1 0.6893675070312499 0.41452163333333336 0.09946478750000001 0.1275189597222222
1 0 0.3686148069444445 0.27735373359375004 0.4471665055555555
1 0.85864892421875 0.4580481138888889 0.14058965312499988 0.19722932638888888
0 0.45046072109375 0.3530351597222222 0.006694746874999958 0.022380652777777735
0 0.58148645 0.3380102513888889 0.006694746875000046 0.027204047222222232
0 0.64652111953125 0.40261985694444447 0.008607529687499938 0.011901769444444455
0 0.57670448984375 0.3397105041666667 0.004781959374999989 0.02210328472222219
0 0.44567875937499996 0.3856173361111111 0.014345882812500044 0.008501263888888942
0 0.6360008046875001 0.3465115222222222 0.012433098437499979 0.017002527777777804
0 0.63695719765625 0.38391708333333335 0.011476706250000034 0.008501263888888862
3 0.96576485 0.42132264583333334 0.026778982031249933 0.047607077777777736
