car 0.62648415546875 0.3449998791666667 0.022148429687500037 0.03562498750000004
car 0.6074997882812501 0.35437487777777776 0.023203115624999972 0.03374998750000001
car 0.571640425 0.35437487777777776 0.037968736718749965 0.052499979166666697
car 0.5399998109374999 0.3431248791666667 0.03796873515625006 0.10124996527777776
car 0.73160132734375 0.35812487361111117 0.05062498281250001 0.05249998194444443
car 0.41111704765625 0.2977499027777778 0.13078120312500002 0.1893749333333333
car 0.77751536484375 0.372749875 0.06433591484374998 0.0749999736111111
car 0.9367731226562499 0.4083748625 0.06222654140625004 0.2024999277777778
car 0.67801316015625 0.33830345 0.03480467499999999 0.046874983333333294
traffic sign 0.735622309375 0.3108189777777778 0.020165301562500026 0.028913397222222255
car 0.6550956578125 0.33973237916666665 0.023917328906250025 0.0318897736111111
traffic light 0.67925215703125 0.32485048194444444 0.010762796875000013 0.010629923611111123
traffic light 0.6481596281249999 0.32485048194444444 0.009566932031250008 0.008503938888888897
drivable area 0 0 0 0
lane 0 0 0 0
lane 0 0 0 0