0 0.5897642953125 0.4668369458333333 0.010331635937500038 0.021428580555555576
0 0.46234076953125003 0.6122451708333334 0.004304849999999938 0.01224490555555554
3 0.2505422046875 0.5881380180555555 0.025829092968750002 0.12244903749999997
1 0.46406270781250003 0.6229594652777778 0.015497455468749966 0.039795933333333346
1 0.44770428281249997 0.6290819138888889 0.01635842578125004 0.02602041805555552
3 0.41929228046875 0.6244900736111111 0.005165817187500021 0.038265323611111055
1 0.42273615937500003 0.6229594652777778 0.024107152343749938 0.0367347083333333
1 0.3047833 0.6045921055555555 0.031855882031250005 0.07193880833333337
1 0.28153711640625 0.6153063972222222 0.04132654921875001 0.07959187222222223
1 0.20232789609375001 0.6107145611111111 0.08523600859374998 0.09489800277777773
3 0.20060595703125 0.5663267861111111 0.024107153906250022 0.1484694541666666
1 0.06801661249999999 0.6045921055555555 0.13603322499999998 0.14693884583333344
1 0.52777447265625 0.6339798958333334 0.00860969765624997 0.012244906944444425
1 0.53638416953125 0.6171431527777778 0.024107153906250022 0.03979593611111112
1 0.4743943453125 0.6030614972222222 0.05079721796874992 0.07806125694444448
1 0.32774251171875 0.5826533541666667 0.07748727890624996 0.1255102555555555
1 0.6078446601562499 0.5964288708333333 0.06629467265624997 0.07346942083333335
1 0.00051033046875 0.6074093555555555 0.07267209921875 0.22983591944444443
