0 0.824421028125 0.2851235458333333 0.015023618749999912 0.012140295833333346
0 0.60726145625 0.2875516055555556 0.012292051562500017 0.019424476388888893
0 0.9282205734375 0.38710204583333335 0.017755186718749982 0.024280597222222155
0 0.23030521796875 0.11273132083333333 0.034144587499999976 0.043705072222222224
0 0.57994578671875 0.26812713055555554 0.005463134374999967 0.026708654166666672
0 0.574482653125 0.2684740013888889 0.006828915624999965 0.031564773611111124
0 0.68237954765625 0.2563337041666667 0.008194700781249953 0.02913671388888888
1 0.89953912109375 0.3846739861111111 0.09970219296875005 0.13354327361111112
1 0.08962951953125001 0.15886445138888888 0.43705071171875004 0.6264393541666666
1 0.5034619124999999 0.33345349444444444 0.05650931093749998 0.14105869444444447
1 0.551264334375 0.3652495097222222 0.028681452343750014 0.041277012499999995
1 0.61818772421875 0.3239724986111111 0.13384677968749994 0.16753610555555554
3 0.584555328125 0.3771585805555555 0.008194698437500047 0.03156477500000005
3 0.605042078125 0.3771585805555555 0.006828915625000054 0.03399283611111115
1 0.592750028125 0.3787772819444445 0.004097350781249976 0.02428059583333327
1 0.59821316171875 0.37634922361111117 0.006828916406249963 0.03156477361111109
