traffic sign 0.5143410734375 0.1668748777777778 0.03955075390624998 0.023437486111111107
traffic sign 0.43919464062499997 0.1926561111111111 0.11733390312500003 0.10546867638888888
traffic sign 0.09905815546874999 0.18328111666666666 0.08305658359375 0.07968744722222224
traffic sign 0.08719292890625 0.26531231111111114 0.10151360234375 0.04453121666666667
traffic sign 0.7727393328125001 0.2699998069444444 0.10546867734374991 0.1453124
traffic sign 0.6092628828125 0.3989059680555555 0.021093735156250036 0.03515622638888895
traffic sign 0.465561809375 0.4340621944444445 0.019775377343749945 0.021093736111111067
traffic sign 0.4550149421875 0.4340621944444445 0.01054686718750002 0.021093736111111067
traffic sign 0.11092338203125 0.31453102638888886 0.021093735156249994 0.030468727777777795
car 0.1952983234375 0.4645309236111111 0.017138660156249985 0.01874998750000003
car 0.28758341640624996 0.45984342638888887 0.015820301562500028 0.042187472222222216
car 0.34559118906249997 0.4645309236111111 0.017138660156249985 0.023437483333333297
car 0.361411490625 0.462187175 0.014501943749999979 0.030468727777777756
car 0.4141458296875 0.4645309236111111 0.007910150781250014 0.01874998750000003
car 0.402280603125 0.462187175 0.014501943750000024 0.021093736111111146
car 0.43523956484375 0.46687467222222223 0.010546867968750017 0.01874998750000003
car 0.420737621875 0.462187175 0.018457018749999943 0.030468727777777756
car 0.44578643281249997 0.4645309236111111 0.014501942968750025 0.02578123194444441
car 0.3732767171875 0.45281218194444445 0.03427732031250001 0.053906212500000016
car 0.2954935671875 0.462187175 0.04482418828124999 0.0515624638888889
car 0.20584519140625002 0.4645309236111111 0.044824189062499985 0.04453121944444444
car 0.12410696640625 0.45984342638888887 0.08305658359375001 0.0679687041666667
car 0.0001812703125 0.42703095 0.05932613124999999 0.1523436444444444
drivable area 0 0 0 0
drivable area 0 0 0 0
drivable area 0 0 0 0
drivable area 0 0 0 0
lane 0 0 0 0
lane 0 0 0 0
lane 0 0 0 0
lane 0 0 0 0
lane 0 0 0 0
lane 0 0 0 0
lane 0 0 0 0
lane 0 0 0 0
lane 0 0 0 0
lane 0 0 0 0
lane 0 0 0 0
lane 0 0 0 0
lane 0 0 0 0
lane 0 0 0 0