car 0.00118956640625 0.3574253944444445 0.21030021484375 0.4894259513888889
car 0.237490534375 0.4471534847222222 0.16218068359374999 0.18217521527777777
car 0.4470260203125 0.43899638611111114 0.06270769999999999 0.08021147499999996
car 0.5265577367187501 0.44851300138888883 0.03441276249999996 0.04214501250000006
car 0.5134724 0.45802961666666664 0.013765104687499984 0.025830815277777773
car 0.5692975476562501 0.4525915527777778 0.024471297656250002 0.027190329166666614
car 0.62818160703125 0.4226821875 0.08412008593750002 0.11419938888888892
bus 0.6962424046875 0.38645715555555554 0.07341389296875 0.13682925555555556
traffic sign 0.7656141062499999 0.31887047777777777 0.03996712109375 0.027727868055555525
traffic light 0.5585648953125 0.4297819486111111 0.00877327109374999 0.010397950000000043
traffic light 0.57416182109375 0.4297819486111111 0.00877327109374999 0.013863933333333339
drivable area 0 0 0 0
lane 0 0 0 0