traffic light 0.58289571328125 0.1668748763888889 0.01186522656250002 0.03515622638888887
traffic light 0.46951688515625 0.16453112916666665 0.010546867968749929 0.035156224999999985
traffic light 0.443149715625 0.21140609722222223 0.009228509375000016 0.028124980555555564
traffic sign 0.6211281093750001 0.2418748263888889 0.011865224999999934 0.018749987499999992
traffic sign 0.46688016875000005 0.23484358194444444 0.014501942968749936 0.028124980555555564
traffic sign 0.647495278125 0.20203110416666664 0.014501942968750025 0.021093734722222222
traffic light 0.4866555453125 0.24890607083333333 0.010546867968750017 0.018749986111111106
car 0.5143410734375 0.24890607083333333 0.018457017968749944 0.037499975000000026
car 0.5749855625 0.26531231111111114 0.01713866015624994 0.025781233333333337
car 0.6409034859375 0.2606248138888889 0.021093736718750034 0.0398437236111111
car 0.65408707109375 0.24890607083333333 0.02768552734375005 0.056249962500000014
car 0.6685890140625 0.24656232361111113 0.12656241249999994 0.14765614722222217
car 0.49192897890625 0.24890607083333333 0.02373045234375004 0.037499975000000026
car 0.51961450703125 0.24656232361111113 0.061962848437499926 0.09843743194444442
car 0.6000343734375 0.25593731666666664 0.02900388671875005 0.037499974999999984
car 0.72396006953125 0.2606248138888889 0.27553691953125004 0.44765594166666667
bus 0.0001812703125 0 0.46010710546875 0.6567182930555556
drivable area 0 0 0 0
lane 0 0 0 0
lane 0 0 0 0
lane 0 0 0 0
lane 0 0 0 0
lane 0 0 0 0