1 0 0.3200739083333333 0.336877790625 0.6444154722222223
1 0.28966688671875 0.4509485736111111 0.09122106406250001 0.2290306638888889
1 0.37688702734375 0.5106957055555555 0.04320997734374998 0.10384620138888884
1 0.39289072421875 0.5050055027777778 0.032007389843750025 0.06685988055555549
1 0.41449571093750004 0.5192310083333334 0.018404249218749946 0.031296116666666686
1 0.44090180781250005 0.5263437611111111 0.02000462031249999 0.025605911111111133
1 0.43610070078124996 0.5220761083333333 0.009602216406250008 0.02987356388888895
0 0.40249293984375 0.42107500833333333 0.0064014789062500025 0.025605911111111053
0 0.48491197109375 0.48082213888888886 0.010402403124999982 0.01422550833333334
0 0.43610070078124996 0.4722868347222222 0.004801107031250052 0.018493158333333388
0 0.3936909078125 0.48224468750000005 0.005601293750000025 0.021338263888888855
0 0.39449109296875 0.4168073583333333 0.00880203359374998 0.03556376666666665
0 0.4585058734375 0.45948387777777777 0.012802957031250006 0.02702846527777775
0 0.42169737500000004 0.4196524569444444 0.00800184765624996 0.022760812500000012
0 0.4721090171875 0.42676520972222226 0.01520351093750003 0.018493158333333308
0 0.47691012578125 0.46659663055555556 0.010402402343749983 0.007112751388888938
0 0.48331160312500004 0.45806132916666664 0.009602216406250008 0.008535304166666672
0 0.61214135234375 0.19915709722222225 0.040009238281249984 0.07255008611111112
0 0.53753841953125 0.46779210694444445 0.012510288281250049 0.024464565277777774
