car 0.376275828125 0.47483973472222224 0.0397297 0.05911296388888887
car 0.1744906046875 0.4731067416666667 0.12380059609375002 0.1282413875
truck 0.38992313828124997 0.42631596527777776 0.036067890625 0.04852377083333334
truck 0.45133603281249995 0.39338912361111106 0.06628693437500006 0.1490372861111111
traffic sign 0.42404141328125 0.4523108388888889 0.022420580468750017 0.04159180138888882
drivable area 0 0 0 0
drivable area 0 0 0 0
drivable area 0 0 0 0
lane 0 0 0 0
lane 0 0 0 0
lane 0 0 0 0
lane 0 0 0 0
lane 0 0 0 0
lane 0 0 0 0