0 0.35842709140625 0.4046443708333334 0.025012358593750016 0.05869566805555553
0 0.71060109296875 0.4277669069444444 0.02401186328125 0.05158104305555555
1 0.29839743125 0.45800406805555555 0.023011369531249982 0.03201581666666671
1 0.2673821078125 0.45800406805555555 0.02101038046874999 0.026679847222222244
1 0.24837271562500002 0.4651186958333334 0.03501730156249998 0.03557313194444439
1 0.23536628984375 0.4651186958333334 0.018008896875000024 0.032015816666666634
1 0.2073524484375 0.45622541388888893 0.03501730156249998 0.04624507083333332
1 0.2123549203125 0.4740119777777778 0.0360177953125 0.03913044583333326
1 0.1583282265625 0.4651186958333334 0.041020266406249985 0.056917011111111054
1 0.13231537421875 0.4793479458333333 0.029014335937500003 0.03023716111111112
1 0.04427187421875 0.40108705833333336 0.08604251328124998 0.10671939305555556
1 0.00025012265625 0.36729258333333337 0.03901928046875 0.1440711833333333
1 0.5450371445312501 0.4436477597222222 0.028013841406249983 0.0658102930555556
1 0.5060000046875001 0.47223332083333336 0.05902916484374998 0.08537551666666666
