traffic sign 0.72135780625 0.49390264166666664 0.012672501562500039 0.015596926388888951
traffic sign 0.7223326140624999 0.5077665763888889 0.008773270312499993 0.010397950000000043
traffic sign 0.555640471875 0.43324793194444444 0.009748078906250068 0.02772786527777779
traffic sign 0.5488168171875001 0.3881901472222223 0.02339538828124992 0.045057784722222195
traffic sign 0.31681254999999997 0.34139936944444443 0.013647309375000027 0.03639282638888888
traffic sign 0.860755328125 0.15250327222222224 0.1384227140624999 0.27381269305555556
traffic sign 0.872453021875 0 0.1257502125 0.13863933750000001
car 0.6823654921875 0.5198975180555555 0.04289154531250006 0.051989751388888866
car 0.0068236546875 0.3968551055555556 0.06141289453125 0.05718872638888889
car 0.12282578828124999 0.3881901472222223 0.031193852343750005 0.04332479305555555
car 0.0906571296875 0.3639282625 0.027294619531249998 0.04679077638888892
car 0.11502732578125 0.37086022916666667 0.013647310156250004 0.02252889305555554
truck 0.1267250203125 0.35006432916666663 0.035093082031250014 0.04852376805555557
drivable area 0 0 0 0
drivable area 0 0 0 0
lane 0 0 0 0
lane 0 0 0 0
lane 0 0 0 0
lane 0 0 0 0
lane 0 0 0 0
lane 0 0 0 0
lane 0 0 0 0
lane 0 0 0 0
lane 0 0 0 0