traffic sign 0.4570257953125 0.203122575 0.016007907031250036 0.012450599999999984
traffic sign 0.44902184062500006 0.21201585694444447 0.02901433515624996 0.032015818055555555
traffic sign 0.43301393125 0.2102372013888889 0.012005932031249954 0.008893283333333299
traffic sign 0.42601047109375 0.2191304847222222 0.023011369531250027 0.02667984861111113
car 0.43701590859375 0.2742688388888889 0.018008898437499976 0.021343879166666666
car 0.45602530078125003 0.2760474958333333 0.01400692187499999 0.01956522222222223
car 0.46903172734375 0.28494077916666666 0.018008897656250068 0.024901194444444424
car 0.4200075046875 0.2742688388888889 0.012005930468750047 0.021343879166666666
car 0.40399959531249996 0.2742688388888889 0.013006426562500017 0.0160079097222222
car 0.40700107890625 0.29205540416666664 0.02401186328125 0.030237162500000005
car 0.39099316953124996 0.2991700305555556 0.02000988593749997 0.024901191666666656
car 0.36598081171875 0.3098419708333333 0.030014829687499977 0.04268775555555556
car 0.34096845234375 0.31517794027777774 0.026012853124999992 0.03735178750000002
car 0.2889427484375 0.32407122222222223 0.04302125546875 0.039130447222222225
traffic sign 0.4950445796875 0.2440316763888889 0.00800395468749997 0.017786568055555563
car 0.20081041640625 0.3465983458333333 0.050690007812500014 0.04332479305555559
drivable area 0 0 0 0
drivable area 0 0 0 0
lane 0 0 0 0
lane 0 0 0 0
lane 0 0 0 0
lane 0 0 0 0
lane 0 0 0 0
lane 0 0 0 0
lane 0 0 0 0