0 0.8660871640625001 0.26289473888888887 0.04096628281249988 0.028421052777777768
0 0.84410525546875 0.3001973694444445 0.014987665624999914 0.024868422222222207
0 0.8960624914062499 0.42098684444444445 0.02697779765624997 0.04440789305555555
0 0.87208222890625 0.42098684444444445 0.022981085156249925 0.05151315833333333
0 0.04076643515625 0.4245394763888889 0.03996710312499999 0.049736844444444414
1 0.61616994609375 0.5542105305555556 0.009991775781249945 0.026644736111111123
1 0.60617816953125 0.5542105305555556 0.01199013124999997 0.023092104166666634
1 0.59518721484375 0.5417763194444445 0.022981085937499923 0.015986843055555512
1 0.58719379375 0.5400000041666667 0.011990132031249967 0.014210526388888903
1 0.55522011015625 0.5471052666666667 0.015986842187500017 0.024868422222222207
1 0.56820941875 0.5542105305555556 0.013988485156249997 0.028421051388888844
1 0.5752036625 0.5701973708333333 0.01199013437500005 0.0213157902777778
1 0.58519543984375 0.5755263194444444 0.00799342031250001 0.02664473888888889
1 0.59019132734375 0.5755263194444444 0.014987664843750003 0.02842105138888892
1 0.5981847484375 0.5844078972222222 0.01898437656250005 0.030197368055555528
1 0.6151707671875 0.5968421083333333 0.01798519843749995 0.031973684722222215
1 0.63215678828125 0.5861842152777778 0.04696134843749995 0.08703947361111107
1 0.6571362281249999 0.5950657930555555 0.08093338984375001 0.09592105000000006
1 0.81700465 0.6110526347222223 0.09692023046874994 0.060394737500000024
1 0.5232464265625001 0.5684210555555556 0.021981909374999997 0.021315794444444376
1 0.52524478125 0.6039473708333334 0.028976151562499997 0.04796052638888892
1 0.49826698515625 0.5755263194444444 0.016986020312500027 0.01953947361111111
1 0.49327109609375 0.5861842152777778 0.024979442187499944 0.028421051388888844
1 0.45730070156249997 0.5968421083333333 0.05995065703125002 0.07105263055555555
3 0.208628278125 0.5648684236111111 0.021981909374999997 0.07105263055555555
1 0.3335254828125 0.5577631597222222 0.12389802734374995 0.15809210555555558
1 0.17265788359375 0.5950657930555555 0.1438815796875 0.1261184208333333
1 0.73619427109375 0.5982633125000001 0.07274015078125 0.05542106666666666
