car 0.3840742921875 0.497368625 0.017546541406249984 0.038125818055555524
car 0.34313236171875 0.4817717 0.05263962343749999 0.10397950416666661
car 0.29341716171875 0.49390264305555553 0.08090905078125003 0.11264446250000001
car 0.12832987734375 0.46790776666666667 0.19238190312499998 0.24072139583333327
car 0.3830994828125 0.39165613055555554 0.2407775375 0.41591801388888894
person 0.78082108359375 0.47483973194444445 0.05458923984374993 0.18889609722222217
drivable area 0 0 0 0
lane 0 0 0 0
lane 0 0 0 0
lane 0 0 0 0
lane 0 0 0 0
lane 0 0 0 0
lane 0 0 0 0