0 0.6882123250000001 0.17793229305555558 0.031219771874999934 0.035912941666666656
0 0.05187991484375 0.05223700416666667 0.042238514843750005 0.10610641388888888
0 0.29061934765625 0.30852480416666667 0.011018742187499963 0.017956472222222235
0 0.700149296875 0.21384523472222222 0.02203748593750001 0.026118501388888878
0 0.66525661015625 0.19425635833333332 0.015609885937499967 0.027750908333333355
0 0.5550691796875 0.3493349625 0.026628629687500016 0.047339784722222215
3 0.059225743750000004 0.3330109 0.022955715624999994 0.15344620000000006
1 0.39995413750000003 0.39737435555555556 0.0192828 0.027750908333333355
1 0.41740047890625 0.4055363875 0.013773428906250018 0.0195888763888889
1 0.43209213671875 0.4104336069444445 0.011018743749999959 0.01795646944444442
1 0.368734365625 0.3924771347222222 0.03672914218750001 0.04733978472222226
1 0.33200522109374997 0.38105029166666665 0.04591142968750002 0.07182588055555562
1 0.327414078125 0.3875799152777778 0.037647372656250025 0.07345828888888882
1 0.29986722109374997 0.3875799152777778 0.049584342187500005 0.08488513194444439
1 0.4477020234375 0.41206601388888886 0.014691657812500036 0.02122128194444449
1 0.46147545078125 0.4055363875 0.013773428906250018 0.027750908333333355
1 0.46921480703125 0.4002660388888889 0.030301542968750005 0.042442566666666674
1 0.47747886484375 0.4067956652777778 0.02203748671875001 0.048972190277777765
1 0.48482469296874997 0.40516325555555555 0.029383314843749987 0.06366385000000005
1 0.49767989453125 0.39536881944444446 0.06703068671875005 0.09957678750000001
1 0.58595609375 0.3610882847222222 0.3153362624999999 0.33464330694444444
1 0.19570894453125 0.35455865833333333 0.1221244015625 0.146916575
