0 0.353507515625 0.3526063902777778 0.027591807812500015 0.08317529999999998
0 0.50466262890625 0.4208527902777778 0.02759180781249997 0.04905210000000003
0 0.55144873515625 0.4123219902777778 0.02879145000000003 0.055450201388888905
0 0.6090316359375 0.4784356902777778 0.022793230468750016 0.03412319999999996
1 0.49506547890624997 0.5104261902777778 0.023992877343749976 0.03412319999999996
1 0.53345408046875 0.5082934902777778 0.01319608203125 0.02132699999999998
1 0.54545051640625 0.5104261902777778 0.010796793750000066 0.019194298611111073
1 0.46027581015625 0.5061607902777777 0.02399287499999998 0.03199050000000001
1 0.41348970390625006 0.5125588902777778 0.03838859999999995 0.042654000000000046
1 0.14596914609375 0.5189569902777778 0.10676829374999999 0.0874407027777778
0 0.64033983203125 0.4009480166666667 0.013728810937499957 0.04728812638888892
