1 0.10258833359375 0.45138706944444446 0.12987778828125002 0.08944536527777779
1 0.3190513140625 0.44098644444444446 0.04095245625000001 0.04160249583333334
1 0.53200408515625 0.42850569722222226 0.05382322734375 0.06240374166666661
1 0.61975934765625 0.4139448236111111 0.07137427968749996 0.07696461527777775
0 0.53902450546875 0.39938395 0.011700701562500004 0.020801248611111114
1 0.6665621539062501 0.4035442 0.042122525 0.062403740277777724
1 0.67358257421875 0.3827429527777778 0.06084364843749999 0.05616336944444448
0 0.6256096984374999 0.38482307638888885 0.01053063046875007 0.008320498611111147
1 0.58816745234375 0.4243454472222222 0.019891192187500017 0.027041622222222214
1 0.5050924703125 0.42850569722222226 0.028081684374999936 0.03952236944444441
1 0.48871148828125 0.4139448236111111 0.02106126328125004 0.04160249305555557
1 0.47701078671874997 0.4368261958333333 0.009360562500000036 0.01456087361111113
1 0.45945973437500004 0.4326659472222222 0.012870771874999942 0.01872112222222226
1 0.395105875 0.43890632222222226 0.022231333593750024 0.020801247222222152
1 0.42669776953125 0.4368261958333333 0.014738898437500047 0.016640997222222214
