traffic sign 0.769528328125 0.3217259611111111 0.07956477187499997 0.18721122638888887
traffic sign 0.43605833046875003 0.5283516847222222 0.03276196406249996 0.01872112222222226
traffic sign 0.027703842968749996 0.5054703138888889 0.0058503515625 0.0228813722222222
car 0.212574928125 0.5533131791666667 0.019891191406249974 0.016640999999999986
car 0.2277858421875 0.5553933055555555 0.024571472656249992 0.01456087361111113
car 0.25820766640625 0.5574734305555555 0.015210912499999996 0.016640999999999986
car 0.2675682265625 0.5553933055555555 0.022231334375000023 0.018721123611111147
car 0.29096963124999997 0.5533131791666667 0.0269116140625 0.01872112222222218
car 0.191513665625 0.5782746777777779 0.02457147499999999 0.031201870833333267
car 0.177472825 0.5761945513888889 0.018721122656250012 0.03536212083333336
car 0.15173128046875 0.5699541791666667 0.030421825000000013 0.045762744444444475
car 0.13184008828125 0.5741144291666667 0.026911616406249995 0.04784287083333333
truck 0.054615457812500004 0.5574734305555555 0.07839470078125 0.07488449027777777
car 0.2558675265625 0.5741144291666667 0.026911613281250003 0.037442244444444446
car 0.310860821875 0.5657939291666666 0.011700703125 0.02496150000000002
car 0.32022138437500003 0.5678740527777778 0.014040842968750012 0.024961498611111053
car 0.3319220859375 0.5699541791666667 0.016380981249999982 0.02704162083333333
car 0.3483030671875 0.5741144291666667 0.017551053906250003 0.02704162083333333
car 0.35649355859375 0.5761945513888889 0.022231334374999977 0.031201873611111115
car 0.47350057578125 0.5803548041666666 0.04563273671874999 0.03536211944444448
car 0.49456183906250006 0.5782746777777779 0.05616337031249996 0.0457627444444444
car 0.52615373359375 0.5470728069444445 0.18370101640624997 0.21009259861111107
traffic sign 0.41888511953125 0.5496729625 0.007020421093749984 0.018721123611111147
drivable area 0 0 0 0
drivable area 0 0 0 0
drivable area 0 0 0 0
lane 0 0 0 0
lane 0 0 0 0
lane 0 0 0 0
lane 0 0 0 0
lane 0 0 0 0
lane 0 0 0 0
lane 0 0 0 0
lane 0 0 0 0
lane 0 0 0 0
lane 0 0 0 0
lane 0 0 0 0
lane 0 0 0 0
lane 0 0 0 0
lane 0 0 0 0
lane 0 0 0 0