person 0.91907712265625 0.4124997166666667 0.06987299921875004 0.21328110416666665
person 0.81360844453125 0.4406246972222222 0.03559567968750006 0.1546873916666667
person 0.53675316796875 0.4593746847222222 0.014501942968750025 0.060937456944444475
person 0.5262062992187501 0.4570309361111111 0.009228509374999926 0.07031245138888885
car 0.37986851015625 0.47343717500000004 0.015820300781249984 0.025781233333333296
car 0.36800328203125 0.47812467222222227 0.009228510156250013 0.018749986111111068
car 0.42337433984375006 0.4710934263888889 0.019775376562499947 0.035156224999999985
car 0.4418313578125 0.47343717500000004 0.01713866015625003 0.03984372222222221
car 0.3943704515625 0.4664059291666667 0.027685528906250045 0.053906212500000016
car 0.3297708875 0.46171843333333334 0.029003886718750004 0.04921871666666667
car 0.2823099828125 0.4593746847222222 0.042187471093749984 0.07968744583333331
car 0.1860698140625 0.4242184569444445 0.09624016875000001 0.1289061611111111
truck 0.452378225 0.42656220694444447 0.061962848437500016 0.0984374305555555
truck 0.561801978125 0.2742185611111111 0.21621078906250002 0.3304685236111111
drivable area 0 0 0 0
drivable area 0 0 0 0
drivable area 0 0 0 0
lane 0 0 0 0
lane 0 0 0 0
lane 0 0 0 0
lane 0 0 0 0
lane 0 0 0 0
lane 0 0 0 0
lane 0 0 0 0