traffic light 0.70283645703125 0.3968551055555556 0.01949615703124996 0.02946085972222221
person 0.62485182890625 0.47137375 0.027294621093750047 0.10224651111111116
person 0.0370426984375 0.45924280694444447 0.01949615546875 0.11264446249999993
car 0.10332963203125001 0.4159180138888888 0.1793646421875 0.1992940486111111
car 0.26904696562499997 0.4540438319444445 0.04971520000000003 0.12997437916666665
car 0.310963703125 0.46790776666666667 0.04581596874999998 0.0762516319444444
bus 0.3675025578125 0.33446740277777776 0.12185098046874998 0.2564827777777778
car 0.5088496953125 0.4297819486111111 0.06921135703124995 0.14383831250000007
car 0.4971520015625 0.49216965 0.008773270312499993 0.06065471111111115
car 0.49032834609375 0.47483973333333335 0.014622117968750015 0.07105265833333334
car 0.9426391867187499 0.5285624763888889 0.056538855468749996 0.07625163611111113
drivable area 0 0 0 0
lane 0 0 0 0
lane 0 0 0 0
lane 0 0 0 0
lane 0 0 0 0
lane 0 0 0 0
lane 0 0 0 0
lane 0 0 0 0