car 0.30914131484374996 0.43436553333333333 0.029824392968750012 0.05506041944444446
car 0.28849365703125 0.43436553333333333 0.027530210156250012 0.05709969444444446
car 0.26669890703125 0.43436553333333333 0.027530210156250012 0.06933534166666667
car 0.22540359296874998 0.42009060972222223 0.04358949765625 0.09584591388888887
car 0.49248485859375 0.43640480694444445 0.013765104687499984 0.03874622222222225
car 0.50395577890625 0.42009060972222223 0.02523602656249997 0.0693353388888889
car 0.52001506796875 0.42009060972222223 0.035559853125000006 0.08564953888888888
car 0.53378017421875 0.42212988333333334 0.051619143750000075 0.09584591666666663
car 0.55098655390625 0.42009060972222223 0.10667956406250001 0.13051358611111114
car 0.47413138359375007 0.4384440819444444 0.016059289062499982 0.030589125000000036
car 0.389246571875 0.43436553333333333 0.032118578125000005 0.03874621944444449
car 0.35253962578125 0.4404833555555555 0.032118578125000005 0.03262839583333338
car 0.6569013945312501 0.3834763680555555 0.34093336562500004 0.3690160375
car 0.8973351796875001 0.5363691013888888 0.10209119453124985 0.39561931250000004
car 0 0.39158059027777775 0.248081065625 0.29161629722222226
traffic light 0.4797936640625 0.3283630722222222 0.012618011718749943 0.028549844444444458
traffic light 0.34673098515625 0.3120488736111111 0.010323828906250032 0.03670694583333333
drivable area 0 0 0 0
lane 0 0 0 0
lane 0 0 0 0