1 0.5917083625 0.5043005930555555 0.05263962343749995 0.04332479444444443
1 0.509824503125 0.5164315333333334 0.00877327109374999 0.017329918055555518
1 0.51469854296875 0.5181645263888889 0.008773270312499993 0.013863934722222224
1 0.51664815859375 0.5146985430555555 0.015596924999999918 0.022528891666666655
1 0.5263962359375001 0.5146985430555555 0.023395389062500004 0.03119385000000005
1 0.50007642578125 0.5164315333333334 0.012672501562500039 0.020795898611111044
1 0.48935353828125 0.5181645263888889 0.007798464062499999 0.015596924999999985
1 0.48447950000000006 0.5146985430555555 0.009748078124999981 0.022528891666666655
1 0.4718069984375 0.5146985430555555 0.01657173125 0.022528891666666655
1 0.4649833421875 0.5216305097222222 0.012672503125000035 0.022528891666666655
1 0.44646199375 0.5164315333333334 0.023395388281250006 0.0329268430555555
1 0.42209179609375 0.5008346083333333 0.026319813281249972 0.06931967083333335
1 0.38699871484375004 0.5043005930555555 0.04776558437499996 0.0745186444444444
1 0.32948505078125 0.5129655527777778 0.08188385937499998 0.09011556944444447
1 0.30803927890625 0.5146985430555555 0.028269428124999996 0.02946085694444444
1 0.09358155234375 0.5077665763888889 0.11990136484375 0.07971761666666674
1 0.19788599375 0.5129655527777778 0.14524636875000002 0.1559692513888889
1 0.53224508359375 0.5181645263888889 0.026319811718750065 0.03639282638888888
