traffic light 0.28041554140625 0.24711256805555556 0.01508691953125001 0.04649006527777778
traffic light 0.83360260390625 0.14698012222222223 0.02816225078125001 0.06437085694444446
traffic sign 0.2824271296875 0.20241058333333334 0.018104303124999978 0.03576158749999997
traffic sign 0.28544451406250004 0.3651258097222222 0.021121687499999986 0.0643708611111111
traffic light 0.28745610234374996 0.32757614305555555 0.015086920312500007 0.02860926666666662
traffic light 0.157708590625 0.372278125 0.008046357031250007 0.017880794444444428
traffic light 0.1013840890625 0.39552315972222224 0.011063742187499993 0.01430463611111108
car 0 0.42055627222222225 0.0631638921875 0.04112582499999999
car 0.240183753125 0.40803971527777777 0.038220196875 0.03933774444444443
car 0.30757199609375 0.4062516347222222 0.018104303124999978 0.02682119166666668
car 0.3337226578125 0.4044635569444444 0.019110099218749975 0.025033112500000006
car 0.3890413640625 0.3973112375 0.026150661718750003 0.025033112500000006
car 0.44637166015625 0.3901589222222222 0.03419701718750003 0.04649006250000001
traffic sign 0.5429279484375 0.3472450152777778 0.009052152343750031 0.014304634722222194
person 0.6596001296875 0.37049004722222223 0.02514486640625 0.12158940000000003
truck 0.67267546015625 0.3597615708333333 0.049283938281249995 0.07509933611111114
car 0.73201734375 0.3901589222222222 0.04928393906249999 0.0518543027777778
car 0.07020445546875001 0.42055627222222225 0.023133276562499992 0.026821190277777796
car 0.49588405468749996 0.4021872263888889 0.014501942968750025 0.018749986111111148
car 0.52225122421875 0.39984347777777773 0.018457017968749944 0.02109373472222226
drivable area 0 0 0 0
lane 0 0 0 0
lane 0 0 0 0
lane 0 0 0 0
lane 0 0 0 0
lane 0 0 0 0
lane 0 0 0 0
lane 0 0 0 0
lane 0 0 0 0
lane 0 0 0 0
lane 0 0 0 0
lane 0 0 0 0