traffic light 0.46985738203125005 0.28074465972222223 0.00877327109374999 0.034659834722222234
traffic light 0.56733816640625 0.27901166805555555 0.00877327109374999 0.029460861111111136
car 0.43671391484375005 0.37432621250000003 0.032168658593749996 0.07278565416666664
car 0.40357044843749995 0.3725932208333333 0.038992312500000015 0.09011556944444447
car 0.38017506015625 0.3847241625 0.03899231249999997 0.09531454722222227
car 0.27879504375 0.3569962958333333 0.12087617421875 0.15943523888888894
car 0.068815890625 0.36132787916666664 0.25765949609375 0.250368925
car 0.00080018515625 0.3812581791666667 0.1454209921875 0.37838389861111116
car 0.5566152796875 0.37952518749999997 0.02242058046874993 0.06412069583333332
car 0.56928778203125 0.37779219583333334 0.030219042187500024 0.07625163472222225
car 0.5907335546875 0.3535303125 0.035093082031249966 0.12130942083333338
car 0.61705336640625 0.34139936944444443 0.0965059765625 0.16116823055555557
car 0.66481895078125 0.36739424583333335 0.13257386718750003 0.19062909027777772
car 0.74280357890625 0.29980756805555553 0.25662720156249996 0.41004523472222226
drivable area 0 0 0 0
lane 0 0 0 0
lane 0 0 0 0