1 0.5481209328125 0.3940828027777778 0.04568231718750004 0.0559171527777778
1 0.5211608773437499 0.38875736111111114 0.034448960156250055 0.05059171111111106
1 0.48521413515624995 0.3860946388888889 0.06590236015625006 0.0758875638888889
1 0.42380511953125 0.3714496694444444 0.06814903359375002 0.04393490694444443
1 0.44776961406250004 0.40872777222222223 0.04792898828124992 0.06390531944444441
1 0.4103250921875 0.41937865694444443 0.04493342656249997 0.05458579444444448
1 0.36314499453125004 0.4127218555555556 0.05092454999999996 0.049260349999999974
1 0.29424707265625 0.4060650513888889 0.09361130468750001 0.09452661388888892
1 0.22010691953125 0.42337274027777777 0.09704403203125 0.10603938611111113
1 0.12949117500000001 0.42470410138888887 0.09683250859375 0.10735508472222222
1 0 0.40872777222222223 0.15783098984375 0.14450789999999997
1 0.77428586953125 0.4047336902777778 0.022466713281249984 0.01597632916666664
1 0.809483721875 0.3421597347222222 0.06215790546875013 0.05192307083333334
1 0.7436482109375 0.4014052763888889 0.03669563046874993 0.04926035138888886
1 0.76985937578125 0.3894230319444445 0.1872226109375001 0.19171595416666665
1 0.9450997390625 0.39474847222222226 0.05392011249999999 0.09452661805555557
0 0.49426769296875 0.18971891250000003 0.032202289843749995 0.058579874999999976
0 0.700212565625 0.3574703736111111 0.011982247656250066 0.018639051388888897
0 0.69946367578125 0.33328399722222224 0.009735575000000019 0.01597633194444441
0 0.81179724140625 0.31730766805555555 0.01198224687499998 0.019970412499999982
0 0.76985937578125 0.3774407833333333 0.008986682812500035 0.010650884722222208
0 0.792326090625 0.3667898986111111 0.005991122656249992 0.010650884722222208
0 0.78633496640625 0.37344670277777775 0.008237794531250042 0.011982247222222261
0 0.7848371859375 0.3761094222222222 0.005991122656249992 0.029248331944444397
0 0.67992565625 0.3959847291666667 0.007488904687499964 0.013313602777777728
