0 0.5173855078125 0.4317004486111111 0.005614601562499999 0.018715336111111154
0 0.3556849984375 0.4254620041666667 0.005614602343749997 0.023706097222222174
0 0.35021075 0.4267096902777778 0.0035091273437499737 0.022458402777777782
1 0.31413694140625 0.4262106222222222 0.027371178125000027 0.01247688750000001
0 0.53521188515625 0.4748705013888889 0.011229201562500003 0.01497226805555556
1 0.48932291171875003 0.5163081652777778 0.015444911718749932 0.03661016250000004
1 0.43610425859374996 0.525508375 0.013728810937500047 0.02440677361111104
1 0.5030322140625 0.4887456847222222 0.04547668593750007 0.07642370000000007
0 0.5937710734375 0.47745753750000003 0.010296608593750011 0.02593219861111109
1 0.14719598359375 0.5372274347222222 0.08090905078125002 0.06412069444444451
1 0.3006382796875 0.49036510555555557 0.0643323875 0.07176074583333332
