1 0.20139204687499998 0.41570905555555554 0.04985343359375003 0.11113711388888893
1 0.24254091328125 0.43399744444444444 0.05381005703125004 0.0745603388888889
1 0.28487676640625004 0.38335268333333333 0.019783107812499968 0.05345835833333328
1 0.41188432421875004 0.40023426944444446 0.007913243749999932 0.023915583333333344
1 0.43245875703125 0.40164107222222223 0.00949589375000004 0.022508780555555555
1 0.44511994687499995 0.4143022597222222 0.014243838281250022 0.019695181944444487
1 0.56975353203125 0.3903866791666667 0.15905619296874995 0.1505274805555555
1 0.58716266796875 0.39320027916666667 0.1772566546875 0.19835863611111113
1 0.66510811640625 0.42133625555555554 0.2690502796875 0.2518169916666667
1 0.46002322968750003 0.41781925694444444 0.01740913828124997 0.03657676944444448
1 0.292582303125 0.3387571611111111 0.08440461328124997 0.13775146249999998
1 0.38806545625 0.3936223152777778 0.020574433593750018 0.03376316944444445
1 0.48007012187500003 0.32684625694444447 0.10445481249999995 0.17444305694444445
1 0.001691453125 0.0034474569444444443 0.19308314062499998 0.6538089597222222
1 0.8366969171875 0.43638899861111113 0.16143016796875004 0.3784288888888888
0 0.36717449921875 0.3270807319444445 0.007121917187500016 0.01969518194444445
0 0.35688728203125 0.3397419222222222 0.00791324375000002 0.02250878194444448
0 0.4320630953125 0.334114725 0.00791324375000002 0.015474788888888903
0 0.42810647343749997 0.3903866791666667 0.00633059453125 0.015474787499999977
0 0.422567203125 0.38897988055555555 0.004747946093749978 0.01266119166666668
