traffic sign 0.51664815859375 0.10051352083333334 0.03899231406249992 0.07105266111111111
traffic light 0.5176229671875 0.18196413055555555 0.03704269687499995 0.19582806666666666
traffic sign 0.03314346640625 0.26861371944444445 0.021445773437500003 0.02946085694444444
traffic light 0.03314346640625 0.2946085930555556 0.023395389062500004 0.07971761944444447
traffic sign 0.25539965625 0.5274834236111111 0.013647309374999982 0.02880691944444441
traffic sign 0.14622117578125 0.5181645263888889 0.03899231406249999 0.07278565277777777
traffic sign 0.048740392187499995 0.5753532527777778 0.028269426562500005 0.025994876388888914
traffic sign 0.07700981875 0.5788192361111111 0.015596926562500002 0.02252889305555562
person 0.92021860625 0.44537887361111117 0.07895943593750002 0.29460859305555553
person 0.56051451171875 0.5025676 0.035093082031249966 0.16116823055555551
person 0.50690007890625 0.5008346069444444 0.023395389062500004 0.20969200000000005
person 0.29536677734375 0.5285624763888889 0.11210290234375 0.3240694527777778
car 0.35288043984375 0.5753532527777778 0.035093083593750005 0.055455736111111126
car 0.1423219453125 0.5961491541666667 0.04484116093750001 0.07798462916666667
car 0.07798462734375 0.5840182111111111 0.0750602046875 0.11091146944444448
car 0.0009748078125000001 0.5996151375 0.09943040078125 0.1490372875000001
car 0.16181810234375 0.5545573527777777 0.17546541249999997 0.2287549083333333
drivable area 0 0 0 0
lane 0 0 0 0
lane 0 0 0 0
lane 0 0 0 0
lane 0 0 0 0
lane 0 0 0 0
lane 0 0 0 0
lane 0 0 0 0