person 0.1397212171875 0.41937632361111116 0.018661396093750015 0.07528357916666661
person 0.21580229218750002 0.4142723513888889 0.018661394531249976 0.08421552777777777
person 0.17560851640625 0.4155483458333334 0.01148393671875001 0.03445180694444443
person 0.19996403671875002 0.4185256611111111 0.026556602343749992 0.10335542083333328
person 0.27173863515624996 0.40576573194444443 0.018661396093750015 0.11483935833333336
person 0.2817870796875 0.4261816180555556 0.01435491953125001 0.06507563472222218
person 0.29327101484375 0.4312855875 0.014354921093749962 0.06379964444444444
person 0.32528248515625 0.4277128055555555 0.012201682031250004 0.06507563472222226
person 0.3475326109375 0.42516081944444445 0.011483936718749987 0.06507563472222218
person 0.0567019328125 0.3766730902777778 0.06818586874999999 0.24371463888888886
person 0.23972716015625 0.41878085694444445 0.01579041015625 0.06890361388888885
person 0.255517571875 0.406020925 0.021532379687499992 0.12377130694444445
person 0.3168130859375 0.4213328430555556 0.012919427343749979 0.07145559861111113
person 0.43667666640625 0.41878085694444445 0.02296787109374998 0.07273159305555552
person 0.48620113828125 0.4366447555555556 0.011483936718749987 0.045935743055555554
person 0.5485014921875 0.4506806763888889 0.008612951562500016 0.028071844444444435
car 0.43524117421874997 0.4463423097222222 0.017225903125000032 0.030623824999999983
car 0.45749129921875 0.44761830138888886 0.017943650000000044 0.025519859722222232
car 0.4883543765625 0.44761830138888886 0.024834004687499966 0.030879023611111164
car 0.535869159375 0.4527222736111111 0.02870983906250002 0.029347836111111133
car 0.47916722578125004 0.4514462805555555 0.010048444531249956 0.021691879166666674
car 0.47198976562499995 0.4539982666666667 0.01650815859375001 0.020415884722222208
car 0.3902145671875 0.44106820138888886 0.022967887500000027 0.040406455555555554
car 0.40600499531249995 0.4444708638888889 0.011483935937500078 0.029347836111111133
car 0.384472615625 0.44064288333333335 0.017943649999999957 0.04338375694444447
car 0.37083544218750003 0.4355389125 0.02009688749999996 0.048487727777777836
car 0.35935150625 0.43298692638888886 0.026556602343750013 0.05103971388888892
car 0.3349481421875 0.43426291944444445 0.04234701328124997 0.057419679166666605
car 0.412464709375 0.4508508263888889 0.025838855468749956 0.03317581388888892
car 0 0.3617788680555556 0.11521224921874999 0.24499063194444437
car 0.80921871484375 0.4133897513888889 0.18903744609375012 0.22881351666666663
car 0.80024191796875 0.42388482638888886 0.04019377421874992 0.06890361527777782
car 0.59123428828125 0.34477327361111115 0.22537223906249998 0.2998583236111111
traffic sign 0.1457024359375 0.1543951375 0.050242219531249986 0.0676276208333333
traffic sign 0.1722590375 0.25732523472222224 0.010766190624999995 0.026795850000000006
traffic sign 0.1421137046875 0.3849245222222222 0.01650815859375001 0.028071841666666666
traffic sign 0.2873376515625 0.35217403194444447 0.02081463359375002 0.011483934722222205
traffic sign 0.30456355468749996 0.36110598194444443 0.008612953125000012 0.044659751388888856
traffic sign 0.6297024875 0.2909263736111111 0.025838855468750043 0.04210776666666665
traffic sign 0.528500303125 0.4185256611111111 0.008612952343750013 0.016587905555555536
traffic light 0.1388325796875 0.33212271388888887 0.025121110937500003 0.038279786111111096
traffic light 0.3500208078125 0.2284027236111111 0.007177460156249982 0.04083176944444445
traffic light 0.340690109375 0.22117209999999998 0.010048443750000002 0.048487727777777795
traffic light 0.29475436718750003 0.2973063388888889 0.0078952046875 0.02934783472222221
traffic light 0.49500549765625 0.39966094166666666 0.0050242218750000235 0.018014070833333305
traffic light 0.5521859210937501 0.28071843055555556 0.010048443749999959 0.039555780555555566
traffic sign 0.7399961140625 0.2586012277777778 0.033734060937500046 0.016587908333333345
traffic sign 0.7550687796875 0.27646512777777776 0.015072666406250068 0.01658790694444446
traffic sign 0.756504271875 0.29560502083333334 0.025838855468750043 0.017863900000000005
traffic sign 0.74932681171875 0.23818534166666666 0.01507266640624998 0.020415886111111094
traffic sign 0.28243304609375 0.3355861222222222 0.012201682031250004 0.014035922222222217
traffic light 0.283509665625 0.3853498458333333 0.01291942656249998 0.019139893055555586
truck 0.50888190546875 0.4453215111111111 0.013637175000000034 0.030623827777777755
drivable area 0 0 0 0
drivable area 0 0 0 0
drivable area 0 0 0 0
lane 0 0 0 0
lane 0 0 0 0
lane 0 0 0 0
lane 0 0 0 0
lane 0 0 0 0
lane 0 0 0 0
lane 0 0 0 0
lane 0 0 0 0
lane 0 0 0 0
lane 0 0 0 0
lane 0 0 0 0
lane 0 0 0 0
lane 0 0 0 0
lane 0 0 0 0
lane 0 0 0 0
lane 0 0 0 0
lane 0 0 0 0
lane 0 0 0 0