traffic sign 0.08285866796875 0.2946085930555556 0.049715199999999994 0.08838257916666667
traffic sign 0.8627049437500001 0.10917847916666666 0.05069000781249997 0.07971761944444444
traffic light 0.860755328125 0.2512838 0.036067889062499955 0.06412069444444445
traffic light 0.89877283359375 0.25994875694444447 0.007798463281250001 0.055455736111111126
person 0.26709735078125 0.4644417819444444 0.019496156250000007 0.06758667638888893
car 0.1686417578125 0.4609758 0.10527924765624999 0.11091146805555552
car 0.29049273828125 0.4661747722222222 0.05069000781249997 0.07798462777777779
car 0.46985738125000004 0.4696407597222222 0.08383347421874995 0.09704753472222226
car 0.3996712171875 0.47137375 0.024370196093749998 0.027727868055555563
car 0.33825832265625 0.4661747722222222 0.022420579687499977 0.055455736111111126
car 0.36067890234375 0.47483973472222224 0.007798462500000003 0.03985880972222217
car 0.36652775000000004 0.47483973472222224 0.009748078124999981 0.03465983333333335
car 0.3655529421875 0.4696407597222222 0.017546542187500024 0.029460858333333326
car 0.38407429140625 0.47137375 0.006823654687500014 0.027727868055555563
car 0.46595815078124997 0.45750981527777773 0.06043808671875004 0.09184856250000001
car 0.45426045625 0.4817717013888889 0.012672501562499949 0.05718872638888889
car 0.44646199375 0.48350469166666665 0.014622117187500016 0.039858809722222256
car 0.44646199375 0.4661747722222222 0.022420580468750017 0.02252889305555562
car 0.43866353046875 0.47137375 0.00877327109374999 0.03639282777777776
traffic sign 0.08719292890625 0.3014060430555556 0.04218747109375 0.07499994861111112
drivable area 0 0 0 0
lane 0 0 0 0
lane 0 0 0 0
lane 0 0 0 0
lane 0 0 0 0
lane 0 0 0 0
lane 0 0 0 0