car 0.154266775 0.6597639833333334 0.06338092343749999 0.08078742361111103
traffic sign 0.05859745703125 0.6122836347222222 0.021525597656249996 0.02976378749999995
car 0 0.6399214375 0.17459650546875 0.2636221194444445
car 0.46798242500000004 0.6399214375 0.019133863281250017 0.048897651388888935
car 0.47874522265625 0.6335434833333333 0.05381399140624996 0.07440946805555562
car 0.5170129515624999 0.6250395430555555 0.06457678906250006 0.09779530277777779
car 0.55448344609375 0.6271655277777778 0.12078251328124993 0.1169291666666667
person 0.68961635703125 0.5952757555555556 0.02272146328125002 0.11267719722222225
person 0.675265959375 0.6037796944444445 0.016742130468750015 0.09566931805555556
traffic sign 0.7278840843750001 0.5591340138888888 0.026309062499999935 0.05102363611111116
bus 0.2399705359375 0.3607087555555556 0.23438982890625004 0.46133871111111113
drivable area 0 0 0 0
drivable area 0 0 0 0
drivable area 0 0 0 0
lane 0 0 0 0
lane 0 0 0 0
lane 0 0 0 0
lane 0 0 0 0
lane 0 0 0 0
lane 0 0 0 0
lane 0 0 0 0
lane 0 0 0 0
lane 0 0 0 0