person 0.8042164726562501 0.38645715555555554 0.08383347499999996 0.03639282361111111
traffic light 0.762299734375 0.35006432916666663 0.013647310937500023 0.05545573472222224
traffic light 0.7486524250000001 0.3483313375 0.01949615703124996 0.05892171805555554
traffic light 0.72915626875 0.3431323597222222 0.02144577265625003 0.09704753888888891
traffic light 0.93094149375 0.3691272375 0.02242057968750011 0.08838257777777775
traffic sign 0.9426391867187499 0.47137375 0.023395387500000097 0.02252889305555554
traffic light 0.90559648984375 0.5337614513888889 0.023395387500000097 0.034659834722222234
traffic sign 0.6180281734374999 0.5788192361111111 0.01949615703125005 0.04159180000000002
traffic sign 0.37140178828125003 0.6308089902777778 0.019496157031250006 0.010397949999999965
traffic sign 0.1744906046875 0.6290759958333333 0.01852134765625 0.039858809722222256
traffic sign 0.0711609734375 0.5718872694444445 0.008773270312500003 0.020795901388888892
traffic sign 0.0711609734375 0.6013481291666667 0.010722886718750001 0.029460858333333326
person 0.75060204140625 0.6412069375 0.030219042187500024 0.11611044861111108
person 0.72135780703125 0.6516048888888889 0.022420579687500018 0.12130942083333325
person 0.70381126484375 0.6602698458333334 0.01949615703124996 0.10051352083333324
person 0.6375243312500001 0.6568038638888889 0.02047096562499995 0.11611044583333331
person 0.60048163359375 0.6498718972222222 0.02924423593750003 0.12824138750000008
traffic sign 0.50300084921875 0.6134790708333333 0.019496156249999962 0.013863931944444453
truck 0.524446621875 0.6273430027777778 0.035093082031249966 0.08318360555555557
truck 0.39577198515625 0.6238770208333334 0.04971520000000003 0.09878052916666667
car 0.34118274609375 0.6672018152777778 0.05751366250000003 0.10571249444444437
car 0.4172177578125 0.6585368555555556 0.04484116015625004 0.1039795041666667
person 0.1403723296875 0.7035946402777777 0.0136473109375 0.055455734722222164
person 0.11990136484375 0.7053276333333334 0.012672501562499994 0.0537227444444444
person 0.09553116796875 0.7053276333333334 0.009748078906250013 0.04852376805555557
car 0.23882792187500002 0.6360079625 0.13257386640625 0.20622601527777779
car 0.450361225 0.6394739472222223 0.09553116796875001 0.17503216249999995
car 0 0.6672018152777778 0.127699828125 0.32753543611111113
drivable area 0 0 0 0
lane 0 0 0 0
lane 0 0 0 0
lane 0 0 0 0
lane 0 0 0 0
lane 0 0 0 0
lane 0 0 0 0
lane 0 0 0 0
lane 0 0 0 0
lane 0 0 0 0
lane 0 0 0 0
lane 0 0 0 0
lane 0 0 0 0
lane 0 0 0 0
lane 0 0 0 0
lane 0 0 0 0