traffic sign 0.43722840312500005 0.22049322222222223 0.016380981249999937 0.01456087361111109
traffic sign 0.4348882609375 0.22881372083333334 0.043292596093750024 0.04576274305555555
traffic sign 0.48052099609375 0.2246534722222222 0.03627217734375003 0.05200311944444446
traffic sign 0.3143710328125 0.2038522263888889 0.0269116140625 0.04576274305555555
traffic sign 0.35064320859375 0.2787367138888889 0.014040842187500013 0.024961497222222205
traffic sign 0.35064320859375 0.3036982138888889 0.011700702343750003 0.020801245833333346
traffic sign 0.35298334921875 0.3244994597222222 0.009360560156249998 0.018721122222222223
traffic light 0.41733720703125005 0.30785846111111115 0.010530632812499973 0.02080125
traffic light 0.44424882265625004 0.33073983333333334 0.010530630468749979 0.01456087361111113
traffic light 0.469990365625 0.3099385861111111 0.010530630468749979 0.02080124722222223
traffic light 0.57061640078125 0.16224973055555555 0.015210912499999996 0.029121747222222223
traffic light 0.75548748671875 0.15184910416666667 0.011700700781250007 0.022881372222222217
car 0.46531008515625 0.34114045694444445 0.016380982031250026 0.03328199444444443
car 0.47233050624999995 0.34738083194444447 0.02223133359375007 0.04160249305555554
car 0.4840312078125 0.34114045694444445 0.03159189375000002 0.06240374166666669
car 0.5027523296874999 0.34738083194444447 0.02223133359375007 0.07280436527777777
car 0.42552769843749993 0.3557013305555556 0.00819049140625001 0.018721120833333296
car 0.41382699765625003 0.35362120555555554 0.012870771874999942 0.01872112361111111
car 0.4044664359375 0.35154108055555555 0.00819049140625001 0.018721123611111147
car 0.39270478203125003 0.34946095694444446 0.014101794531249956 0.023772844444444472
car 0.33660236640624996 0.3453007069444445 0.018721121875000035 0.024961497222222247
car 0.31170669140624996 0.34738083194444447 0.023401403906250007 0.027041619444444404
car 0.28245493828125 0.34322058194444444 0.02925175468750001 0.039522370833333334
car 0.21342079921875 0.3349000833333333 0.044462666406250004 0.06032361805555553
car 0.146990046875 0.33073983333333334 0.07462124374999998 0.07488449027777777
car 0.51763904375 0.3099385861111111 0.10296617421874998 0.15600935555555562
car 0.64751683125 0.2683360902777778 0.31735226328125005 0.3161789625
car 0.4310538515625 0.3390603333333333 0.04095245625000006 0.06448386805555559
traffic sign 0.1142280828125 0.32747105555555556 0.040952455468749996 0.06448386666666665
car 0 0.31499030694444446 0.05338443281250001 0.11440686111111108
car 0.38334422031250004 0.3524325513888889 0.015210910937499999 0.02080125
drivable area 0 0 0 0
drivable area 0 0 0 0
lane 0 0 0 0
lane 0 0 0 0
lane 0 0 0 0
lane 0 0 0 0
lane 0 0 0 0
lane 0 0 0 0
lane 0 0 0 0
lane 0 0 0 0