traffic light 0.27730503203125 0.5963724805555556 0.004591142187500008 0.026118501388888878
traffic light 0.20109206015624997 0.5669891625 0.008264056249999995 0.029383315277777832
traffic light 0.2965878328125 0.5604595388888889 0.006427600781249998 0.029383315277777752
traffic light 0.16528114453125 0.6094317291666667 0.007345829687499994 0.01632406388888891
traffic light 0.20476497500000002 0.6012697 0.005509370312499984 0.0179564694444445
traffic light 0.25067640390625 0.5522975069444445 0.004591142968750006 0.027750908333333355
traffic light 0.26077691796875 0.5539299125 0.007345828124999976 0.026118502777777764
traffic sign 0.1505894890625 0.5468561361111112 0.011936971093750004 0.011426844444444445
traffic sign 0.25434931875 0.5517533541666666 0.0064276 0.03428053472222222
traffic sign 0.27455034609375 0.5778718583333333 0.010100515624999983 0.01142684305555556
person 0.2571040046875 0.620858575 0.011936971093750026 0.03917775416666668
person 0.69846589609375 0.6224909791666667 0.01377342812500002 0.021221281944444413
person 0.9864836148437499 0.5833132277777777 0.012855200000000089 0.12732769583333337
car 0.09549577265625 0.6143289486111111 0.04040205781249999 0.06692866111111108
car 0.16619937499999998 0.6388150444444444 0.014691657031250017 0.04407497083333338
car 0.17354520234374998 0.6355502319444444 0.032138000781249995 0.06692865972222227
car 0.2571040046875 0.6241233888888889 0.05325725859375004 0.09957678888888889
car 0.63418989453125 0.6181379152777778 0.04866611562500003 0.031015720833333343
car 0.67091903828125 0.6475212291666667 0.03581091406249994 0.11100363333333342
car 0.54573389375 0.621402725 0.15977177343749993 0.1784763972222222
truck 0.5151262359375 0.5669891625 0.07254005781249999 0.12243047916666668
car 0.18823686015625002 0.6224909791666667 0.07345828593749999 0.09794438333333338
car 0.00030607109375 0.5212817847222222 0.1478348015625 0.2807738972222223
car 0.2699592046875 0.5571947263888889 0.28648731875 0.2840387069444445
truck 0.696935496875 0.576783601388889 0.30117897656250003 0.24486095555555548
lane 0 0 0 0
lane 0 0 0 0
lane 0 0 0 0