traffic sign 0.62192740546875 0.4907832513888889 0.023395388281250006 0.019062909722222247
traffic sign 0.505925271875 0.5029141930555555 0.023395388281250006 0.017329918055555598
truck 0.56148931953125 0.5375740277777777 0.016571732812499997 0.017329916666666712
car 0.53224508359375 0.5375740277777777 0.010722887500000056 0.008664958333333396
car 0.51859777421875 0.5341080444444445 0.015596924218750008 0.015596926388888871
car 0.189112721875 0.5237100944444444 0.055564047656250004 0.05198975138888894
car 0.5907335546875 0.5306420611111111 0.0321686578125 0.0415918013888889
drivable area 0 0 0 0
drivable area 0 0 0 0
drivable area 0 0 0 0
drivable area 0 0 0 0
lane 0 0 0 0
lane 0 0 0 0
lane 0 0 0 0
lane 0 0 0 0
lane 0 0 0 0
lane 0 0 0 0
lane 0 0 0 0
lane 0 0 0 0