traffic sign 0.17333960625 0.31193851111111115 0.07487672265625 0.10958970694444442
traffic sign 0.17146768828125 0.42041893333333336 0.07238083281249999 0.10316348472222217
traffic sign 0.2594478375 0.42707464305555554 0.03369452499999999 0.09872634583333333
traffic sign 0.67189379609375 0.6012323527777778 0.02807877109375001 0.04880853055555553
traffic sign 0.65567050625 0.5468773986111112 0.014975343750000026 0.04104353749999995
traffic sign 0.6400711890624999 0.6145437708333333 0.011855480468750023 0.04437139166666668
traffic sign 0.6481828335937501 0.4958503 0.026830825781249956 0.05213638472222218
traffic sign 0.6693979046874999 0.4614624694444444 0.057405487500000074 0.06877565555555559
traffic sign 0.29563825312500003 0.6023416374999999 0.014351371874999996 0.05546424027777779
traffic sign 0.31872524296875004 0.6056694930555556 0.00935958984374996 0.039934251388888876
traffic sign 0.3443081234375 0.6045602069444445 0.008111645312499994 0.028841404166666647
car 0.5518927062500001 0.6048771527777778 0.03681438828124994 0.03549711388888892
traffic sign 0.60305846640625 0.6015492986111112 0.006239727343750001 0.012202133333333304
car 0.2605865859375 0.5950520736111111 0.03556644296874998 0.059901376388888865
car 0.062163269531249996 0.6061449194444445 0.10545138437500001 0.07986850416666663
car 0.46640844687499994 0.6050356361111111 0.041806171093750066 0.039934251388888876
car 0.41488612812500003 0.6137514319444445 0.02308698984374997 0.023294980555555532
drivable area 0 0 0 0
drivable area 0 0 0 0
drivable area 0 0 0 0
lane 0 0 0 0
lane 0 0 0 0
lane 0 0 0 0
lane 0 0 0 0
lane 0 0 0 0
lane 0 0 0 0