0 0.22430221015625001 0.2981247875 0.009228509375000016 0.03984372361111114
0 0.33108924609375 0.24656232361111113 0.00922851015624997 0.035156224999999985
0 0.49720241328125 0.34031225972222223 0.009228507812500019 0.03046872916666668
0 0.402280603125 0.42703095 0.010546867968750017 0.028124983333333298
0 0.14256398515625 0.41999970416666665 0.013183584375000001 0.03046872916666664
0 0.60135273203125 0.4457809361111111 0.014501943750000024 0.02343748472222226
0 0.32054237812499997 0.2395310777777778 0.009228510156250013 0.03984372499999998
0 0.34031775546875 0.24421857500000002 0.009228507812500019 0.03984372222222221
0 0.39832552734375 0.20437485277777775 0.017138658593750033 0.046874968055555556
0 0.53807152578125 0.36843724027777774 0.015820301562500028 0.03984372222222221
0 0.51829614765625 0.3707809888888889 0.013183584374999936 0.035156224999999985
0 0.21507369999999998 0.29578104027777774 0.009228510156250013 0.04218747222222225
0 0.1465190609375 0.30515603333333335 0.03295896171874999 0.025781233333333337
0 0.5644386945312501 0.18093736805555555 0.021093736718749943 0.04453121944444444
0 0.57366720390625 0.23484358194444444 0.022412094531249947 0.053906212500000016
0 0.5552101859375 0.23718733055555555 0.018457017968750034 0.042187472222222216
0 0.9006201046875001 0.3215622736111111 0.025048810156249955 0.02578123194444445
0 0.92566891640625 0.3028122847222222 0.031640603125000055 0.021093736111111108
0 0.92171383984375 0.2770310527777778 0.025048810937500044 0.028124980555555564
0 0.9203954812499999 0.3989059680555555 0.03559567890625015 0.04921871666666667
1 0.19266160625 0.47156216944444446 0.0514159796875 0.05624996111111113
1 0.34031775546875 0.4973434013888889 0.013183583593750025 0.023437483333333377
1 0.34559118906249997 0.4762496652777778 0.022412093749999994 0.028124980555555526
1 0.38514194296875004 0.47156216944444446 0.01845701796874999 0.028124981944444412
1 0.5499367515625 0.4739059166666667 0.07910150859375005 0.09140618888888888
1 0.7226417109375001 0.4762496652777778 0.23071273124999997 0.19921861388888884
1 0.51038599765625 0.48328090972222226 0.02768552812499996 0.04218747083333333
1 0.36272984921874996 0.4809371625 0.035595678125000016 0.046874968055555556
1 0.4141458296875 0.4762496652777778 0.02373045234374995 0.03984372222222221
1 0.44183135703125 0.4739059166666667 0.027685528125000046 0.04453121944444444
1 0.47347196171875006 0.48562465972222224 0.030322243749999967 0.04453121944444444
1 0.23353071953125001 0.4574996777777778 0.11469718671874998 0.17578112916666666
1 0 0.4645309236111111 0.1728862296875 0.1828123763888889
0 0.89930174609375 0.05203120694444444 0.04746090468750008 0.11953116805555557
