car 0.355850140625 0.4720529611111111 0.01911009921875002 0.0321854291666667
car 0.34176901484375 0.4774172013888889 0.013075330468750002 0.021456952777777774
car 0.42323838281250004 0.47920528055555556 0.01609271328124997 0.028609270833333353
car 0.43631371328124996 0.46847680416666665 0.014081125781250047 0.02860926805555558
car 0.4403368921875 0.46847680416666665 0.027156456250000006 0.057218541666666706
car 0.46045278593749994 0.46311256388888883 0.05431291328125001 0.0894039708333334
car 0.3719428546875 0.46132448611111115 0.05833608984375003 0.09298012916666668
car 0.30656620156250003 0.4774172013888889 0.046266555468749984 0.059006619444444415
car 0.19894617265625 0.4577483263888889 0.10661423515624999 0.12695363888888886
car 0 0.35761588194444444 0.16072597500000002 0.4649006444444445
traffic sign 0.4614585796875 0.4380794541666667 0.010057945312500038 0.016092713888888867
drivable area 0 0 0 0
lane 0 0 0 0
lane 0 0 0 0
lane 0 0 0 0
lane 0 0 0 0