traffic light 0.1722524859375 0.18318301944444443 0.018556703906249992 0.0907216652777778
traffic light 0.6036958578125 0.2141108597222222 0.013917528125 0.055670111111111115
traffic light 0.6802422609375001 0.29039953194444446 0.02087629062499996 0.03917526666666669
traffic light 0.19660816015625 0.2759665402777778 0.015077323437500012 0.04123712083333335
traffic light 0.363618496875 0.29039953194444446 0.009278350781250033 0.02268041666666668
traffic light 0.15833495859375 0.26978097222222225 0.01275773359375001 0.047422688888888904
traffic sign 0.16060697109375 0.31720366111111115 0.03484139531250001 0.06257031944444447
traffic sign 0.70324023125 0.1926590638888889 0.02919276171874996 0.04207035694444442
traffic sign 0.66168555703125 0.14400775555555556 0.011597941406250012 0.026804127777777766
traffic sign 0.6698041156250001 0.20380158055555553 0.02203608749999999 0.0907216638888889
traffic sign 0.6743933484375 0.12474327777777779 0.05687985078124998 0.07068785833333333
traffic sign 0.6605257640625 0.3007088125 0.019716499218750006 0.02886598055555554
traffic sign 0.38565458359375004 0.31720366111111115 0.03827320078124998 0.022680415277777755
car 0.7811443390624999 0.39967790138888887 0.04755155468750001 0.0804123819444445
car 0.2829897375 0.4604811652777778 0.01971649765625001 0.024742266666666603
car 0.25167529921875 0.4604811652777778 0.023195880468749985 0.026804124999999995
car 0.22384024296875 0.45429559722222224 0.023195883593749977 0.03917526388888888
car 0.19368559921875 0.4625430208333334 0.028994847656250024 0.039175266666666646
car 0.13917528046875 0.47079044722222224 0.0347938203125 0.052233673611111045
car 0.11713919453124999 0.47079044722222224 0.0313144375 0.045360831944444395
car 0.08698455078125 0.47903786805555554 0.034793818750000004 0.04536083472222224
car 0.053350524218749994 0.48316157916666663 0.03827320234375 0.037113411111111105
car 0.03827320234375 0.48316157916666663 0.023195881249999994 0.028865984722222276
car 0.022036085937499998 0.47903786805555554 0.01855670390625 0.026804130555555538
car 0.3769330515625 0.4497791583333334 0.01739691015624998 0.02061856111111106
car 0.386814378125 0.3007088125 0.21108250937499995 0.3525773777777778
drivable area 0 0 0 0
lane 0 0 0 0
lane 0 0 0 0
lane 0 0 0 0
lane 0 0 0 0
lane 0 0 0 0
lane 0 0 0 0
lane 0 0 0 0
lane 0 0 0 0
lane 0 0 0 0
lane 0 0 0 0
lane 0 0 0 0