traffic sign 0.8071408960937501 0.4956356333333334 0.034118274999999976 0.04159180138888882
traffic sign 0.402595640625 0.5302954680555556 0.01072288593750006 0.02946085694444444
traffic sign 0.4347643 0.47483973333333335 0.05458923906250002 0.05545573472222224
car 0.509824503125 0.5684212861111111 0.02339538750000001 0.022528891666666655
car 0.48350469140624996 0.5718872694444445 0.024370196093749998 0.017329918055555598
car 0.46010930234374997 0.5718872694444445 0.021445774218750026 0.03292684444444447
car 0.43086506796875 0.5857512041666666 0.023395388281250006 0.02946085694444444
car 0.39577198515625 0.5770862444444445 0.031193851562499965 0.04332479305555555
car 0.37920025234375 0.5857512041666666 0.02729461875000001 0.03465983333333335
car 0.30998889531249996 0.5857512041666666 0.03899231328125001 0.04159180000000002
car 0.28951793046874996 0.6048141111111112 0.032168658593749996 0.04505778749999997
car 0.22713022890625 0.5961491541666667 0.06921135625 0.06758667638888885
car 0.16571733359375002 0.6134790708333333 0.06628693359375 0.06412069444444445
car 0.0809090515625 0.6169450555555556 0.08480828203125 0.07971761666666666
car 0 0.6325419805555555 0.078959434375 0.08838257777777782
car 0.33533389921875 0.5909501805555556 0.056538854687499994 0.06238769861111114
car 0.5557336937499999 0.5693635166666666 0.014099803906250052 0.021485415277777756
traffic sign 0.633282615625 0.5442971972222223 0.014099803906249963 0.017904513888888907
traffic sign 0.6524180640624999 0.513859525 0.011078417187500023 0.0161140625
traffic sign 0.5083986367187501 0.4977454638888889 0.016114061718749982 0.028647220833333303
drivable area 0 0 0 0
drivable area 0 0 0 0
lane 0 0 0 0
lane 0 0 0 0
lane 0 0 0 0
lane 0 0 0 0