1 0.5461123531250001 0.49464580277777775 0.058597457031249967 0.0701574986111111
1 0.4364912625 0.5106615527777778 0.014350397656250014 0.021259850000000018
1 0.45084166015625 0.5085355680555556 0.027504928906250024 0.036141743055555585
1 0.48552178828125003 0.49152768750000003 0.021525595312500024 0.04039371527777773
0 0.3814814046875 0.3682205694444444 0.05979332343749997 0.05102363611111108
0 0.4424705953125 0.36566939583333335 0.0861023859375 0.05314961944444442
0 0.52857298125 0.3677953777777778 0.031092528906250028 0.05102363611111108
0 0.37071860624999997 0.4677166666666666 0.014350398437500012 0.027637802777777803
0 0.6728742 0.4053544375 0.03707185937500004 0.07228348472222221
1 0.2160532078125 0.5031497402777778 0.015546262499999974 0.025511819444444465
1 0.2626919984375 0.5159056486111111 0.01913386484374997 0.012755908333333347
1 0.2985679921875 0.5095276944444445 0.020329729687499975 0.03188977361111114
1 0.29019692734375 0.5180316319444445 0.008371065625000007 0.0212598513888889
1 0.33324812109375 0.5159056486111111 0.013154530468750014 0.021259848611111132
1 0.28182586171875 0.5166143166666667 0.010762798437500009 0.0148818902777778
