traffic light 0.54202660078125 0.5184371361111111 0.009228510156250013 0.023437484722222183
traffic light 0.51697778984375 0.5207808847222223 0.009228509375000016 0.018749987499999954
traffic light 0.4998391296875 0.534843375 0.009228509375000016 0.018749988888888916
traffic sign 0.55652854375 0.5324996249999999 0.013183585156250021 0.018749988888888916
car 0.5868507890625 0.5582808597222222 0.03955075390625007 0.0656249555555555
car 0.524887940625 0.5582808597222222 0.01713866015624994 0.025781233333333296
car 0.6132179585937501 0.5418746208333333 0.08569329999999997 0.11249992222222226
car 0.33108924609375 0.5864058416666666 0.11469718671874998 0.14296865
car 0.0001812703125 0.6309370597222222 0.21357407187499997 0.2226560958333334
drivable area 0 0 0 0
lane 0 0 0 0
lane 0 0 0 0
lane 0 0 0 0