traffic light 0.11917964609375001 0.06999996388888889 0.04429685859374999 0.09937496666666666
traffic light 0.16242181875 0.09249995833333333 0.028476552343750017 0.11249995555555557
traffic light 0.48093733203125 0.22749991111111112 0.013710932031249979 0.05249998194444443
traffic light 0.4957029515625 0.24437490555555555 0.012656245312500047 0.021875002777777812
traffic sign 0.57585917421875 0.2699999069444444 0.04218748437500004 0.0237499861111111
traffic sign 0.66164039609375 0.20499991944444446 0.023203116406249967 0.07874997361111112
traffic sign 0.6869528875 0.20499991944444446 0.02109374296874993 0.0749999763888889
traffic light 0.70171850546875 0.34687488055555554 0.015820307031249925 0.04874998055555556
traffic light 0.56039043125 0.22124992222222223 0.014765620312499995 0.06374997916666665
person 0.7045310046875 0.4493748388888889 0.015820307031250015 0.08437496944444445
person 0.7382809906250001 0.44187483888888884 0.01792968281249996 0.09937496666666669
car 0.8405856437500001 0.45124983888888887 0.15187494687499986 0.10124996249999998
traffic sign 0.91757780390625 0.30124988888888893 0.02742186640625004 0.02062499166666664
traffic sign 0.9228512398437501 0.32312487777777776 0.01371093124999998 0.031874990277777786
car 0.26789053125 0.30124988888888893 0.42398422656250007 0.6487497722222223
traffic sign 0.14554682421875 0.3968748569444444 0.0337499875 0.08437496944444445
traffic sign 0.1371093265625 0.20249992916666668 0.04218748515625002 0.071249975
drivable area 0 0 0 0
drivable area 0 0 0 0
lane 0 0 0 0
lane 0 0 0 0
lane 0 0 0 0
lane 0 0 0 0
lane 0 0 0 0
lane 0 0 0 0
lane 0 0 0 0
lane 0 0 0 0
lane 0 0 0 0
lane 0 0 0 0