car 0.4523781171875 0.5319973263888889 0.009470665624999963 0.018367355555555537
car 0.45926587421875 0.5304667111111111 0.009470667968749957 0.024489808333333307
bus 0.46357072421875 0.5075075194444445 0.027551032812499977 0.05051022500000002
car 0.47304139140625 0.5197524208333333 0.03357782187499998 0.05663268055555556
car 0.49628757500000004 0.5335279388888888 0.05596303593749994 0.07193880972222225
car 0.44118551015624996 0.5396503902777777 0.01721939531250003 0.022959194444444442
car 0.3817785953125 0.5304667111111111 0.07404340078124996 0.10255106527777778
bus 0.35164465390625 0.4937320041666667 0.045631397656249996 0.09336738749999998
car 0.2999864671875 0.5105687444444444 0.07404340078125 0.11785719583333337
car 0.27674028281249996 0.5335279388888888 0.023246184375000034 0.03367348472222223
car 0.24316246171875 0.5427116166666667 0.019802304687499994 0.02908164583333333
car 0.09077081171875 0.5411810041666667 0.018941334374999997 0.019897968055555517
car 0.0227542 0.5411810041666667 0.07834824921875 0.07346941944444446
car 0.55676045859375 0.5229594194444445 0.012914546093750002 0.027551031944444464
car 0.57570179375 0.5168369680555556 0.022385214062500047 0.027551033333333346
car 0.594643128125 0.5168369680555556 0.02669006328124999 0.03061225833333331
car 0.76511514375 0.5045920625 0.050797214843750015 0.035204098611111095
traffic light 0.154974559375 0.2372450041666667 0.019802304687499994 0.07193880972222222
traffic light 0.5122770156249999 0.05510206527777778 0.025829092187500003 0.10867351944444445
traffic light 0.13603322421875 0.46989817083333335 0.02324618515625001 0.03673470972222219
traffic light 0.170472015625 0.23877561805555556 0.020663274218749982 0.06887758194444445
traffic light 0.1429209828125 0.24183684305555556 0.012053576562499991 0.06581635694444445
traffic light 0.53294029140625 0.07040819305555555 0.02066327265624999 0.09183677777777777
traffic light 0.48558695234375 0.07193880833333333 0.024968122656250015 0.08724493750000001
traffic sign 0.5139989554687501 0.46989817083333335 0.01808036406249993 0.032142870833333365
traffic sign 0.29272972265625 0.4775512361111111 0.013775517187499985 0.01836735416666665
traffic sign 0.36332924453125004 0.46377571805555556 0.012914547656249997 0.022959195833333328
traffic light 0.7154658828125 0.4301022347222222 0.018941334375000007 0.03673471249999996
traffic sign 0.69910745703125 0.42551039444444444 0.014636485937500065 0.02448980555555554
drivable area 0 0 0 0
lane 0 0 0 0
lane 0 0 0 0
lane 0 0 0 0
lane 0 0 0 0
lane 0 0 0 0
lane 0 0 0 0
lane 0 0 0 0
lane 0 0 0 0
lane 0 0 0 0
lane 0 0 0 0