car 0.12240832343750001 0.46479994999999996 0.0587286875 0.06555760694444446
car 0.213915815625 0.46722800972222217 0.0382419375 0.04127700972222222
car 0.27674185546875 0.4745121875 0.023218319531249997 0.026708654166666672
car 0.10328735468750001 0.46237189027777775 0.04233928671874998 0.05584536805555555
car 0.18933171328125 0.46479994999999996 0.03414458671875 0.03642089583333335
car 0.25488931953125 0.4720841291666667 0.019120968749999977 0.026708654166666672
car 0.3253979125 0.4856119 0.010926267968750025 0.012140298611111117
car 0.31310586171875 0.4831838444444444 0.010926267968749981 0.012140297222222231
car 0.30217959375 0.4807557833333333 0.012292051562500017 0.019424479166666706
car 0.33359261328125 0.47589966250000004 0.012292050781250018 0.012140298611111117
car 0.3609082828125 0.4783277236111111 0.010926269531249977 0.016996416666666646
person 0.8881007046875 0.45890324583333336 0.05189977109374997 0.18210446388888887
car 0.9145627382812499 0.4817963666666667 0.08467857578125013 0.11654685833333328
car 0.7807159578125 0.47936830694444443 0.13111521250000005 0.10197850000000004
car 0.71515835078125 0.4817963666666667 0.08877592578124993 0.08012596666666659
car 0.68511111484375 0.49150860416666664 0.040973505468750025 0.058273429166666724
car 0.6168219406250001 0.47936830694444443 0.050533989843749974 0.058273429166666724
car 0.5867747046875 0.4866524861111111 0.03414458671874998 0.04370507083333332
car 0.570385303125 0.49150860416666664 0.02048675156249997 0.031564773611111166
car 0.54716698359375 0.49150860416666664 0.02321831953125004 0.030728240277777825
car 0.5253144484375001 0.4745121875 0.031413019531249996 0.0461331333333333
car 0.51165661328125 0.4842244263888889 0.019120968749999977 0.026708650000000014
car 0.49799877890625 0.4842244263888889 0.015023617968750003 0.031564772222222204
car 0.48297516015625 0.4817963666666667 0.021852535156249964 0.026708654166666592
car 0.46658575859375 0.4817963666666667 0.019120967187499983 0.02428059583333327
car 0.4583910578125 0.4842244263888889 0.012292050781250018 0.021852534722222178
car 0.44609900703124994 0.4842244263888889 0.017755184375000076 0.0242805930555555
traffic sign 0.45975684140624995 0.38710204722222225 0.028681453125000013 0.04613313055555553
traffic sign 0.39010188437500004 0.46237189027777775 0.010926267187499939 0.02185253611111114
drivable area 0 0 0 0
drivable area 0 0 0 0
drivable area 0 0 0 0
lane 0 0 0 0
lane 0 0 0 0
lane 0 0 0 0
lane 0 0 0 0
lane 0 0 0 0