1 0 0.5510913680555555 0.12087617265624999 0.1836971236111112
1 0.09163193750000001 0.5857512027777777 0.0945563609375 0.11264446250000001
0 0.1881379140625 0.5008346083333333 0.021445772656249983 0.013863934722222224
0 0.1978859921875 0.5701542777777777 0.013647309375000005 0.017329916666666712
1 0.25442484765625 0.5926831708333333 0.03801750624999998 0.05545573472222224
1 0.32851024375 0.5597563277777778 0.08870751484374999 0.14037232916666662
1 0.61412894375 0.5216305083333334 0.2661225421875 0.25994875833333336
1 0.5312702765624999 0.5822852194444444 0.10235482343750002 0.12130942083333333
1 0.45815968749999997 0.5805522291666667 0.05069000781250006 0.07798462777777779
1 0.28854312265625 0.5978821458333333 0.019496157031250006 0.04159180000000002
1 0.3090140875 0.6065471027777778 0.008773270312499993 0.02946085972222221
1 0.314862934375 0.5996151375 0.012672501562499994 0.034659834722222234
1 0.4474368015625 0.5857512027777777 0.018521347656249975 0.0589217194444445
1 0.43281468359374997 0.5996151375 0.018521349218749972 0.04505778472222228
1 0.41916737265625 0.5996151375 0.01852134921875006 0.034659834722222234
