traffic sign 0.24480868359375002 0.0790040763888889 0.08030348671874998 0.05266938194444444
car 0.43742288515625 0.5571866541666667 0.01169468359375001 0.0180184736111111
car 0.4280671390625 0.5655028722222222 0.010915037500000047 0.013860368055555562
car 0.448337921875 0.5668889083333333 0.017152201562500035 0.019404508333333344
car 0.46237154062499997 0.5668889083333333 0.020270782812500075 0.03187883750000001
car 0.4654901234375 0.5724330527777778 0.02962652734375002 0.04296712916666665
car 0.4210503296875 0.5738190902777778 0.028846883593749963 0.011088291666666647
car 0.3844069921875 0.5807492736111111 0.081083128125 0.12058516666666669
car 0.48654055078124997 0.5627308 0.04911766718750003 0.07345992916666665
car 0.5342317453125001 0.5544145805555556 0.048984845312500004 0.10604490138888889
bus 0.56820563515625 0.4637677861111111 0.18867421093749998 0.29106765277777785
car 0.76755455390625 0.5823982208333334 0.20835468515624997 0.18061232500000005
car 0.0441474140625 0.5447123361111111 0.0756256125 0.06098560277777775
drivable area 0 0 0 0
drivable area 0 0 0 0
drivable area 0 0 0 0
lane 0 0 0 0
lane 0 0 0 0
lane 0 0 0 0
lane 0 0 0 0
lane 0 0 0 0
lane 0 0 0 0
lane 0 0 0 0
lane 0 0 0 0
lane 0 0 0 0
lane 0 0 0 0
lane 0 0 0 0