traffic sign 0.42243983203125 0.5065158888888889 0.014350398437500012 0.05102363611111108
traffic sign 0.1841634375 0.5532875569444444 0.023917327343750027 0.012755908333333347
traffic sign 0.181771703125 0.487382025 0.011958665625000009 0.008503937500000013
traffic sign 0.20210143359375002 0.4427363430555556 0.03946359374999999 0.014881894444444457
traffic light 0.19133863515625 0.4618702069444445 0.011958665625000009 0.05527560555555553
traffic light 0.25352369140625003 0.4044686152777778 0.013154532031249966 0.04889765277777782
traffic light 0.20449316718750002 0.5702954333333333 0.013154531249999967 0.023385829166666698
traffic light 0.26189475859375 0.4087205861111111 0.013154531249999967 0.04464568333333337
traffic light 0.24036916171875 0.40234262916666663 0.015546263281250017 0.05102363888888893
traffic light 0.31212114921875 0.5681694486111111 0.007175199218750006 0.02338583472222224
traffic light 0.8888277562500001 0.47462611527777776 0.010762798437500009 0.03826772777777781
car 0.45951169140625003 0.627697025 0.026309061718749936 0.04464567916666663
person 0.33603847890625 0.6213190680555556 0.01435039921875001 0.04039371388888884
car 0.687623221875 0.5766733861111111 0.031092528124999942 0.029763788888888913
car 0.700777753125 0.5936812638888889 0.07892718749999998 0.04677166666666663
traffic sign 0.906765753125 0.5171458125 0.019133864843750105 0.010629925000000009
traffic light 0.9515680375000001 0.1551968777777778 0.03707186015624995 0.11267719444444446
traffic light 0.92286724140625 0.15367833055555555 0.015546263281250106 0.09141734999999998
traffic light 0.93602177421875 0.14699665555555555 0.02032972968750002 0.10629924166666666
car 0.79371366328125 0.5363556041666667 0.20449316718750002 0.36992136249999996
truck 0.45852937109375 0.5214737125 0.35158474375000004 0.4719686361111112
car 0.01007944375 0.6022611388888889 0.35995580859375004 0.35078749722222224
lane 0 0 0 0
lane 0 0 0 0
lane 0 0 0 0
lane 0 0 0 0
lane 0 0 0 0
lane 0 0 0 0
lane 0 0 0 0
lane 0 0 0 0
lane 0 0 0 0
lane 0 0 0 0
lane 0 0 0 0
lane 0 0 0 0