car 0.46474157265624993 0.47976422222222226 0.01729127343750001 0.03586338333333327
car 0.47698955859375003 0.48232589305555557 0.018011742968749987 0.03330171249999994
car 0.50090658125 0.4745493972222222 0.04322818437499994 0.0601992486111111
car 0.5181978546875 0.46430271666666667 0.03386207812499995 0.08325427916666668
car 0.34223719453125 0.4386860152777778 0.12768918828125 0.20109110694444443
truck 0.6849865984375 0.3490275597222222 0.11671609609375003 0.22286530416666664
truck 0.5444950000000001 0.3221300222222222 0.14481441562499997 0.27537954305555556
truck 0.82188873125 0.19944432083333333 0.17723555390625007 0.4009013805555556
car 0.8564712789062501 0.48415565972222224 0.14265300703124986 0.2446395013888889
drivable area 0 0 0 0
drivable area 0 0 0 0
lane 0 0 0 0
lane 0 0 0 0
lane 0 0 0 0
lane 0 0 0 0
lane 0 0 0 0
lane 0 0 0 0
lane 0 0 0 0
lane 0 0 0 0
lane 0 0 0 0