0 0.45645377500000006 0.340532875 0.009748078124999981 0.027727868055555563
0 0.51786666875 0.350930825 0.01072288593750006 0.020795897222222196
0 0.50032012578125 0.37865869027777777 0.008773272656249987 0.013863934722222224
0 0.48472320078125 0.37519270833333335 0.0068236554687500115 0.017329922222222176
0 0.432083578125 0.36826074305555556 0.007798464062500088 0.024261881944444418
0 0.59975052734375 0.33533389999999996 0.015596925000000006 0.04505778333333331
1 0.4895972421875 0.4046535666666667 0.015596925000000006 0.02252889027777777
1 0.46693295859374995 0.40898604861111115 0.014622117187500016 0.020795901388888816
1 0.45133603359374996 0.4055200666666667 0.01754654140625007 0.027727866666666677
1 0.4386635296875 0.40725305416666663 0.016571732812499997 0.03292684583333336
1 0.42404141328125 0.40725305416666663 0.022420578906250023 0.036392825
1 0.39869640859375 0.4055200666666667 0.03021904296875002 0.04505778333333331
1 0.3762758265625 0.3997434263888889 0.037042698437500035 0.06758668055555558
1 0.3411827453125 0.3910784680555556 0.05751366328125003 0.08664958749999999
1 0.51372373515625 0.41014137916666665 0.010722886718750057 0.019062909722222247
1 0.5185977734375 0.41014137916666665 0.012672500781249952 0.027727866666666677
1 0.5254214296875 0.40147641944444445 0.021445772656249938 0.04332479305555555
1 0.5400435460937499 0.41014137916666665 0.019496157812500046 0.041591802777777784
1 0.55076643359375 0.4049424041666667 0.03314346640624999 0.05545573194444439
1 0.56636335859375 0.41014137916666665 0.03606789062499995 0.06758667638888893
1 0.581960284375 0.4118743694444445 0.038017505468749935 0.08838257777777775
1 0.5985320187500001 0.3997434263888889 0.06141289374999994 0.1299743819444444
1 0.6268014453124999 0.37143788194444444 0.11308785546875004 0.19756105972222224
1 0.68335044296875 0.3367780486111111 0.22323099609375002 0.3743262125
1 0.0009849515624999999 0.37143788194444444 0.12477540390625 0.25994875833333336
1 0.06889656953125 0.31424915416666666 0.27782023749999996 0.2582157694444444
1 0.7843233625 0.4061086722222222 0.21440250937500008 0.45184787638888885
