traffic sign 0.10711186953125 0.3723158875 0.03437171953125 0.04689474861111115
traffic sign 0.16866122734375 0.30268428888888893 0.02318092734375001 0.02273684861111111
traffic sign 0.1702599125 0.33394745694444444 0.022381584374999996 0.029842109722222235
traffic sign 0.29255928671875 0.3126316625 0.019184214062499993 0.021315794444444456
traffic sign 0.28776323203125 0.33963166944444445 0.023980269531250008 0.052578961111111114
traffic sign 0.32293429453125 0.3538421986111111 0.016786188281249982 0.025578954166666654
traffic sign 0.752980459375 0.28705270694444446 0.018384873437500015 0.017052634722222217
traffic sign 0.7433883531250001 0.31121060833333336 0.029575664062500007 0.02131579583333334
traffic sign 0.1366875359375 0.34815798611111115 0.0215822421875 0.03552632361111109
person 0.47880604609375005 0.41636853055555556 0.009592106249999954 0.049736856944444456
car 0.43724024609375 0.41068431666666666 0.023980268750000013 0.03410527222222228
car 0.3748915453125 0.4192106361111111 0.08073357343750001 0.11368424583333336
car 0.25160686484375 0.41166987222222223 0.02197265234375001 0.034374995833333345
drivable area 0 0 0 0
drivable area 0 0 0 0
drivable area 0 0 0 0
lane 0 0 0 0
lane 0 0 0 0
lane 0 0 0 0
lane 0 0 0 0
lane 0 0 0 0
lane 0 0 0 0
lane 0 0 0 0