car 0 0.5522100930555556 0.17430809453125 0.4443348902777777
car 0.1906974984375 0.5157892013888888 0.36876153828125 0.4758996638888889
person 0.02134034609375 0.49150860416666664 0.034144586718749995 0.094694325
car 0.0322666140625 0.5109330805555555 0.23081740703125 0.22580953472222226
car 0.29176547421875 0.4356632361111111 0.16935715078124997 0.08741014166666672
car 0.21255003203124997 0.5060769625 0.06692338984375001 0.06312955000000002
car 0.18933171328125 0.4890805458333333 0.03141301953125002 0.01942447499999997
car 0.23440256874999998 0.5012208416666667 0.06555760703125002 0.03399283333333329
traffic light 0.5157539640625 0.4138107013888889 0.0054631335937499696 0.0242805930555555
traffic light 0.48980407656249997 0.4550877138888889 0.008194702343750037 0.019424479166666626
traffic light 0.36688356484375 0.41415757499999994 0.010926269531249977 0.023933719444444456
traffic light 0.44609900625 0.41658563333333337 0.008194700000000044 0.021852533333333292
traffic sign 0.9118311710937499 0.11307819305555555 0.06146025703125009 0.07284178749999999
traffic sign 0.9118311710937499 0.19042922499999998 0.06282603984375008 0.02913671388888892
traffic sign 0.18264966015625 0.43342105555555555 0.013988486718750016 0.015986841666666703
traffic sign 0.5263667671875 0.44230263333333336 0.007993421093750008 0.0071052625000000095
traffic light 0.5253675890625 0.46717105694444444 0.010990953906250045 0.021315788888888913
person 0.625285353125 0.47427631805555553 0.022981085156249925 0.09947368333333337