car 0.24969710546875 0.5681246111111111 0.022412094531249992 0.02812498472222226
car 0.7395991015625001 0.5231246319444445 0.12788077187500005 0.1031249305555555
car 0.1244530390625 0.5681246111111111 0.04877926484374999 0.06093745833333336
car 0.09940422812500001 0.5634371333333333 0.035595678124999995 0.06093745833333336
car 0.0105468671875 0.5634371333333333 0.10810539453125001 0.10078118055555557
car 0.3928708234375 0.5540621402777778 0.04086911250000003 0.06093745833333336
car 0.43505829374999994 0.5531246194444445 0.05800777343750001 0.07265620138888886
rider 0.3472556328125 0.5489058652777777 0.017138660156249985 0.053437469444444476
motor 0.34857399140625 0.5624996125 0.01582030312499998 0.051562465277777705
traffic sign 0.2612986546875 0.41015596805555554 0.03669139687499996 0.09184746944444444
car 0.49061769140625 0.518644425 0.06361772656250002 0.07280436527777773
person 0.57348593359375 0.17343734583333334 0.009228510156250013 0.03046872916666668
rider 0.49965786015624997 0.5018969680555555 0.013183585156250021 0.03749997222222221
car 0 0.5789058527777777 0.02900388671875 0.06093745833333336
drivable area 0 0 0 0
drivable area 0 0 0 0
drivable area 0 0 0 0
lane 0 0 0 0
lane 0 0 0 0
lane 0 0 0 0
lane 0 0 0 0
lane 0 0 0 0