traffic sign 0.42045393750000004 0.44940789583333335 0.01199013124999997 0.017763159722222196
car 0.43344324765625003 0.47250000277777776 0.018984374999999963 0.044407894444444436
car 0.3974728515625 0.47072368611111115 0.043963817187500046 0.06572368472222215
car 0.324532884375 0.48848684444444446 0.06394736953125002 0.11368421249999995
car 0.47341035234374995 0.47072368611111115 0.020982731249999987 0.028421051388888844
car 0.5023865046875 0.47960526666666664 0.019983552343750065 0.03508187916666669
car 0.5233692328124999 0.4867105291666667 0.020982731250000074 0.03552631527777782
car 0.5393560749999999 0.4867105291666667 0.020982730468749988 0.05506579027777781
car 0.554343740625 0.4902631625 0.05395559375000003 0.07460526111111107
car 0.6522631492187501 0.5115789486111111 0.19084292890625001 0.20782895000000007
car 0.8096533703125001 0.4440789513888889 0.18932441953124995 0.4784204138888888
car 0.004796040624999999 0.3872368444444444 0.3237335546875 0.3641447388888889
drivable area 0 0 0 0