traffic sign 0.8509430289062501 0.3556123958333334 0.0904018265625 0.08724493749999998
traffic sign 0.592777690625 0.42321447777777776 0.013775514843749993 0.010714291666666674
traffic sign 0.57555829453125 0.43086754166666663 0.033577820312499986 0.019897965277777825
traffic sign 0.30994911875 0.44158182916666666 0.012914546093750002 0.024489809722222193
bus 0.6048312664062501 0.2678572611111111 0.2333228070312499 0.35969403888888885
car 0.5773663359375 0.4836736861111111 0.014636485937499976 0.0229591986111111
truck 0.55756403046875 0.46989817083333335 0.019802304687499994 0.015306129166666693
car 0.56014693984375 0.4836736861111111 0.01894133671875 0.03214287222222225
car 0.59372476171875 0.4867349125 0.01721939609374994 0.026020419444444404
truck 0.49490108828125 0.4614319680555556 0.019384851562500048 0.03550704444444443
truck 0.4535588796875 0.4622451069444445 0.023246184374999944 0.03979593333333327
car 0.47594409375 0.48214307638888887 0.012914547656249997 0.01989796666666671
car 0.41223233046874996 0.4744900083333334 0.03271685234374999 0.03673471249999996
car 0.37348868984375 0.4744900083333334 0.03702170078125002 0.033673486111111116
car 0.28653074296875 0.4622451069444445 0.09470667421875004 0.05204084166666666
car 0.01721939609375 0.46377571666666667 0.24968123359375002 0.07959187638888889
car 0 0.48163287777777775 0.02783801796875 0.06581635694444449
car 0.51084206171875 0.4647961361111111 0.055963036718750025 0.09183677638888889
drivable area 0 0 0 0
drivable area 0 0 0 0
lane 0 0 0 0
lane 0 0 0 0
lane 0 0 0 0
lane 0 0 0 0
lane 0 0 0 0
lane 0 0 0 0
lane 0 0 0 0