car 0.5869973835937501 0.6157169236111112 0.41186469765625 0.3827429513888889
person 0.81633113515625 0.5741144291666667 0.03510210546875001 0.04576274305555551
person 0.69113362734375 0.5595535555555555 0.050313017968750005 0.09360561250000003
person 0.60688857578125 0.5637138041666667 0.03627217500000004 0.12480748611111107
person 0.534344225 0.5512330569444445 0.02223133359374998 0.12272735972222222
truck 0.395105875 0.5158709361111111 0.12870771875 0.1788907277777778
car 0.2617178765625 0.48466906388888886 0.12168729687500002 0.19969197500000005
truck 0.0990781234375 0.3120187111111111 0.1649798921875 0.3078584611111111
truck 0.25820766562499997 0.42018519722222225 0.030421824999999993 0.16432985555555557
car 0.38457524374999996 0.5158709361111111 0.03744224609374998 0.11232673472222222
car 0.3752146828125 0.5283516833333333 0.023401403125000008 0.06864411666666667
traffic sign 0.4781808578125 0.4680280666666667 0.017551052343749964 0.02080124722222223
car 0.054589239062499996 0.4731067416666667 0.021445772656250008 0.07278565138888887
drivable area 0 0 0 0
drivable area 0 0 0 0
lane 0 0 0 0
lane 0 0 0 0
lane 0 0 0 0
lane 0 0 0 0
lane 0 0 0 0
lane 0 0 0 0