0 0.07399052109375 0.4734594 0.035989314062500014 0.06611370000000005
0 0.23714207265625 0.516113401388889 0.013196081250000002 0.02132699999999998
0 0.467473671875 0.4990518013888889 0.01319608203125 0.02132699999999998
0 0.64262166015625 0.4393362 0.02879144999999994 0.051184799999999975
0 0.325915709375 0.46279590000000004 0.007197862500000029 0.036255901388888866
0 0 0.5459712013888889 0.006810471093749999 0.029857801388888876
0 0.396694690625 0.46279590000000004 0.009597149999999966 0.036255901388888866
1 0.345110009375 0.5545020013888889 0.02159358828125 0.021326998611111096
1 0.3739014609375 0.5545020013888889 0.014395725000000015 0.021326998611111096
1 0.39429540390625 0.5587674 0.02519251796874995 0.014928899999999995
1 0.3739014609375 0.533175001388889 0.02759180546875002 0.03412319999999996
1 0.4218872109375 0.5438385013888889 0.027591805468749973 0.034123200000000034
1 0.45067866093750003 0.5267769013888889 0.04798574999999996 0.04265400138888893
1 0.4638747421875 0.5545020013888889 0.03478966874999996 0.06824639999999998
1 0.48906726093749997 0.5289096013888889 0.05038503828125007 0.12156390138888887
1 0.51186049296875 0.5118480013888889 0.08517470625000004 0.17061600277777778
1 0.56824374765625 0.48838830138888883 0.21233694453125002 0.26872020138888886
1 0.299523546875 0.5374404013888889 0.02999109375000004 0.051184799999999975
1 0.331913928125 0.5587674 0.015595368749999982 0.029857801388888876
1 0.2779299609375 0.5566347013888889 0.03958824374999996 0.05331750138888888
1 0.258735659375 0.5438385013888889 0.05038503828124998 0.10023689861111112
1 0.127974490625 0.5374404013888889 0.1727487 0.20473920138888893
1 0.24913850937499998 0.5609001013888889 0.27711770859375007 0.38815140000000004
1 0 0.5779617013888889 0.21794777109375 0.37322250138888885
1 0.69300669921875 0.405213 0.30649029062499994 0.5913488083333334
