car 0.54278359453125 0.6000000986111111 0.015077321874999949 0.02886598611111116
bus 0.50682998046875 0.5917526750000001 0.015077321874999949 0.028865986111111082
car 0.45463924999999994 0.5979382430555555 0.013917528125 0.026804127777777766
car 0.3769330515625 0.5855671069444445 0.04755155468749996 0.024742272222222222
car 0.28067014921875 0.604123811111111 0.012757734375000006 0.010309280555555567
car 0.30734541171875 0.6020619555555555 0.013917528125 0.014432993055555619
car 0.51378874453125 0.5855671069444445 0.037113407812500034 0.061855680555555556
car 0.46507739531250003 0.5855671069444445 0.046391760156249975 0.07628867222222221
car 0.665721759375 0.5979382430555555 0.05219072968749998 0.030927838888888854
car 0.6703609351562501 0.6247423708333333 0.046391760156249975 0.049484544444444445
car 0.70515475625 0.6061856652777778 0.08466496250000004 0.08453609722222216
car 0.76546404375 0.6082475236111111 0.12177837031249998 0.10721651111111107
car 0.87030945 0.5814433958333334 0.12873713437499995 0.16082476944444446
car 0.9324743812499999 0.6879726152777778 0.06610825781250007 0.23711344305555554
person 0.64948464296875 0.5962887513888889 0.010438146093750067 0.04329897499999997
person 0.5717784445312499 0.5921650402777778 0.005798970312500007 0.03505154999999994
person 0.565979475 0.5942268958333333 0.006958764062500044 0.030927838888888854
person 0.56134029765625 0.5921650402777778 0.004639176562499969 0.030927838888888854
person 0.536984625 0.5797939041666667 0.008118557812499993 0.020618558333333287
person 0.13105672265624999 0.5901031833333333 0.009278353125000005 0.03092784027777774
car 0.07886599296874999 0.6045361763888889 0.0579897 0.030927838888888854
traffic sign 0.10322166640625 0.5216495708333333 0.019716498437500007 0.012371136111111111
traffic sign 0.42332481250000004 0.5422681305555556 0.00927835234374994 0.014432993055555541
traffic sign 0.4198454296875 0.53195885 0.012757734374999963 0.012371137499999997
traffic sign 0.5601805046874999 0.5443299875000001 0.009278353125000027 0.010309279166666683
traffic sign 0.5207475085937501 0.5567011236111111 0.004639174999999973 0.018556702777777743
traffic sign 0.12061857578124999 0.5608248347222222 0.005798970312500007 0.02268041666666668
traffic light 0.09858249062499999 0.552577411111111 0.011597939843749993 0.024742272222222222
traffic light 0.2192010671875 0.4865980180555555 0.010438145312500025 0.02061855972222225
traffic light 0.22963921328125 0.48453616250000003 0.0046391757812499716 0.022680415277777793
traffic light 0.4198454296875 0.5628866902777777 0.008118558593749992 0.016494848611111165
traffic light 0.42796398828125 0.5608248347222222 0.0057989695312500086 0.018556702777777743
traffic light 0.56250009296875 0.4907217305555555 0.006958764062499956 0.024742272222222222
traffic light 0.66224237734375 0.5587629791666667 0.012757734374999963 0.018556702777777743
traffic light 0.60425267734375 0.5690722597222222 0.009278351562499943 0.015463920833333273
traffic light 0.55670112265625 0.49381451388888886 0.005798970312500007 0.02268041666666668
traffic light 0.5045103921874999 0.5556701944444444 0.004639176562500058 0.01649484999999997
traffic light 0.20064436328125002 0.5680413305555555 0.010438146093749979 0.01855670416666671
person 0.198324775 0.601031026388889 0.008118557812499972 0.03092784027777774
person 0.937901959375 0.5661841763888888 0.018171451562499996 0.035705308333333366
person 0.5987015101562501 0.6007560000000001 0.00956392187499997 0.020403033333333317
drivable area 0 0 0 0
drivable area 0 0 0 0
drivable area 0 0 0 0
lane 0 0 0 0
lane 0 0 0 0
lane 0 0 0 0
lane 0 0 0 0
lane 0 0 0 0
lane 0 0 0 0
lane 0 0 0 0
lane 0 0 0 0
lane 0 0 0 0
lane 0 0 0 0
lane 0 0 0 0
lane 0 0 0 0