car 0.001559290625 0.4158109277777778 0.1434547703125 0.1330595
car 0.63852965625 0.4476897652777778 0.08186277578125001 0.1039527319444444
car 0.44517757421875004 0.421355075 0.06159199453124993 0.11088291249999997
car 0.61669958203125 0.4712523847222222 0.029626528906250015 0.06514371111111114
car 0.59798808984375 0.45877805833333335 0.04210085625 0.07345992916666665
car 0.5831748265625001 0.47263841944444446 0.021050428124999954 0.048511276388888865
car 0.5707004984374999 0.4615501291666667 0.023389364843750027 0.042967131944444424
car 0.5621243984375 0.4657082388888889 0.02027078203124999 0.04158109166666664
car 0.55354829765625 0.4698663472222222 0.01559290937500002 0.03326487500000002
traffic light 0.371111253125 0.06791578611111111 0.017931846093750002 0.0803901125
traffic light 0.9480489164062501 0.1968171722222222 0.017931846093749825 0.06375767638888889
traffic light 0.38904309921875 0.06930182083333333 0.02183007421874996 0.08177614999999999
traffic sign 0.20348747265624997 0.0970225486111111 0.04054156562500002 0.06375767500000001
traffic light 0.18399633515625 0.3215604513888889 0.021050428906249995 0.04019505555555551
car 0.5473111328125 0.46848031250000005 0.008576100781249974 0.030492802777777762
car 0.5379553875 0.4670942763888889 0.009355746875000025 0.024948655555555553
car 0.52392176875 0.45877805833333335 0.012474328906249976 0.02910676527777775
traffic sign 0.9519471429687499 0.3049280125 0.03352475703125002 0.02079054583333332
drivable area 0 0 0 0
lane 0 0 0 0
lane 0 0 0 0
lane 0 0 0 0
lane 0 0 0 0
lane 0 0 0 0