traffic sign 0.32181271015625 0.45023159444444444 0.013657833593749969 0.0388489513888889
traffic sign 0.49390142734375003 0.42109488055555555 0.005463134374999967 0.021852534722222258
car 0.366883565625 0.44537547361111113 0.02594988671874998 0.02913671388888888
person 0.201623765625 0.4089545833333333 0.012292050781250018 0.06555760694444446
person 0.13196880703125 0.40652652222222224 0.010926267187500005 0.07526984444444448
person 0.23167100078125 0.41623875972222224 0.009560484374999989 0.02913671388888888
traffic sign 0.45019635703125005 0.43080711805555555 0.0054631335937499696 0.019424476388888855
traffic sign 0.97738877734375 0.25668057638888886 0.020486752343750147 0.03399283194444445
drivable area 0 0 0 0
drivable area 0 0 0 0
drivable area 0 0 0 0
lane 0 0 0 0
lane 0 0 0 0
lane 0 0 0 0
lane 0 0 0 0
lane 0 0 0 0
lane 0 0 0 0
lane 0 0 0 0
lane 0 0 0 0
lane 0 0 0 0
lane 0 0 0 0
lane 0 0 0 0
lane 0 0 0 0
lane 0 0 0 0