1 0.45332989765625 0.44036546944444444 0.006694743750000054 0.028904297222222257
1 0.45428628984374997 0.4369649638888889 0.023909804687500015 0.0680101138888889
1 0.47437052578124994 0.4335644583333333 0.047273097656250054 0.09084207500000001
1 0.32976402578125 0.43186420555555555 0.036342901562499995 0.07311086944444448
1 0.29533390703125 0.43866521666666664 0.04399404062499999 0.06630985833333337
1 0.3635605328125 0.3927583916666667 0.08990086562500003 0.14792199305555553
3 0.19933945625 0.37478428888888893 0.03251733437500002 0.14112098055555553
3 0.2347259671875 0.396887575 0.02582259062500003 0.10711592222222224
2 0.04412554140625 0.3383503027777778 0.11476706328125 0.3723553597222222
2 0.00300067734375 0.4879725472222222 0.21805741953125 0.23463488472222213
0 0.5190477046875001 0.23026280277777778 0.017215059374999963 0.03740556111111112
0 0.516178528125 0.2676683638888889 0.020084234374999975 0.04760708055555555
0 0.5171349203125 0.31527544166666666 0.018171451562499996 0.04590682500000002
0 0.3315948359375 0.29657266111111114 0.021040628125000006 0.0748111222222222
0 0.09891827656249999 0.27786988055555556 0.037299295312500015 0.039105813888888875
0 0.12378447343750001 0.31867594722222226 0.022953410937499984 0.017002527777777762
