car 0.48807881640625006 0.3984258930555556 0.028691764062500003 0.030604550000000015
car 0.5253781117187499 0.40862740833333333 0.019127842187500032 0.027204044444444502
car 0.53494203359375 0.4052269041666667 0.05547074765624993 0.07141061527777776
car 0.6133661921875 0.4154284208333333 0.06120910078124995 0.07311086944444448
car 0.45364869765625004 0.3984258930555556 0.03729929531249994 0.05100758333333333
traffic sign 0.6648664656250001 0.3278831222222222 0.02964815859374994 0.027204043055555537
traffic sign 0.6639100734375 0.3550871680555555 0.031560942968750005 0.02550379305555555
traffic sign 0.6619972890625 0.38059095694444445 0.03443011796875002 0.034005055555555525
traffic sign 0.6591281125 0.40439449583333337 0.03634290390624999 0.028904297222222177
drivable area 0 0 0 0
drivable area 0 0 0 0
drivable area 0 0 0 0
lane 0 0 0 0
lane 0 0 0 0
lane 0 0 0 0
lane 0 0 0 0
lane 0 0 0 0
lane 0 0 0 0
lane 0 0 0 0