car 0.3825052265625 0.3754684833333333 0.01582030234374998 0.021093736111111067
car 0.36141148984375 0.3707809888888889 0.014501942968750025 0.023437483333333377
car 0.34954626484375 0.3707809888888889 0.015820301562499983 0.021093736111111146
car 0.33504432109375004 0.36843724027777774 0.01977537734374999 0.02578123194444449
car 0.05950740078125 0.34734350416666665 0.055371056249999995 0.03515622777777779
car 0.27176311484375 0.3590622458333333 0.03295896250000001 0.03515622638888895
traffic sign 0.42864777265625 0.3637497430555555 0.01186522656250002 0.018749988888888916
drivable area 0 0 0 0
drivable area 0 0 0 0
lane 0 0 0 0
lane 0 0 0 0
lane 0 0 0 0
lane 0 0 0 0
lane 0 0 0 0
lane 0 0 0 0
lane 0 0 0 0
lane 0 0 0 0