0 0.47935092734375007 0.34946095694444446 0.01872112187499999 0.02080124722222227
0 0.43956854140625 0.38482307777777774 0.009360560937499951 0.014560872222222245
0 0.3834051734375 0.3161789611111111 0.011700701562500004 0.02080124722222223
0 0.34596292812499996 0.3349000833333333 0.012870772656250029 0.022881373611111085
0 0.37638475234375 0.3869032013888889 0.009360560937499995 0.0166409986111111
0 0.3447928578125 0.3681820791666667 0.011700701562500004 0.01872112222222226
0 0.32022138437500003 0.36402182916666664 0.011700701562500004 0.020801248611111114
0 0.17162247343749998 0.35154108055555555 0.015210910937499999 0.0228813722222222
0 0.41108465234375 0.30716509722222224 0.011700703125 0.01872112361111111
1 0.36155168125000003 0.401464075 0.015210912499999996 0.01872112222222226
0 0.30033019140625 0.3092452055555555 0.012870772656250029 0.03744224583333337
0 0.45945973437500004 0.3827429527777778 0.011700701562500004 0.020801248611111114
