car 0.47421936875000004 0.3929413263888889 0.024169010156249993 0.045739205555555565
car 0.499168025 0.40402961805555554 0.010135391406249994 0.016632437500000048
car 0.4508300046875 0.40402961805555554 0.011694681250000016 0.023562620833333388
car 0.43211851250000005 0.40402961805555554 0.023389365624999936 0.03742298472222221
car 0.40093269296875 0.40125754583333334 0.038202628906249994 0.05544145694444443
car 0.458626459375 0.40125754583333334 0.03898227343749996 0.049897311111111106
car 0.31205310703125 0.37769492638888885 0.09745568828124998 0.12474327777777784
car 0.24812217734375 0.4206620555555556 0.11148930468750003 0.13305949722222216
car 0.02750022890625 0.42893495972222223 0.26663875546875004 0.2647329597222222
car 0.03217810234375 0.4386372152777778 0.029626528125000003 0.03742298472222221
car 0.043872784375 0.4358651416666667 0.06782915625000001 0.04296712916666665
car 0.61145470078125 0.39012594027777775 0.06081234609374997 0.07345992916666673
bus 0.57559100859375 0.3291403375 0.04210085625 0.11365498888888889
bus 0.5038636234375 0.3235961916666667 0.07640525859375007 0.1261293152777778
traffic sign 0.57148014375 0.2971662222222222 0.010135391406249994 0.01940450972222223
traffic sign 0.5034988109375 0.32984415694444447 0.015072665624999981 0.01658790694444442
traffic sign 0.5099585249999999 0.32218819861111114 0.010048443750000047 0.008931950000000003
traffic sign 0.4615106703125 0.3789698819444445 0.017225903906250027 0.010207943055555547
drivable area 0 0 0 0
drivable area 0 0 0 0
drivable area 0 0 0 0
lane 0 0 0 0
lane 0 0 0 0
lane 0 0 0 0
lane 0 0 0 0
lane 0 0 0 0
lane 0 0 0 0
lane 0 0 0 0
lane 0 0 0 0
lane 0 0 0 0