traffic light 0.30867715234375004 0.5278121305555555 0.009228508593749973 0.035156224999999985
traffic light 0.28758341640624996 0.5207808847222223 0.01186522656250002 0.02812497916666664
traffic light 0.24275922890624999 0.5278121305555555 0.01054686718750002 0.023437483333333297
traffic light 0.383823584375 0.5207808847222223 0.010546867968749974 0.023437484722222183
traffic light 0.35613805703125 0.5207808847222223 0.009228509374999971 0.02812497916666664
traffic light 0.43919464062499997 0.5512496138888889 0.011865225781250021 0.021093737500000032
traffic sign 0.6936378249999999 0.5395308722222222 0.04218747187499998 0.07734369722222227
traffic sign 0.4998391296875 0.534843375 0.014501943750000024 0.023437486111111145
traffic sign 0.49852077109375 0.5606246069444445 0.015820301562500028 0.021093736111111067
traffic sign 0.7002296171875 0.5184371361111111 0.032958961718750054 0.04687496666666667
car 0.7516455976562499 0.6051558263888889 0.19775377031250008 0.17578112916666658
drivable area 0 0 0 0
drivable area 0 0 0 0
drivable area 0 0 0 0
drivable area 0 0 0 0
drivable area 0 0 0 0
lane 0 0 0 0
lane 0 0 0 0
lane 0 0 0 0
lane 0 0 0 0
lane 0 0 0 0
lane 0 0 0 0
lane 0 0 0 0
lane 0 0 0 0
lane 0 0 0 0