car 0.5253681703125 0.5903700555555556 0.008029644531249946 0.01835347083333332
car 0.5150443421875 0.5924093291666667 0.010323827343750036 0.020392748611111088
car 0.4978379609375 0.5903700555555556 0.016059289062500072 0.02854984444444442
car 0.48521994765625004 0.5944486041666667 0.011470921093749985 0.036706948611111144
car 0.53798618359375 0.5903700555555556 0.013765104687500074 0.02651057222222219
car 0.54372164375 0.5862915055555555 0.05850169609374998 0.07749244166666666
car 0.45138073203125 0.5832325930555555 0.04129531484375004 0.06729606805555556
car 0.70374098828125 0.5811933180555555 0.04129531484375004 0.0713746138888889
car 0.64179801640625 0.5852718680555555 0.06882552421875002 0.07953171666666674
car 0.8528629585937499 0.5750754944444444 0.1273272203125 0.11827793333333338
car 0.5980173296875 0.5852718680555555 0.01147091953124999 0.022432022222222278
drivable area 0 0 0 0
drivable area 0 0 0 0
drivable area 0 0 0 0
lane 0 0 0 0
lane 0 0 0 0
lane 0 0 0 0
lane 0 0 0 0
lane 0 0 0 0
lane 0 0 0 0
lane 0 0 0 0
lane 0 0 0 0
lane 0 0 0 0
lane 0 0 0 0
lane 0 0 0 0
lane 0 0 0 0