traffic light 0.053614431250000004 0.11957642916666666 0.010722885937499992 0.07278565277777778
traffic light 0.06921135703125 0.1230424125 0.017546540625000006 0.0675866777777778
traffic light 0.0428915453125 0.12650839583333334 0.009748075781249999 0.06238770555555555
traffic light 0.18716310625000002 0.2616817486111111 0.010722886718749991 0.045057788888888894
traffic light 0.8042164734374999 0.37432621250000003 0.007798461718750005 0.031193852777777743
traffic light 0.8055812273437499 0.4159180152777777 0.011697695312500044 0.01906290833333336
traffic sign 0.24857600156249998 0.3569962958333333 0.014622117968750015 0.02079590000000001
traffic sign 0.24857600156249998 0.33273441111111113 0.010722885937500015 0.020795904166666664
traffic sign 0.8627049437500001 0.4488448569444444 0.0068236554687500115 0.024261883333333303
car 0.69503799453125 0.46097579722222226 0.015596922656250012 0.020795902777777778
car 0.60535567265625 0.46028259722222226 0.007798461718750005 0.022528891666666655
car 0.59463278671875 0.46028259722222226 0.013647308593750029 0.029460861111111094
car 0.58390990078125 0.46028259722222226 0.014622117187500016 0.0329268430555555
car 0.56831297421875 0.4568166166666667 0.017546540624999985 0.03639282638888888
car 0.54491758671875 0.455083625 0.026319809374999982 0.041591802777777784
car 0.53127027734375 0.4568166166666667 0.016571733593749992 0.03985880833333337
car 0.38212467656250004 0.4065598694444444 0.16669213984375003 0.16290122361111112
car 0.60894011796875 0.4297819486111111 0.06628693281249998 0.10397950694444447
bus 0.6635293578125 0.4315149402777778 0.029244235156249944 0.05718872361111112
drivable area 0 0 0 0
lane 0 0 0 0
lane 0 0 0 0
lane 0 0 0 0
lane 0 0 0 0
lane 0 0 0 0
lane 0 0 0 0
lane 0 0 0 0
lane 0 0 0 0
lane 0 0 0 0
lane 0 0 0 0