truck 0.8069705734375001 0.14976898194444446 0.1918915070312499 0.208012475
car 0.6092287148437501 0.2766565902777778 0.033932035156249984 0.060323616666666684
car 0.5893375226562501 0.27873671527777777 0.01638098359375002 0.04784286944444444
car 0.3623439109375 0.2974578375 0.023401403906250007 0.027041622222222214
car 0.3880854546875 0.29953796250000003 0.015210911718749952 0.020801248611111076
traffic sign 0.4507695328125 0.24025440694444444 0.023401403125000008 0.04160249583333334
traffic sign 0.39577623359374997 0.24233453194444443 0.02574154375000006 0.03120187222222223
traffic sign 0.42385791796875 0.24441465694444445 0.026911613281250003 0.029121747222222223
traffic light 0.37237483046875003 0.2236134097222222 0.008190491406249967 0.03120187222222223
traffic light 0.400456515625 0.22569353472222223 0.007020420312499986 0.020801248611111114
traffic light 0.4308783390625 0.22777365972222224 0.004680279687500022 0.022881370833333314
traffic light 0.4519396015625 0.22777365972222224 0.008190490624999925 0.02496149305555555
bus 0.1725053125 0.29760738333333336 0.03956990703124998 0.03593749722222219
car 0.43793496640624996 0.28979488611111115 0.014062498437500005 0.01718749722222223
car 0.46342324453124994 0.29760738333333336 0.009667967968750002 0.010937498611111075
drivable area 0 0 0 0
drivable area 0 0 0 0
lane 0 0 0 0
lane 0 0 0 0