0 0.42883545703125003 0.16830242222222222 0.011078416406249935 0.051923087499999986
0 0.63731113046875 0.22738731666666664 0.009064158593750005 0.04297083055555559
0 0.22640255546875002 0.3204907847222222 0.02014257656249998 0.02864722222222223
0 0.59601884765625 0.3545093597222222 0.00906416015625 0.030437672222222212
0 0.63831825859375 0.36346161388888887 0.00906416015625 0.019694965277777737
0 0.4497415078125 0.3724138722222222 0.026429006249999977 0.027429605555555507
0 0.42984258671875003 0.36883296944444444 0.011078416406249935 0.02864722222222227
0 0.7944232328124999 0.26856769444444445 0.03726376640625011 0.021485418055555566
0 0.71183866640625 0.32586213888888893 0.025178221093749988 0.0161140625
0 0.7209028265625 0.3097480763888889 0.02215683359374996 0.019694962500000003
0 0.24553800390624997 0.27572950138888885 0.03021386796875003 0.02506631805555557
0 0.22237403984375 0.24708228194444445 0.036256639062499964 0.019694962499999965
0 0.24150948906249997 0.20769235138888886 0.015106932812500019 0.028647220833333344
0 0.44192813124999997 0.1736737763888889 0.011078417187500023 0.044761283333333346
0 0.6493966773437501 0.22917776944444443 0.012085546093749944 0.037599474999999986
1 0.641339646875 0.41896560555555556 0.010071288281250012 0.021485418055555528
1 0.61314003828125 0.4118038013888889 0.027192479687500003 0.035809022222222195
1 0.53559111484375 0.42075605694444446 0.017121189062499997 0.032228125
1 0.48019902812500004 0.4118038013888889 0.059420602343749976 0.06445624722222223
1 0.1569106640625 0.4046419958333333 0.16617626171875 0.15576926249999998
1 0.00785559296875 0.3849470319444444 0.1601334890625 0.1879973861111111
1 0.00080569140625 0.3974801888888889 0.16214774609375 0.4511937305555555
1 0.65141093515625 0.3974801888888889 0.017121190624999994 0.0429708319444444
1 0.65141093515625 0.4118038013888889 0.015106932031249975 0.04834218472222223
1 0.6614822234375 0.4046419958333333 0.036256639062500005 0.06624669861111106
1 0.67759628515625 0.29542446666666666 0.32190070468749993 0.3777852263888889
1 0.867943640625 0.4690982416666667 0.13155334921875 0.38673748333333335
0 0.565757053125 0.3717184972222222 0.021093735937499948 0.014062490277777803
0 0.647495278125 0.36937474583333335 0.018457018750000033 0.016406238888888917
