traffic sign 0.39807227265625 0.30919359027777776 0.012247985156249985 0.026129034722222222
car 0.388273884375 0.3353226222222222 0.019596777343749983 0.021774198611111118
car 0.36622751249999996 0.3396774611111111 0.030619962500000007 0.034838716666666714
car 0.40787066171874997 0.32008068472222223 0.04654234531250001 0.06314516944444447
car 0.44951381015624997 0.32225810555555556 0.039193554687500055 0.0653225916666667
car 0.47400978203125 0.3113710097222222 0.056340733593749984 0.08491936388888889
car 0.51687773359375 0.27870971250000004 0.09920868124999993 0.13500001805555556
car 0.5695440695312499 0.27870971250000004 0.12125505546875007 0.1611290527777778
car 0.65772956484375 0.20032260694444445 0.3013004421875 0.2852419722222222
car 0.9309423492187501 0.18290325138888888 0.06855464062499994 0.15895163194444445
car 0.1286165921875 0.29177423055555557 0.29027725546875 0.4245968291666666
drivable area 0 0 0 0