car 0.45193330703125 0.5634371347222222 0.015820301562499937 0.02343748472222226
car 0.4245114265625 0.5442183708333334 0.019775377343749945 0.042187472222222216
car 0.41791963359375 0.5535933638888889 0.015820301562499937 0.0374999736111111
car 0.40341769140625 0.5582808597222222 0.01713866015625003 0.03749997222222221
car 0.38232395625 0.5465621166666667 0.022412093749999994 0.05859371111111113
car 0.3638669375 0.5535933638888889 0.029003886718750004 0.0515624638888889
car 0.478564125 0.5512496152777777 0.04482418749999999 0.06562495416666671
car 0.3071775234375 0.5503121305555556 0.06539057656249998 0.06562495416666662
car 0.6217378609375 0.554999625 0.18219715625 0.18421864166666668
car 0.7722944148437499 0.5714058638888889 0.025048812500000038 0.025781230555555604
car 0.7604291875 0.46432220277777775 0.238296684375 0.4629361666666667
car 0.0001812703125 0.5132808972222223 0.10283196015625 0.24140608333333335
traffic light 0.799106503125 0.5109371486111112 0.009228509375000105 0.0609374569444444
traffic sign 0.43453096015625 0.522187148611111 0.014501942968750025 0.009374991666666688
traffic sign 0.42002901640625 0.5306246569444445 0.01054686718749993 0.0070312444444444585
car 0.4727633546875 0.5329684027777778 0.009228510156249925 0.023437484722222183
traffic sign 0.55423791171875 0.5142184194444445 0.01054686718750002 0.016406238888888917
traffic sign 0.5326168210937501 0.5414058763888889 0.005273434374999919 0.021093737500000032
car 0.8630675570312499 0.26057484861111113 0.007016809375000044 0.009702254166666672
drivable area 0 0 0 0
lane 0 0 0 0