car 0.317362140625 0.3749546625 0.011470921874999984 0.017673715277777783
car 0.3074206765625 0.38039273055555556 0.008412008593749975 0.014954683333333366
car 0.29518502578125 0.3790332138888889 0.014529833593749996 0.02039275000000005
car 0.2653606328125 0.38719031249999997 0.017588746093750007 0.03398791388888896
car 0.223300590625 0.38719031249999997 0.016059289062500027 0.02583081805555562
car 0.20035874921875002 0.39262837916666665 0.022941841406249976 0.02447129861111108
car 0.17129908359374998 0.3939878958333333 0.028294937500000006 0.02854984722222219
truck 0.2415150296875 0.3757402430555556 0.025236025781250015 0.03398791527777776
car 0.57140480703125 0.37033231805555555 0.022177114062500003 0.03398790833333333
car 0.60122920234375 0.3812084486111111 0.01300037890624992 0.01359516527777779
car 0.6096412109375 0.3839274805555556 0.023706569531250034 0.01631419861111109
car 0.6310535984375 0.38664651527777777 0.01682401640625004 0.025830819444444427
car 0.6432892460937499 0.3825679652777778 0.018353473437500066 0.028549845833333306
car 0.4842258109375 0.37033231805555555 0.006117824218750023 0.009516613888888909
car 0.48804945 0.37169183472222217 0.00917673671874999 0.014954679166666708
car 0.49187309140625 0.37413894444444445 0.013000375781249929 0.023111787500000012
car 0.435283215625 0.35782474722222224 0.048942595312500004 0.032628395833333296
car 0.40469409375 0.38501507777777777 0.09329682187500002 0.13323262222222226
car 0.6463481578125 0.3890936291666666 0.03135385078124999 0.03262839583333338
car 0.5790520906250001 0.3904531458333333 0.059648785937499935 0.07069485972222225
car 0.6806079656249999 0.244712975 0.31812686875 0.46223561805555563
drivable area 0 0 0 0
drivable area 0 0 0 0
lane 0 0 0 0
lane 0 0 0 0
lane 0 0 0 0
lane 0 0 0 0
lane 0 0 0 0
lane 0 0 0 0
lane 0 0 0 0
lane 0 0 0 0
lane 0 0 0 0