traffic light 0.42408924218750005 0.40649169444444444 0.006992403124999935 0.019889502777777797
traffic light 0.36395457734375 0.4089778805555555 0.008390882812500023 0.019889504166666683
traffic light 0.3919241875 0.42140881944444447 0.008390883593749976 0.022375693055555562
traffic light 0.5513509773437499 0.3617403166666667 0.01118784375000006 0.022375691666666676
car 0.4422694890625 0.4288673847222222 0.027969612500000008 0.03480662777777776
car 0.36395457734375 0.4388121361111111 0.02517265000000002 0.03232044166666673
car 0.33878192578125 0.4462707 0.013984806250000004 0.024861877777777784
car 0.31081231328125003 0.44502760416666665 0.03216505468749999 0.03729281527777783
car 0.38772874687500003 0.4350828527777778 0.054540742187500026 0.06712706805555552
car 0.24228676484374997 0.4599447291666667 0.040555938281250016 0.044751380555555505
car 0.1877460203125 0.4599447291666667 0.0475483390625 0.04972375555555557
car 0.022725309375 0.4922651708333333 0.06572858828125 0.04972375555555557
car 0 0.4848066097222222 0.028169263281250002 0.05942558472222217
drivable area 0 0 0 0
drivable area 0 0 0 0
drivable area 0 0 0 0
drivable area 0 0 0 0
drivable area 0 0 0 0
lane 0 0 0 0
lane 0 0 0 0
lane 0 0 0 0
lane 0 0 0 0
lane 0 0 0 0
lane 0 0 0 0
lane 0 0 0 0
lane 0 0 0 0
lane 0 0 0 0
lane 0 0 0 0
lane 0 0 0 0
lane 0 0 0 0