traffic sign 0.24257795859375003 0.43359345138888883 0.022412093749999994 0.028124980555555606
traffic sign 0.23994124140625 0.46171843194444445 0.0250488109375 0.03046872916666664
traffic sign 0.51837854609375 0.4640621805555556 0.015820301562500028 0.028124980555555526
traffic sign 0.51837854609375 0.4945309097222222 0.018457017968750034 0.02578123194444449
traffic light 0.3156150296875 0.4593746847222222 0.009228509375000016 0.023437483333333297
traffic light 0.33011697265625 0.4640621805555556 0.010546867968749974 0.018749987499999954
car 0.2908298859375 0.48421841388888887 0.02109373593749999 0.018749986111111148
car 0.42925752578125 0.47015592361111114 0.013183584375000024 0.014062490277777723
drivable area 0 0 0 0
drivable area 0 0 0 0
lane 0 0 0 0
lane 0 0 0 0
lane 0 0 0 0
lane 0 0 0 0
lane 0 0 0 0