car 0.49493968125 0.28012346111111114 0.010530632031249976 0.020801245833333305
car 0.48323897968749996 0.28359033055555555 0.016380981250000027 0.02981512500000001
car 0.498449890625 0.2946843347222222 0.01755105312500005 0.027041619444444442
car 0.5230213648437501 0.2870572152777778 0.03159189531250002 0.05408324444444443
car 0.09331309531250001 0.2943376513888889 0.046802806249999995 0.039522370833333334
car 0.1237349203125 0.25689540694444446 0.05499329765625001 0.12688760972222224
car 0.012578254687500002 0.31929914583333335 0.10530631640624999 0.06864411805555552
truck 0.16527241015625 0.21321278472222222 0.11934715781249998 0.17265035416666666
car 0.53501458515625 0.2880972763888889 0.05031301718750001 0.0686441180555556
car 0.6110691453125 0.3172190236111111 0.01287077187500003 0.03328199722222224
truck 0.6215997765625 0.17577054027777778 0.13455806953125 0.20801247638888892
truck 0.746797284375 0.09672579861111111 0.20710241953124991 0.30161808888888886
traffic sign 0.38893132265624997 0.1996919736111111 0.030421824999999993 0.022881370833333314
traffic sign 0.237992271875 0.12896773194444444 0.028081683593749983 0.02080125
traffic sign 0.24384262343750002 0.14976898194444446 0.02925175468750001 0.01872112361111111
traffic light 0.3982918859375 0.08112486666666666 0.011700701562500049 0.05200311666666667
traffic light 0.5464227687500001 0.22950709583333334 0.00819049140625001 0.022881369444444428
person 0.9601888125 0.31736759722222224 0.024571473437499946 0.06864411805555552
person 0.98359021640625 0.2799253513888889 0.015210912500000085 0.11024661388888887
drivable area 0 0 0 0
lane 0 0 0 0
lane 0 0 0 0
lane 0 0 0 0
lane 0 0 0 0
lane 0 0 0 0
lane 0 0 0 0
lane 0 0 0 0
lane 0 0 0 0
lane 0 0 0 0