1 0.12676715703125002 0.41120269444444446 0.01965110312499998 0.04990756805555555
1 0.3151570890625 0.38749659999999997 0.08562266718750004 0.054898323611111105
1 0.41571860859375 0.3825058444444444 0.02596752968749998 0.06487983611111112
1 0.44449343984375 0.39373504583333335 0.03438943203124998 0.046164497222222184
1 0.51066553515625 0.39373504583333335 0.04120715703125004 0.03992605138888889
1 0.56961884765625 0.3974781138888889 0.013334678125000022 0.021210715277777816
1 0.58295352578125 0.39498273611111107 0.013334676562500026 0.022458404166666668
1 0.5955863781249999 0.396230425 0.012632853125000043 0.01497226805555556
1 0.60962288125 0.39498273611111107 0.011931028906250063 0.01621995694444449
1 0.6833145218750001 0.40122118055555556 0.013334678124999933 0.0137245819444444
1 0.6461177890625 0.3987258027777778 0.009123727343750065 0.013724580555555517
1 0.147420878125 0.3987258027777778 0.055444186718749996 0.06612752499999996
1 0.1972504640625 0.3850012222222222 0.10878289843750003 0.09161603472222224
1 0.0004386296875 0.40995500555555553 0.030178482031250002 0.027449162499999995
1 0.7894906453125 0.38500123194444447 0.03579308203124994 0.048659874999999964
1 0.8129516484374999 0.3641469972222222 0.18598366484375006 0.28696850555555553
1 0.96735318125 0.522781775 0.031582132031249974 0.24329938472222226
1 0.6936413734375 0.39516097916666665 0.02175657968750002 0.028696851388888927
1 0.6550409898437499 0.3964086694444445 0.023160229687500068 0.01871533472222219
