0 0.4091770484375 0.6554146430555556 0.006645568750000041 0.027004211111111055
0 0.5202529539062499 0.6385370125 0.005696199218750042 0.02194091944444444
0 0.5137379234375 0.6383119708333334 0.005696198437499955 0.023628684722222223
0 0.59063662421875 0.6163710527777777 0.007594932812500055 0.027004208333333363
0 0.6010796578125001 0.6855693374999999 0.015189867968749927 0.018565393055555605
0 0.30962408125 0.6990714416666667 0.011392400781249989 0.013502102777777795
0 0.027531634375000003 0.5873415333333333 0.0427215015625 0.09113920277777778
0 0.83069586640625 0.5198310111111111 0.0370253 0.0810126263888889
0 0.71595302890625 0.5319829069444444 0.014240500781250009 0.025316441666666693
0 0.72734543046875 0.5589871152777778 0.011392399999999992 0.021940918055555553
0 0.714054296875 0.5623626416666666 0.010443034374999983 0.021940918055555553
0 0.61721889296875 0.6264976347222222 0.00854430000000006 0.01856539305555553
0 0.6248138265625001 0.6450630305555556 0.007594932031249968 0.02025315555555554
0 0.6162695257812499 0.6501263180555555 0.0066455679687500435 0.01687762916666663
0 0.327426025 0.6552915722222222 0.01613923359374998 0.02025315555555554
0 0.346413359375 0.7109877527777778 0.00949366640624998 0.02025315555555562
0 0.5410335328125 0.6907345958333333 0.011392399999999992 0.02194091944444436
0 0.58683915859375 0.5978056652777778 0.018987334374999953 0.015189866666666694
0 0.5982315578125 0.6416875041666666 0.014240501562500008 0.011814341666666669
0 0.59253535859375 0.6653161861111111 0.014240500781250009 0.013502102777777795
1 0.4727846171875 0.7428568458333333 0.010443033593749984 0.028691972222222105
1 0.45759475 0.7428568458333333 0.018037968750000032 0.062447231944444404
1 0.47848081875000004 0.7411690847222222 0.015189867187499928 0.04388183888888888
1 0.48417701874999997 0.7209159277777778 0.028481000781250022 0.07426157222222211
1 0.33607581328124997 0.7276669791666666 0.021835435937500015 0.02194091944444444
1 0.3284808796875 0.7344180319444444 0.025632899218750005 0.08270038888888884
1 0.45867465234375004 0.7227001291666667 0.023734167187499988 0.023628681944444452
1 0.26772141015625 0.7122359972222223 0.07215186953125001 0.1282699916666666
1 0.50506308671875 0.7358646819444445 0.06265820234375 0.07426157222222211
1 0.34841758046875004 0.7004216583333333 0.12531640546874998 0.21097037777777783
1 0.12531640546875 0.7426157333333333 0.143354371875 0.16202524861111114
1 0.65590690390625 0.5962198680555555 0.34272138046875006 0.4016876013888889
1 0 0.7920003791666667 0.04641348125 0.2059070888888889
