0 0.490626625 0.11371348611111111 0.008046357812500026 0.03744224583333333
0 0.28242712890625 0.1931125763888889 0.012069535937499997 0.021456952777777774
0 0.1577085921875 0.1680794638888889 0.0070405625000000025 0.025033112500000006
0 0.57310178671875 0.08940397083333333 0.009052152343750031 0.04291390555555557
0 0.583159734375 0.09476820694444445 0.008046357812499938 0.03754966805555557
0 0.67770443203125 0.21099336944444444 0.015086920312499964 0.021456952777777774
0 0.528846821875 0.19490065555555555 0.008046357812499938 0.016092713888888867
0 0.6153451624999999 0.21099336944444444 0.012069535937500042 0.021456952777777774
0 0.6676464867187499 0.18953641666666665 0.017098507812500063 0.01430463611111112
0 0.6817276125 0.17523178194444444 0.012069535156249955 0.010728476388888906
0 0.672675459375 0.1680794638888889 0.010057946093750037 0.012516556944444446
0 0.27136338828125 0.048278143055555556 0.023133276562499992 0.02682119166666666
0 0.1617317703125 0.14483443194444443 0.027156456250000006 0.01430463611111112
0 0.15569700234375 0.08761589027777777 0.014081125781250004 0.014304634722222225
0 0.33070527421875 0.048278143055555556 0.008046357031249984 0.037549668055555555
0 0.34176901484375 0.05543046111111111 0.009052152343749986 0.04112582638888889
1 0.466487553125 0.24139071944444446 0.013075332031250043 0.03397350833333333
1 0.42726155937500004 0.24496687777777776 0.036208610156249946 0.05006622361111113
1 0.34478639765625 0.2288741638888889 0.04727234921874999 0.06258277777777776
1 0.0722160453125 0.2199337666666667 0.12069535937500002 0.13231787638888887
1 0.0008046234375 0.24139071944444446 0.056324501562500004 0.13768211527777774
1 0.54192215234375 0.24139071944444446 0.016092714843750057 0.025033111111111082
1 0.57209599375 0.24496687777777776 0.012069535937500042 0.01430463611111112
1 0.5861771171875 0.24675495694444444 0.01709850937500006 0.028609268055555543
1 0.6022698328125 0.2503311166666667 0.035202813281249946 0.04649006388888889
1 0.65155377265625 0.25211919583333336 0.057330293750000025 0.11980132083333335
1 0.68072181484375 0.24139071944444446 0.13276489609374992 0.1412582736111111
1 0.823544659375 0.3003973416666667 0.17500827031250007 0.3683443555555555
3 0.51796324296875 0.22812034722222221 0.019891192968750016 0.08528511388888889
