3 0.9416643796875 0.41245203055555557 0.056538855468749996 0.2720797013888889
0 0.746702809375 0.32060346944444446 0.023395389062500004 0.020795897222222238
0 0.5712373976562499 0.4384469069444445 0.006823657031250008 0.01906290833333328
0 0.56733816484375 0.4211169888888889 0.009748078124999981 0.012130944444444462
1 0.07408539609375 0.4453788722222223 0.17449060546875 0.16116823194444438
1 0.2680721578125 0.4557768236111111 0.08870751484374999 0.0953145458333333
1 0.34898120781249997 0.45924280694444447 0.035093085937500004 0.07625163611111105
1 0.38699871484375004 0.4661747736111111 0.04581596796874998 0.05025676111111118
1 0.43183987578125 0.46790776666666667 0.017546540624999985 0.0415918013888889
1 0.44061314609375 0.4627087902777778 0.015596924218750008 0.039858809722222256
1 0.45426045625 0.4644417805555555 0.016571733593749992 0.031193851388888937
1 0.4630337265625 0.4627087902777778 0.015596924218750008 0.032926843055555585
1 0.47960546015625 0.46964075833333335 0.009748077343749984 0.022528891666666655
1 0.531270275 0.4661747736111111 0.009748078906250068 0.02252889861111116
1 0.5390687398437499 0.46790776666666667 0.015596924218750008 0.024261881944444418
1 0.54881681796875 0.4661747736111111 0.014622117968749926 0.031193852777777822
1 0.5575900875 0.4505778486111111 0.030219041406249935 0.0589217194444445
1 0.581960284375 0.4453788722222223 0.06336250703125001 0.09184856111111105
1 0.60243124921875 0.47137375 0.04386635312500005 0.07278565138888887
1 0.62485182890625 0.4661747736111111 0.09163193828125005 0.10224651250000005
0 0.9338659171874999 0.33966637777777775 0.023395388281250006 0.03639282638888892
1 0.48681903828125 0.45924280694444447 0.014622117968750015 0.02426188472222219
1 0.49949154062499995 0.45924280694444447 0.008773270312499993 0.025994881944444378
0 0.98402309296875 0.3131248902777778 0.013710932812499976 0.06374997777777776
