traffic light 0.24044267578124998 0.3936343430555555 0.0077964554687500074 0.0180184736111111
traffic light 0.30047537890625 0.37007172638888886 0.006237163281250036 0.011088291666666647
traffic light 0.31061077109375 0.4116528180555556 0.005457517968749981 0.011088291666666647
traffic light 0.41929335859375005 0.39502038194444444 0.005457518749999934 0.020790545833333358
traffic light 0.44346236796875005 0.3520532513888889 0.0062371640624999895 0.024948655555555553
traffic light 0.49024109843749997 0.39224830833333335 0.007016809375000044 0.012474329166666662
traffic light 0.82283786875 0.3679926708333333 0.00651002109375014 0.01871149027777774
traffic light 0.92368499375 0.3444300513888889 0.005457518749999934 0.01940450972222227
traffic light 0.6954437765625 0.42274110972222223 0.008576100781249974 0.016632437499999972
traffic light 0.91795461953125 0.3465091069444445 0.006237163281249991 0.029106763888888863
traffic light 0.8306343234375 0.36868568888888886 0.006237163281249991 0.02217658472222226
traffic sign 0.44845209609375003 0.4061086722222222 0.01247432734374998 0.030492801388888956
traffic sign 0.77418797109375 0.3506672152777778 0.017152200781250036 0.03742298472222221
traffic sign 0.78042513515625 0.3894762361111111 0.024948656250000045 0.0540554208333333
car 0.06159199375 0.4490758013888889 0.02572830078125 0.027720729166666618
car 0.08186277656249999 0.4532339111111111 0.03664333828125001 0.04019505555555559
car 0.1153875328125 0.45461994861111116 0.023389364843750003 0.026334694444444452
car 0.1861793453125 0.4490758013888889 0.016372555468750005 0.024948654166666667
car 0.215026228125 0.45461994861111116 0.012474328906250021 0.019404511111111116
car 0.24543240234375002 0.4490758013888889 0.01715220156249999 0.024948654166666667
car 0.26897769375 0.4490758013888889 0.012474328124999979 0.013860365277777712
car 0.30094315859375 0.4449176930555555 0.017152200781249995 0.020790545833333358
car 0.290028121875 0.4310573277777777 0.013253974218749987 0.01524640138888892
car 0.31731571484375 0.4296712916666667 0.00857610000000002 0.011088288888888877
car 0.30640067734375 0.4352154375 0.00779645468750001 0.011088290277777762
car 0.42740166718749995 0.4310573277777777 0.00779645468750001 0.013860365277777792
car 0.41180875703125003 0.451847875 0.007796454687499921 0.01940450972222223
car 0.42740166718749995 0.45877805694444446 0.012474327343750069 0.012474327777777777
car 0.7735642640625 0.45877805694444446 0.02728759218750012 0.02910676527777775
car 0.7556324179687499 0.44768976666666666 0.01325397421875003 0.016632436111111086
car 0.72600588828125 0.45877805694444446 0.032745110156249965 0.03187883750000001
car 0.8086483109374999 0.4615501305555556 0.02884688359375005 0.04019505555555551
car 0.8719555343750001 0.4657082388888889 0.011694683593749922 0.02217658472222218
car 0.9273103640624999 0.4759649 0.07172738437500001 0.0956365138888889
car 0 0.36809373333333334 0.1097740765625 0.3950203805555556
car 0.14735299765625 0.4435316569444444 0.041321210937499984 0.04851127361111117
car 0.2268768375 0.451847875 0.016372555468749984 0.020790545833333358
car 0.275994503125 0.44630372916666666 0.019491137499999978 0.029106766666666634
car 0.29314670390625 0.4490758013888889 0.013253974218749987 0.023562619444444426
car 0.379687353125 0.45877805694444446 0.03820262812499999 0.05544145694444443
drivable area 0 0 0 0
drivable area 0 0 0 0
drivable area 0 0 0 0
lane 0 0 0 0
lane 0 0 0 0
lane 0 0 0 0
lane 0 0 0 0
lane 0 0 0 0
lane 0 0 0 0
lane 0 0 0 0
lane 0 0 0 0
lane 0 0 0 0
lane 0 0 0 0
lane 0 0 0 0