0 0.21374499921874998 0.20523897083333334 0.08775526171875003 0.1248074833333333
0 0.303840403125 0.20315884166666665 0.08073484140625001 0.12480748750000004
0 0.39042559453125 0.20107871944444444 0.07956477031250002 0.12688760972222224
0 0.39109595390625 0.38794326388888883 0.02574154375000002 0.04992299444444449
0 0.427368128125 0.3837830152777778 0.028081683593750028 0.056163369444444396
0 0.45544981171875004 0.3837830152777778 0.028081684374999936 0.05200311666666661
0 0.6707427234375001 0.4087445111111111 0.021061261718749957 0.03952237222222226
0 0.65085153046875 0.41082463611111114 0.022231334374999977 0.03328199444444443
0 0.5034226890625 0.4295457569444444 0.01872112187499999 0.0332819972222222
0 0.11027911328125 0.3629817652777778 0.0421225265625 0.06656399166666663
0 0.15708191953125 0.36506189166666664 0.03978238515625001 0.06656399444444448
0 0.198034375 0.36090164305555555 0.04095245624999999 0.0686441138888889
0 0.20154458671875003 0.43162588611111113 0.028081683593749983 0.031201870833333346
1 0.1875037453125 0.46490788055555554 0.029251753125000012 0.02704162083333333
1 0.14538121796875 0.47114825555555556 0.026911614843749997 0.024961497222222247
1 0.07517700859375001 0.49402962777777776 0.024571472656249992 0.024961498611111133
1 0.0260340609375 0.48986937638888894 0.02808168359375 0.031201870833333267
1 0.30334068984375 0.45034700555555557 0.01170070156249996 0.012480748611111083
1 0.3302523046875 0.46490788055555554 0.012870771874999987 0.0166409986111111
1 0.3173815328125 0.4857091263888889 0.02457147343749999 0.014560873611111053
1 0.3583339890625 0.48362900277777776 0.017551053906250003 0.014560872222222245
1 0.4285381984375 0.4794687541666667 0.011700701562500004 0.0166409986111111
1 0.4694906546875 0.4857091263888889 0.014040841406249971 0.014560873611111053
1 0.45310967187499995 0.4815488777777778 0.015210912499999996 0.022881373611111085
