0 0.23546671562500002 0.1862069375 0.06949189140624998 0.09668437083333335
0 0.039076588281250005 0.06803715 0.03827089609374999 0.051923086111111114
0 0.0259839125 0.15218836111111111 0.030213866406249994 0.0161140625
0 0.06022629375000001 0.18083558333333333 0.0110784171875 0.02506631805555557
0 0.70378163671875 0.22380641388888886 0.010071288281250012 0.02506631805555557
0 0.67356776875 0.24708228194444445 0.005035644531249961 0.02148541388888887
0 0.8639151249999999 0.1539788125 0.015106932031249975 0.017904512500000004
0 0.8629079960937499 0.171883325 0.010071288281250012 0.03401857638888889
0 0.8699578984375 0.11279843194444444 0.016114061718750072 0.028647220833333324
0 0.8790220578125 0.2202255111111111 0.014099803906250052 0.023275866666666662
0 0.86089373828125 0.21843505972222224 0.009064158593749917 0.021485415277777756
0 0.1790674984375 0.017904513888888886 0.016114062500000005 0.07340850277777779
0 0.16496769453125 0.01969496388888889 0.013092675781249997 0.06266579583333334
0 0.19417443203125 0.025066318055555554 0.015106932812500019 0.05192309027777778
0 0.039076588281250005 0.24171092500000002 0.014099803906249996 0.01790451388888887
1 0.22841681328125 0.30258626944444444 0.07452753593750003 0.04297083194444444
1 0.22640255546875002 0.3151194305555555 0.08762021171874998 0.06624669861111114
1 0.49530596171874997 0.29542446527777777 0.029206736718750025 0.04655173472222221
1 0.5325697296875 0.3115385277777778 0.028199607812500017 0.02506631805555557
1 0.538612503125 0.30079581944444445 0.053377828125000006 0.041180380555555535
1 0.5668121109375 0.30258626944444444 0.04330654062499999 0.04655173472222225
1 0.57486914140625 0.29721491527777777 0.10172001640625003 0.05371354166666664
1 0.5537194359375001 0.30258626944444444 0.03927802421874995 0.03938993055555555
3 0.6896818328125 0.2900531125 0.010071288281250012 0.0501326361111111
3 0.68162480078125 0.2900531125 0.00805703203124999 0.04476128194444442
3 0.18712452968749999 0.3097480763888889 0.011078417968749999 0.06624669861111106
1 0.0018128203125 0.2542440861111111 0.16718339062499998 0.3151194305555555
1 0.30697286484375 0.24171092500000002 0.22257547812499995 0.3419762
1 0.7252570375 0.2668807263888889 0.2739210046874999 0.40205407916666663
