traffic light 0.46480660390625 0.4327143319444445 0.018487879687500007 0.027204044444444422
traffic light 0.5183645664062501 0.5243579722222222 0.010520313281250004 0.01870278333333333
car 0.46480660390625 0.5483315222222223 0.04686321718749999 0.04930733333333334
car 0.43679797578125 0.5372798791666666 0.02964815859375003 0.04760707916666662
car 0.55279470078125 0.5389801319444445 0.09277004218749996 0.1003149138888889
car 0.643173746875 0.5262282347222222 0.2218829867187501 0.19892957777777776
truck 0.11995890468749999 0.34830893055555556 0.32517334375 0.44910962638888885
drivable area 0 0 0 0
drivable area 0 0 0 0
lane 0 0 0 0
lane 0 0 0 0
lane 0 0 0 0
lane 0 0 0 0