person 0.6369039773437499 0.39444945 0.034394434375000046 0.1642540263888889
car 0.30820110078125 0.4360125375 0.011464810156250005 0.016785081944444454
car 0.3196659109375 0.4312167986111111 0.007418407031250007 0.015586150000000031
car 0.32640991796874996 0.4312167986111111 0.009441610156250002 0.015586150000000031
car 0.34259553359375 0.4300178666666667 0.008092809374999987 0.011989347222222255
car 0.35001394140625003 0.40364130694444444 0.052603250781249986 0.08032860833333338
car 0.28729468046875 0.4372114736111111 0.014836814062500014 0.01678508333333334
car 0.27650426953124996 0.4372114736111111 0.00876720859375002 0.0203818875
car 0.26841146171874997 0.43361466944444443 0.012813612500000016 0.02997336250000002
car 0.25829545234375 0.43481360555555554 0.014836814062500014 0.0323712305555556
car 0.17399536953125 0.4180285208333333 0.03034802890624999 0.02158082083333339
car 0.18343697890625 0.4276199986111111 0.04316164218750003 0.013188277777777794
car 0.16455376093750002 0.4372114736111111 0.020906420312499986 0.0203818875
car 0.10857850625000001 0.4276199986111111 0.06406806171874999 0.079129675
car 0.07013766953125 0.43361466944444443 0.04113844062500001 0.028774427777777747
car 0.02023201953125 0.4396093416666667 0.0492312484375 0.02637655833333328
car 0.0391152375 0.4456040125 0.076881675 0.07553287500000007
car 0.5001805015625 0.4264210625 0.03102242890625 0.037166969444444455
car 0 0.43681181527777774 0.04654066875 0.0983126277777778
car 0.32349453671875 0.41563063333333333 0.2151338109375 0.30572829999999995
car 0.14477836328125 0.4336146513888889 0.14701934218749999 0.16904976388888895
car 0.3284331203125 0.43681181527777774 0.01888321796875001 0.023978690277777777
rider 0.2960618875 0.43101695416666663 0.013488014062499998 0.041962706944444504
motor 0.29538748828125 0.4537967111111111 0.013488012500000002 0.037166969444444455
traffic light 0.36552515625000004 0.3836590402777778 0.004046403906249996 0.016785084722222225
traffic light 0.39452438437500004 0.37526649861111105 0.006069605468749994 0.0203818875
drivable area 0 0 0 0
lane 0 0 0 0
lane 0 0 0 0
lane 0 0 0 0
lane 0 0 0 0