car 0.001559290625 0.3880901986111111 0.1294211515625 0.22037979305555555
car 0.7905605265625 0.3672996527777778 0.20816534531250008 0.2439424111111111
car 0.75313754296875 0.418583 0.06393093046874991 0.13167345972222222
car 0.7094773953125 0.3936343444444444 0.08420171328124999 0.12474327777777784
car 0.6892066125 0.4199690375 0.03274511093749997 0.04712523888888893
car 0.6704951218749999 0.41303885555555553 0.029626528125000016 0.04435316527777778
car 0.66955953671875 0.4116528180555556 0.014033618749999999 0.0401950569444444
car 0.6664409546875001 0.40888074583333334 0.00935574609374994 0.03049279999999999
car 0.59861179765625 0.40056452777777773 0.021050428124999954 0.04989731249999999
car 0.6227808078125 0.42135507361111113 0.007016809374999955 0.018018474999999985
car 0.561968459375 0.3936343444444444 0.03976192031250001 0.07484596666666667
car 0.3007872203125 0.4241271444444444 0.014813264062500008 0.02217658194444449
car 0.31404119375 0.42135507361111113 0.02260971953124997 0.0360369472222222
car 0.32495623046875 0.41026678194444444 0.04755837499999997 0.05821353055555557
car 0.41539510703125 0.42274110972222223 0.023389364843750027 0.027720730555555503
car 0.14563776796875 0.4061086722222222 0.05301589296875 0.06237164027777785
car 0.10977407578125001 0.42274110972222223 0.02572830078124999 0.03880901944444446
car 0.2812960828125 0.41303885555555553 0.009355746093749983 0.02217658194444449
car 0.3693960234375 0.41026678194444444 0.0498973125 0.05821353055555557
truck 0.43722518125 0.3756158708333333 0.04989731093750001 0.09009236944444446
car 0.49413930156249997 0.3936343444444444 0.08732029609375003 0.12751535138888892
car 0.6227808078125 0.41719696388888894 0.046778729687499965 0.062371640277777765
traffic sign 0.6929489015625 0.37838794444444446 0.010135392187499991 0.008316216666666617
traffic sign 0.755320540625 0.3090861236111111 0.01559290937500002 0.009702254166666672
traffic sign 0.7490833765625 0.3215604513888889 0.014813264843749962 0.03603694583333331
traffic light 0.5830188875 0.3756158708333333 0.0038982281250000026 0.015246400000000035
traffic light 0.5791206609375 0.3770019083333333 0.004677872656249971 0.01386036250000002
traffic light 0.65318698203125 0.3714577625 0.003118580468749954 0.013860365277777792
traffic light 0.6508480453125001 0.3728437986111111 0.003898226562500007 0.013860363888888828
traffic sign 0.6773559921875 0.35482532499999997 0.006237163281249991 0.01663243750000001
traffic sign 0.20722976171875002 0.26334692083333333 0.01247432734374998 0.012474327777777777
traffic sign 0.19397578828125 0.28552350416666666 0.023389364843750003 0.011088293055555571
traffic light 0.5903388710937499 0.3737287430555556 0.005148303906250007 0.01830508055555558
traffic light 0.638389709375 0.38440670694444445 0.006006354687499993 0.012203387499999963
drivable area 0 0 0 0
drivable area 0 0 0 0
lane 0 0 0 0
lane 0 0 0 0
lane 0 0 0 0
lane 0 0 0 0
lane 0 0 0 0
lane 0 0 0 0
lane 0 0 0 0
lane 0 0 0 0
lane 0 0 0 0
lane 0 0 0 0
lane 0 0 0 0