traffic sign 0.6805428625000001 0.16847064027777778 0.02800646718749995 0.02276081249999999
traffic sign 0.6893448960937499 0.18838635 0.010402401562500075 0.04409907222222221
traffic sign 0.63653270078125 0.17700594444444445 0.019204434375000013 0.021338259722222218
traffic sign 0.6293310375 0.19834420555555557 0.024805728906250036 0.05832457916666666
traffic sign 0.6181284515625001 0.2211050152777778 0.012002771093749942 0.017070612500000002
traffic sign 0.5507271703125001 0.2226291861111111 0.010402402343749983 0.01422550833333334
traffic sign 0.52592144140625 0.24112234444444447 0.013603140624999987 0.012802955555555526
traffic sign 0.517119409375 0.25677040277777774 0.01520351093750003 0.02702846250000002
traffic sign 0.47711016953124996 0.2795312138888889 0.008802034375000023 0.017070608333333345
traffic light 0.44910370312500003 0.13300849166666667 0.008802032812499938 0.03271866527777778
traffic light 0.45797718203125 0.13290687222222222 0.007201663281249981 0.03414121666666667
traffic light 0.43957293125 0.13148432361111112 0.008001849218749957 0.03271866527777778
traffic light 0 0.0646244375 0.01970453828125 0.05832457916666666
car 0.39689164765624996 0.303951675 0.013603140624999987 0.01991570833333335
car 0.403293125 0.3025291236111111 0.03040702265624997 0.04694417361111114
car 0.32887594062500003 0.308219325 0.014403326562500008 0.01422550833333334
car 0.2808648546875 0.31390952916666665 0.020804804687499966 0.022760812500000012
car 0.264060975 0.308219325 0.023205358593749992 0.018493162500000004
car 0.24965764921875003 0.31390952916666665 0.01840424921874999 0.01564806111111111
car 0.2192506265625 0.3167546305555555 0.025605914062500013 0.01707060972222223
car 0.209648409375 0.31817718194444444 0.014403326562500008 0.015648058333333343
car 0.18724323671875 0.3167546305555555 0.024805728125000016 0.01707060972222223
car 0.16803880234375 0.31817718194444444 0.019204434375000013 0.015648058333333343
car 0.16323769296875 0.31817718194444444 0.012002771875000007 0.015648058333333343
car 0.14563362890625 0.3167546305555555 0.024805727343749993 0.01707060972222223
car 0.08962069453125 0.32244483333333335 0.030407020312500012 0.015648059722222225
car 0.45530513515625 0.28545851527777777 0.014403326562499963 0.02702846527777775
drivable area 0 0 0 0
drivable area 0 0 0 0
lane 0 0 0 0
lane 0 0 0 0
lane 0 0 0 0
lane 0 0 0 0
lane 0 0 0 0
lane 0 0 0 0
lane 0 0 0 0
lane 0 0 0 0
lane 0 0 0 0
lane 0 0 0 0
lane 0 0 0 0
lane 0 0 0 0
lane 0 0 0 0
lane 0 0 0 0
lane 0 0 0 0
lane 0 0 0 0
lane 0 0 0 0
lane 0 0 0 0
lane 0 0 0 0
lane 0 0 0 0
lane 0 0 0 0
lane 0 0 0 0