car 0.50743261015625 0.39522370138888885 0.015210914062499992 0.02080124722222223
car 0.5191333140625 0.39106345138888887 0.016380982031250026 0.03328199583333339
car 0.5331741546875 0.39106345138888887 0.01872112265625008 0.03328199583333339
car 0.542534715625 0.39106345138888887 0.030421824218749994 0.052003118055555575
car 0.5682762593749999 0.3869032013888889 0.02106126328125004 0.07696461249999997
car 0.5799769609375 0.3785827027777778 0.02106126328125004 0.10192611249999999
car 0.5928477328125 0.29953796250000003 0.11232673750000002 0.23921434861111107
car 0.6665621546875 0.23921434583333334 0.33229992734374997 0.4389063222222222
car 0.49924211953125 0.39106345138888887 0.008190490625000013 0.016640997222222294
car 0.485201278125 0.39106345138888887 0.010530631249999978 0.029121745833333375
car 0.46765022421875 0.3785827027777778 0.016380984374999928 0.045762744444444475
car 0.45009917421875 0.3993839513888889 0.021061262500000046 0.04160249166666669
car 0.43839847109374996 0.39730382361111116 0.012870772656250029 0.056163369444444396
car 0.41616713828125 0.3827429527777778 0.023401403125000008 0.08736524027777774
car 0.39042559453125 0.3889833263888889 0.037442245312500025 0.09568573888888889
car 0.3553234890625 0.3806628277777778 0.04914294765624998 0.1227273611111111
car 0.18800345546875 0.33281995833333333 0.19072143749999998 0.2371342236111111
car 0 0.36194170555555555 0.2535273859375 0.38690319861111105
traffic sign 0.05812566640625 0.049922994444444445 0.04212252578125001 0.04992299305555556
drivable area 0 0 0 0