0 0.21434884062499998 0.4137438013888889 0.008397506249999997 0.07890990000000002
0 0.207150978125 0.3482810111111111 0.026392162500000003 0.035604990277777776
0 0.210749909375 0.4819901986111111 0.017994657031250007 0.06398100138888892
0 0.14836843515625 0.5097153013888889 0.03598931171874999 0.07464449999999997
0 0.310320340625 0.5587674 0.01079679453125002 0.017061600000000017
1 0.438682221875 0.6014214013888889 0.039588244531250004 0.07251180138888884
1 0.48426868515625 0.6099522027777778 0.03718895781249998 0.05545020138888882
1 0.5130601359375 0.6056868027777778 0.055183613281249946 0.07251180138888892
1 0.241940646875 0.5928906027777778 0.05518361406249998 0.08530800138888889
1 0.11237912265625001 0.5971560013888889 0.14995546796874998 0.17061600277777778
1 0.98931870546875 0.6099522027777778 0.010681294531249996 0.07677720277777778
1 0.9161404375 0.6056868027777778 0.07917648671874992 0.08317530416666673
1 0.9045751796875001 0.5732808555555556 0.034358487499999944 0.053732947222222154
1 0.7817803375000001 0.5502366013888889 0.1391586757812499 0.16848330138888895
1 0.5514487359375 0.5075826 0.35989312734375006 0.32843580138888895
1 0.258735659375 0.5779617013888889 0.20393943828124997 0.2218008013888888
1 0.0001812703125 0.5756246069444445 0.07119135703124999 0.20859360555555553
