person 0.548677140625 0.3257323819444444 0.011425778906250007 0.018750001388888923
person 0.54340370390625 0.2944823847222222 0.020214841406250007 0.0296875
traffic light 0.46078652656249997 0.32260738194444444 0.00791015625 0.015624994444444458
traffic light 0.44057168593749996 0.3179198833333334 0.007910153125000008 0.02343749722222219
traffic sign 0.4083617515625 0.32879459166666664 0.016699215625000007 0.020312501388888925
drivable area 0 0 0 0
drivable area 0 0 0 0
lane 0 0 0 0
lane 0 0 0 0
lane 0 0 0 0
lane 0 0 0 0
lane 0 0 0 0