0 0.47563926015625 0.2745762597222222 0.017551037499999998 0.03224190972222224
0 0.4621834625 0.24649459722222222 0.013455797656250023 0.023921416666666674
0 0.494750390625 0.24337441111111113 0.01287076406250005 0.02912172361111109
0 0.38885911875 0.5127503652777778 0.008775520312499997 0.016640981944444397
0 0.4128455390625 0.51587055 0.00936055703125005 0.012480736111111114
0 0.33328082734375003 0.5533127666666667 0.00702041484375 0.010400616666666609
0 0.30695426875 0.5533127666666667 0.005265311718749999 0.006240370833333328
0 0.63574374765625 0.5065099944444444 0.01813607500000005 0.03328197222222226
0 0.0676750984375 0.5054699333333333 0.019306142968749995 0.026001540277777794
0 0.041933574218750005 0.5117103041666666 0.010530622656249999 0.01664098333333336
0 0.016777084375 0.5033898097222221 0.0152109 0.027041601388888933
0 0.01853218828125 0.4558936652777778 0.010530623437499997 0.011440680555555518
0 0.01794715390625 0.4174113861111111 0.029251731250000003 0.017681045833333305
0 0.5325826328125001 0.48293526666666664 0.010530621875000002 0.023921416666666633
0 0.5255622171875001 0.5224576069444444 0.008775519531249998 0.026001540277777794
0 0.32046317109375 0.5586616666666667 0.00585034765625001 0.009360555555555549
0 0.38715712109375 0.5628219125 0.005265312500000041 0.0124807375
0 0.4532660359375 0.5430607430555555 0.008190485937500025 0.01768104444444442
1 0.34804337812499997 0.5839203111111111 0.011115659375000008 0.013520802777777795
1 0.32698213046875 0.5797600652777778 0.022816352343749992 0.02184129305555555
1 0.30943109140625 0.5776799416666667 0.02047621249999998 0.02912172500000002
1 0.29831543359375 0.5766398805555556 0.014040832031249995 0.032241909722222156
1 0.28544467109375 0.5735196958333334 0.01755103984375004 0.04056240277777776
1 0.2696487359375 0.5735196958333334 0.01989117812500001 0.04888289027777775
1 0.24507728046875 0.5766398805555556 0.031006835156250023 0.05304314166666665
1 0.22811127578125 0.58288025 0.021646282812500008 0.05304314444444442
1 0.1959343703125 0.5808001263888889 0.04504766718749997 0.05928351111111109
1 0.13275062890625 0.5808001263888889 0.068449053125 0.07800461805555561
1 0.39710271874999997 0.5857032680555555 0.007020417968749993 0.010400611111111147
1 0.40412313437499997 0.5857032680555555 0.008190485156250028 0.009360552777777779
1 0.41231361953125 0.5857032680555555 0.010530623437499997 0.011440675000000056
1 0.424599346875 0.5867433291666667 0.011115658593749966 0.015600922222222221
1 0.4339599015625 0.5857032680555555 0.018721109375000024 0.027041600000000048
1 0.45970142578125 0.5721824666666667 0.040952425781250044 0.07072419027777772
1 0.4877830890625 0.5877833902777778 0.028081662499999993 0.06552388055555554
1 0.37487140234375 0.5721824666666667 0.011700692187499983 0.020801230555555526
1 0.7023340914062499 0.6229968930555556 0.09126540468750007 0.05304313888888888
1 0.5034223124999999 0.5761941222222222 0.07254429687500004 0.09464560277777778
