traffic light 0.46819852656250005 0.37312473611111113 0.013183585156249933 0.0539062138888889
traffic light 0.48270046953124995 0.3824997319444445 0.01186522656250002 0.04921871527777778
traffic light 0.78196784296875 0.3309372666666667 0.01713866015624994 0.04921871666666667
traffic sign 0.49852077109375 0.45984342638888887 0.021093735937500035 0.042187469444444445
car 0.25330609609375 0.5371871236111111 0.015820301562499983 0.025781233333333375
car 0.23616743593749998 0.5395308722222222 0.01713866015625003 0.032812477777777835
car 0.21111862499999998 0.5465621166666667 0.030322245312500006 0.03984372499999998
car 0.1821147390625 0.5465621166666667 0.027685528906250024 0.04453121944444444
car 0.157065928125 0.5559371125 0.0382323953125 0.03984372222222221
car 0.11751517421874999 0.5512496138888889 0.04350582890625001 0.05390621111111113
car 0.06478083515625001 0.5395308722222222 0.05800777265625 0.0796874444444445
car 0.76746589921875 0.5465621166666667 0.02109373515624995 0.02343748472222226
car 0.75296395625 0.5465621166666667 0.025048810156250045 0.02812498194444449
car 0.7345069375 0.5465621166666667 0.02768552734375005 0.03984372499999998
car 0.71209484375 0.5535933625 0.030322243749999967 0.03984372222222221
car 0.6896827484375 0.5582808597222222 0.02900388671875005 0.03984372222222221
car 0.65013199453125 0.5582808597222222 0.048779264062499994 0.053906212500000016
car 0.81492680390625 0.5606246069444445 0.04877926328125 0.07031245277777774
car 0.59739765625 0.5512496138888889 0.06987299843750003 0.0749999472222222
car 0.33504432031250003 0.5512496138888889 0.05800777265624997 0.0749999472222222
car 0.23748579374999998 0.5582808597222222 0.06064449062500001 0.0656249555555555
car 0 0.5489058652777777 0.071372628125 0.08437494166666666
car 0.30735879453125003 0.5324996249999999 0.015820301562499983 0.025781233333333375
drivable area 0 0 0 0
drivable area 0 0 0 0
lane 0 0 0 0
lane 0 0 0 0
lane 0 0 0 0
lane 0 0 0 0
lane 0 0 0 0
lane 0 0 0 0
lane 0 0 0 0