car 0.3630142703125 0.5335519958333333 0.03159189296874998 0.037442244444444446
car 0.3466332859375 0.5501929944444445 0.03159189531250002 0.037442244444444446
car 0.3045107609375 0.5481128680555555 0.04914294765624998 0.07696461388888894
car 0.26940865703125 0.5501929944444445 0.05616336875000001 0.0936056152777778
car 0.2319664109375 0.5481128680555555 0.057333435937499996 0.11440686111111115
car 0.1102791125 0.5189911222222222 0.13572813906249998 0.18721122638888887
car 0.44023890078125005 0.5293917458333334 0.016380983593749933 0.03536212083333336
car 0.44959946328125 0.5439526180555556 0.01872112187499999 0.0291217458333333
car 0.46013009296874996 0.5564333680555555 0.03042182500000008 0.04368262083333331
car 0.474170934375 0.5668339930555556 0.05967357812499996 0.06240374166666669
car 0.00029251718749999996 0.5252314958333333 0.1556193328125 0.2766565888888889
car 0.5338445132812499 0.5689141166666667 0.12051722812500003 0.12480748472222226
car 0.6666474765625 0.5793147430555555 0.2761365593750001 0.28497708611111117
drivable area 0 0 0 0