3 0.1481326421875 0.5169915875 0.035084046875 0.1330594930555556
3 0.75313754296875 0.4934289680555556 0.02494865546874996 0.05821352638888884
3 0.35941657031249996 0.5266938416666667 0.017931849218749997 0.07068785972222223
3 0.24091045625000002 0.5405542055555556 0.017152200781249995 0.049897315277777764
3 0.27209627578125 0.5253078055555556 0.012474328125000022 0.023562619444444502
3 0.29314670390625 0.5239217694444445 0.0070168093749999995 0.024948654166666667
3 0.3032820953125 0.5266938416666667 0.009355746093750028 0.022176583333333375
1 0.254944075 0.5419402430555555 0.08887958671875 0.09425047638888889
1 0.58005624453125 0.48649878611111114 0.11928575859375004 0.16909644166666665
1 0.5036509859375 0.5128334777777778 0.03742298359375003 0.048511275000000055
1 0.390602390625 0.5253078055555556 0.02650794453124994 0.038809018055555575
1 0.693104840625 0.5031312208333334 0.30016351328125 0.3797739805555555
1 0.550429715625 0.5225357319444445 0.04288050156250005 0.09425048194444444
1 0.5379553875 0.5183776236111112 0.027287592187500032 0.08593425694444443
1 0.39450061796874997 0.5183776236111112 0.02884688281250005 0.03742298333333333
1 0.4061953 0.5017451861111111 0.024948655468750046 0.04573920694444445
1 0.42724572812500006 0.5183776236111112 0.012474328124999979 0.03465090555555553
1 0.43816076484375 0.5169915875 0.007016809375000044 0.024948654166666667
1 0.446736865625 0.5211496958333334 0.004677872656250059 0.0180184736111111
1 0.47870233124999995 0.5072893319444444 0.017931845312500007 0.02910676666666671
1 0.49117665859375004 0.5197636597222222 0.007796454687499921 0.029106765277777828
1 0.49429524062499997 0.5169915875 0.011694681250000016 0.029106759722222205
0 0.54653148828125 0.38670416111111106 0.0062371640624999895 0.03326487916666668
0 0.41321211015625003 0.40056452777777773 0.0070168085937499566 0.02217657777777783
0 0.40541565546875 0.3991784902777778 0.006237163281249991 0.023562620833333308
0 0.5371757421875001 0.3853181263888889 0.00935574609374994 0.029106766666666634
0 0.30718032265625 0.46016409305555556 0.01637255546875003 0.01524640416666669
0 0.29860422265625003 0.482340675 0.012474324999999986 0.020790545833333358
0 0.357077634375 0.451847875 0.017152200781249995 0.008316218055555583
0 0.36331479765624997 0.45877805694444446 0.00779645468750001 0.020790545833333358
0 0.36097586171875 0.4033366 0.010135390624999996 0.03465091111111107
0 0.643987175 0.39224830833333335 0.015592910156250018 0.01940450972222223
0 0.35473869765625 0.49065689444444444 0.0070168093749999995 0.015246402777777807
