1 0.413964559375 0.5355465069444444 0.011865225000000024 0.014062490277777803
1 0.4020993328125 0.5355465069444444 0.015820301562500028 0.025781233333333375
1 0.3836423140625 0.5449215 0.023730453906249994 0.03281247777777775
1 0.3796872390625 0.5332027569444444 0.030322243750000012 0.03749997638888887
1 0.36518529609375 0.5472652486111111 0.036914037499999976 0.056249962500000014
1 0.32827125859375 0.5519527458333333 0.058007771875000017 0.09843743194444446
1 0.45747038828125 0.5027340277777778 0.02373045390625004 0.049218718055555555
1 0.46933561484375 0.4945309097222222 0.03427732031249997 0.07031245277777781
1 0.49833950078125 0.48984341388888886 0.04350582968749998 0.05390621111111113
1 0.5312984625 0.48281216666666665 0.03427732031249997 0.06328120694444447
1 0.5616207078125 0.400780975 0.150292865625 0.1921873638888889
1 0.6409034859375 0.4340621944444445 0.2056639210937501 0.15703114166666662
1 0.24671430390625 0.5559371125 0.1054686765625 0.14062490277777778
1 0.13992726796875 0.5840620916666667 0.18588854375000002 0.2226560972222222
1 0.8215185953124999 0.33796851111111115 0.17797839375000013 0.26249981944444445
1 0 0.6871870222222222 0.1926616078125 0.3117185347222222
