car 0.41574448984375 0.3982017597222222 0.01365783515625001 0.02185253611111114
car 0.404818221875 0.4030578791666667 0.016389401562499996 0.02913671388888888
car 0.38979460390625 0.4079139972222222 0.025949885937500028 0.04613313055555553
car 0.362478934375 0.4079139972222222 0.034144587500000025 0.07284178611111108
car 0.36111315078125 0.4079139972222222 0.019120968750000022 0.08498208333333332
car 0.3365290484375 0.4054859388888889 0.03551037031250002 0.09955044027777775
car 0.28736084296875003 0.4030578791666667 0.07784965937499999 0.11169073888888888
car 0.26687409140625 0.41762623611111116 0.07102074140624999 0.12383103472222222
car 0.14531936171874998 0.41762623611111116 0.15979666640625 0.17967640277777777
car 0.45398642734375 0.3991729875 0.016389400781249997 0.024280594444444383
car 0.45944956093749995 0.40402910555555555 0.016389401562500083 0.029136715277777763
car 0.46491269453125 0.40645716527777775 0.019120968749999977 0.038848952777777786
car 0.47447317890624996 0.40888522499999996 0.034144587500000066 0.05584536944444444
car 0.496325715625 0.4161694041666667 0.034144585937499985 0.07284178333333331
car 0.51544668359375 0.40160104722222223 0.06965495703125005 0.10683461805555557
car 0.5591517546875 0.3991729875 0.10379954296875002 0.14325551111111107
car 0.6274409289062499 0.40645716527777775 0.21989113984374997 0.22095341527777776
car 0.43213389140625 0.40160104722222223 0.019120968749999977 0.026708652777777786
car 0.00054631328125 0.3117628402777778 0.158430884375 0.4516190708333334
car 0.80089542890625 0.36032403194444446 0.19803860390625 0.4661874263888889
person 0.4325123203125 0.4079139972222222 0.011708754687500012 0.03642089444444447
traffic sign 0.14613883203125 0.2330937125 0.027315669531249996 0.03642089444444447
traffic sign 0.32642225078125 0.34478444999999996 0.012292050781250018 0.012140298611111117
traffic sign 0.7033784890625 0.2500901291666667 0.023218319531249955 0.03156477361111109
traffic light 0.42202709374999997 0.38282404999999997 0.006828916406250052 0.019424476388888934
traffic light 0.4151981765625 0.38525210416666666 0.008194700781250041 0.019424476388888934
person 0.20486752031250002 0.38282404999999997 0.02048675312499997 0.0388489513888889
drivable area 0 0 0 0