traffic sign 0.4563333015625 0.37781223333333336 0.019775376562500037 0.011718741666666688
traffic sign 0.46160673515625 0.39187472500000003 0.006591791406250014 0.018749987499999954
traffic light 0.49192897890625 0.40359346527777773 0.014501943750000024 0.018749988888888916
traffic sign 0.9269872734375 0.13171865277777778 0.04614254687500008 0.05156246388888888
car 0.36404820703124996 0.4364059430555556 0.021093735937500035 0.03046872916666664
car 0.34954626484375 0.4340621944444445 0.021093735156249994 0.03984372222222221
car 0.32186073671875 0.43171844444444446 0.03295896171875001 0.05624996249999994
car 0.298130284375 0.4457809361111111 0.029003885937500008 0.0539062138888889
car 0.2559428140625 0.42703095 0.04746090390625 0.09140618611111112
car 0.1544292109375 0.4387496916666667 0.10810539453124998 0.12421866388888887
car 0.42205598125000005 0.42937469722222227 0.052734337500000006 0.023437483333333297
car 0.47874539531250004 0.41999970416666665 0.014501942968749936 0.0374999736111111
car 0.49852077109375 0.4246872013888889 0.04482418828124999 0.03515622638888887
car 0.51170435625 0.4364059430555556 0.029003885156249964 0.04687496944444444
car 0.5235695812500001 0.44109344027777775 0.055371057031250004 0.07265619861111117
car 0.55652854375 0.44343718749999994 0.06459956640625002 0.1054686777777778
car 0 0.41765595555555557 0.15706592890624999 0.21093735555555554
car 0 0.5137496388888889 0.02127500546875 0.1523436444444444
car 0.74637216328125 0.45515593055555553 0.25312482578125006 0.38437473611111117
car 0.58289571328125 0.4364059430555556 0.14633779062500007 0.17109363194444444
car 0.38646030078125004 0.4481246847222222 0.17006824296874998 0.26953106388888887
drivable area 0 0 0 0