car 0.36069593671875 0.3721650097222222 0.022036085937499995 0.03505155277777779
car 0.38969078671875 0.3783505791666667 0.026675262499999963 0.026804127777777766
car 0.42564440000000003 0.3721650097222222 0.03131443750000003 0.04329897638888893
car 0.47087636640625 0.3721650097222222 0.03131443749999994 0.041237120833333384
car 0.25283509296875 0.29793819444444447 0.09046393359375 0.1608247694444444
car 0.038273203125 0.3597938736111111 0.18672683515625 0.20000003472222222
traffic sign 0 0 0.03247423203125 0.044329905555555556
traffic sign 0 0.04432990277777778 0.02551546875 0.04948454583333333
traffic sign 0.314304175 0.11855672222222222 0.09974228515624999 0.08041238472222223
traffic sign 0.50567018671875 0.10412372916666668 0.04755155468750001 0.03092783749999999
traffic sign 0.45347945625 0.13092785694444445 0.10206187265624997 0.061855680555555556
traffic sign 0.321262940625 0.19690725 0.08698455078124998 0.04123712083333331
traffic sign 0.4476804859375 0.19484539166666665 0.11250001874999996 0.02886598611111112
car 0.674503071875 0.24594996249999998 0.04175258281250001 0.03505155277777779
car 0.71741545078125 0.21296026805555554 0.051030935937499945 0.04536083472222224
car 0.76960618125 0.1779087152777778 0.06958763984375001 0.05360825694444442
car 0.841513409375 0.10574375416666666 0.1032216664062501 0.094845375
drivable area 0 0 0 0
drivable area 0 0 0 0
drivable area 0 0 0 0
lane 0 0 0 0
lane 0 0 0 0
lane 0 0 0 0
lane 0 0 0 0
lane 0 0 0 0
lane 0 0 0 0
lane 0 0 0 0