traffic sign 0.19691118515625 0.28074465833333334 0.02144577265625003 0.012130941666666652
traffic light 0.189112721875 0.3015405597222222 0.012672501562499994 0.020795901388888892
traffic light 0.2086088796875 0.2998075694444444 0.012672501562499994 0.022528891666666696
car 0.14914560078125 0.3569962958333333 0.26319811875 0.2842106402777778
car 0.43573910703124996 0.37432621250000003 0.05166481484375005 0.06931966944444438
car 0.51274892734375 0.37779219583333334 0.04289154531249997 0.04679077638888892
car 0.95238726484375 0.32060347083333335 0.04679077656250001 0.11957642916666668
car 0 0.37779219583333334 0.033143465625 0.02426188611111115
car 0.038017505468750004 0.37779219583333334 0.034118274999999997 0.02426188611111115
car 0.127699828125 0.37779219583333334 0.0263198109375 0.017329918055555598
car 0.11307771015625001 0.3847241625 0.017546541406249984 0.013863934722222224
car 0.08675789843750001 0.3812581791666667 0.025345003906249997 0.012130943055555498
truck 0.45133603203124995 0.33446740277777776 0.048740392187499995 0.0831836027777778
car 0.64044875546875 0.37779219583333334 0.024370196093749998 0.02252889305555554
car 0.56636335859375 0.37779219583333334 0.021445772656249938 0.02252889305555554
drivable area 0 0 0 0
drivable area 0 0 0 0
lane 0 0 0 0
lane 0 0 0 0
lane 0 0 0 0
lane 0 0 0 0
lane 0 0 0 0
lane 0 0 0 0
lane 0 0 0 0
lane 0 0 0 0