car 0.00221937734375 0.3069760819444445 0.03687615390625 0.09712238055555554
car 0.309520659375 0.3094041402777778 0.04507085468750001 0.038848952777777786
car 0.26991293828125 0.3288286180555556 0.0382419375 0.03399283333333333
car 0.36005464765625 0.3239724986111111 0.027315668749999977 0.01942447777777778
car 0.40102815156249993 0.3239724986111111 0.012292051562500017 0.012140298611111117
car 0.44063587265625 0.2948357847222222 0.06555760703124998 0.1044065569444444
car 0.57584843671875 0.2972638444444444 0.11336002890624997 0.14568357083333336
car 0.50892504609375 0.3142602611111111 0.028681452343749924 0.0534173083333333
drivable area 0 0 0 0
drivable area 0 0 0 0
drivable area 0 0 0 0
lane 0 0 0 0
lane 0 0 0 0
lane 0 0 0 0
lane 0 0 0 0
lane 0 0 0 0
lane 0 0 0 0
lane 0 0 0 0