traffic sign 0.19864344609375 0.09467957083333334 0.031219771875000003 0.058766627777777775
traffic sign 0.33545950625 0.09631197638888889 0.020201027343749976 0.021221284722222223
traffic sign 0.32903190546875 0.14691657222222224 0.027546857031249993 0.044074972222222224
traffic sign 0.41442716328125 0.13059250972222222 0.017446342968750007 0.037545347222222226
traffic sign 0.3375145921875 0.20568320277777777 0.01630948515624997 0.021221284722222223
traffic sign 0.53746979453125 0.13875454305555557 0.017446342968750007 0.03428053472222222
traffic sign 0.47319379218749996 0.09631197638888889 0.06611245859375003 0.0767231013888889
traffic sign 0.56798996875 0.18143030277777777 0.026628628906250017 0.048972190277777765
traffic sign 0.5716628820312499 0.2320348986111111 0.014691657812500036 0.024486095833333367
traffic sign 0.66361692421875 0.13409051666666666 0.029383315624999982 0.06039903472222223
person 0.6813256101562499 0.2628174263888889 0.019282800000000044 0.06692866111111112
car 0.545558965625 0.27587666666666666 0.028465085937499968 0.01305924861111111
car 0.5227781359375 0.2677146458333333 0.02203748593750001 0.013059249999999996
car 0.46217505000000003 0.26444983333333333 0.038565601562499996 0.0522370027777778
car 0.3971994515625 0.2546553819444445 0.039265199218750005 0.02332010138888888
car 0.48696722187499997 0.27206772500000004 0.07070360078125004 0.10773881944444443
person 0.92281972890625 0.13494558888888888 0.012855199218750002 0.03917775555555555
traffic sign 0.2686474484375 0.20031957361111113 0.05325725859374999 0.040810156944444426
traffic sign 0.33843282109375 0.25512179444444444 0.007345828906250018 0.016324065277777796
car 0.39077185078125 0.1473829722222222 0.02111925703124995 0.013059252777777768
drivable area 0 0 0 0
drivable area 0 0 0 0
lane 0 0 0 0
lane 0 0 0 0
lane 0 0 0 0
lane 0 0 0 0
lane 0 0 0 0
lane 0 0 0 0
lane 0 0 0 0
lane 0 0 0 0
lane 0 0 0 0
lane 0 0 0 0
lane 0 0 0 0