traffic sign 0.16084329453125 0.32233646111111114 0.0116976953125 0.017329916666666632
traffic sign 0.70381126484375 0.27034670972222224 0.03509308281249997 0.015596924999999985
traffic sign 0.6843151078124999 0.2946085930555556 0.032168658593749996 0.020795901388888892
traffic sign 0.3996712171875 0.38299117083333334 0.015596925000000006 0.02946085972222221
traffic sign 0.25150042421875 0.3812581791666667 0.019496157031250006 0.031193851388888857
traffic sign 0.1267250203125 0.3899231388888889 0.032168658593749996 0.022528891666666655
traffic light 0.41234371875000003 0.09531454444444445 0.015596925781249915 0.0814506097222222
traffic light 0.69893722578125 0.17156618055555556 0.01267250078125004 0.07451864444444445
traffic light 0.71258453515625 0.33446740277777776 0.01754654218749998 0.032926843055555585
traffic light 0.1764402203125 0.3465983458333333 0.016571732812499997 0.0311938513888889
traffic light 0.43378949140625 0.09358155277777779 0.019496157812500046 0.07798462777777776
car 0.56928778203125 0.4505778486111111 0.07018616484375002 0.09358155138888888
car 0.543942778125 0.43671391527777775 0.06433731796875 0.09184856111111112
car 0.52542142890625 0.4401798986111111 0.032168658593749996 0.05545573472222224
car 0.51664815859375 0.44191289027777775 0.008773270312499993 0.051989751388888866
car 0.505925271875 0.44364588194444443 0.014622117968750015 0.031193851388888937
car 0.4971520015625 0.44191289027777775 0.008773270312499993 0.032926843055555585
car 0.48935353828125 0.44191289027777775 0.007798463281250001 0.022528891666666655
car 0.44548718593750003 0.4384469069444445 0.017546540624999985 0.025994874999999952
car 0.282694275 0.43671391527777775 0.029244235937499984 0.036392825
rider 0.24272715390625002 0.42804895694444445 0.020470964843749995 0.0779846263888889
bike 0.24467676953125 0.45750981527777773 0.017546540624999985 0.060654712500000034
car 0.376275828125 0.43671391527777775 0.00877327109374999 0.013863933333333339
car 0.47960546015625 0.4349809236111111 0.015596925781250003 0.02599487500000003
car 0 0.43671391527777775 0.01364731015625 0.04505778472222228
car 0.01267250234375 0.43671391527777775 0.038992312499999994 0.03812581666666672
car 0.046790776562500004 0.43324793194444444 0.052639622656249996 0.034659834722222234
car 0.056538854687499994 0.41938399722222225 0.050690008593750016 0.02946085972222221
car 0.10138001562500001 0.4315149402777778 0.04581596796874998 0.038125818055555524
car 0.1462211765625 0.4384469069444445 0.03314346718750001 0.027727866666666597
car 0.17936464375 0.4211169888888889 0.030219042968749978 0.039858809722222256
car 0.21250811015624999 0.4349809236111111 0.022420579687500018 0.02599487500000003
bus 0 0.3899231388888889 0.03314346640625 0.06412069305555555
drivable area 0 0 0 0
lane 0 0 0 0
lane 0 0 0 0
lane 0 0 0 0
lane 0 0 0 0
lane 0 0 0 0
lane 0 0 0 0
lane 0 0 0 0
lane 0 0 0 0
lane 0 0 0 0
lane 0 0 0 0
lane 0 0 0 0
lane 0 0 0 0
lane 0 0 0 0
lane 0 0 0 0
lane 0 0 0 0
lane 0 0 0 0