car 0.059192803125000006 0.49406072638888887 0.5531773828125 0.4626402055555555
car 0.5540661421874999 0.549678675 0.3626227062500001 0.2528088597222222
car 0.04870520625 0.5574435319444445 0.04834969453125 0.045505594444444436
car 0.46820990546874997 0.5953648611111111 0.02844099453125004 0.032865152777777795
traffic light 0.6161030875 0.43862337083333336 0.009954348437500028 0.040449416666666675
traffic light 0.7174271195312499 0.4487357236111111 0.011017903906250038 0.03792132777777779
traffic light 0.63032358671875 0.43862337083333336 0.008532298437499985 0.040449416666666675
traffic light 0.37435461718749996 0.4179198694444445 0.008209262500000003 0.034374995833333345
traffic sign 0.486696553125 0.3944823722222222 0.06110168125 0.1376802736111111
lane 0 0 0 0
lane 0 0 0 0
lane 0 0 0 0
lane 0 0 0 0
lane 0 0 0 0
lane 0 0 0 0