1 0.49695142421874994 0.5005100958333334 0.012397956250000064 0.018367343055555492
1 0.52174733828125 0.5023468305555556 0.02169642500000002 0.025714280555555528
1 0.47215551171875003 0.5152039722222223 0.010331630468749964 0.018367343055555572
1 0.46285704531249994 0.5152039722222223 0.012397956250000064 0.022040811111111065
1 0.4483927625 0.5170407069444445 0.01963009843750001 0.027551015277777757
1 0.43289531640625 0.5207141763888888 0.01963009843750001 0.033061218055555563
1 0.44735959921874996 0.5243876444444444 0.010331629687500055 0.025714280555555608
1 0.421530521875 0.5262243763888889 0.02686223906249996 0.038571422222222256
1 0.5940687515625 0.4692856152777778 0.048558663281249984 0.04040815416666664
3 0.599234565625 0.47479581944444443 0.014464282812499984 0.04959182500000002
1 0.407755015625 0.5253060111111111 0.025829076562499952 0.040408152777777755
1 0.61542079375 0.47204071527777774 0.08575253203125 0.10102038750000004
1 0.36013111875 0.5297666541666667 0.06405610937500002 0.05877549861111117
0 0.35909795624999996 0.5132360472222222 0.012397956250000019 0.020204076388888915
1 0.8456439523437499 0.38938767222222226 0.15394129453125008 0.2957142236111111
1 0.00051658046875 0.5455100902777777 0.16530608828124999 0.17999996111111116
0 0.34438767578124996 0.42979582777777775 0.03719386875000001 0.020204076388888915
0 0.5231937765625 0.41730602777777775 0.020663260937500018 0.04408162222222229
0 0.40086726171875 0.4151019513888889 0.00826530546875004 0.025714280555555608
0 0.50211723984375 0.4022448138888889 0.006715560156249989 0.025714279166666642
0 0.39415170234375 0.4151019513888889 0.008265303906249955 0.027551015277777757
0 0.49540168046875 0.40040807916666665 0.007232142187500035 0.023877545833333378
0 0.4066070421875 0.4149297444444444 0.00826530468750004 0.02938774999999999
0 0.29089278125 0.5177868652777777 0.014464282812499984 0.022040811111111145
1 0.461381103125 0.4922448055555556 0.04442601093749996 0.027551015277777757
1 0.4758749046875 0.5069386680555555 0.03512754453125 0.05142856111111113
