car 0.35341033125 0.45192432222222223 0.02598171250000001 0.03359251666666662
car 0.32860960703125 0.4477252569444445 0.027162697656250012 0.06088643333333334
car 0.44670829687499997 0.4477252569444445 0.0070859210937499915 0.02099532361111108
car 0.46678507421875004 0.45192432222222223 0.01062888124999999 0.01259719305555554
car 0.534101328125 0.45612338611111114 0.007085921874999989 0.023094852777777754
car 0.54000626171875 0.4603224527777778 0.005904935937499989 0.031492979166666636
car 0.54827316953125 0.46242198472222223 0.015352831249999976 0.03989111250000003
car 0.557721065625 0.45822291944444443 0.02243875234374997 0.04409017222222226
car 0.57425488203125 0.4603224527777778 0.029524671093749965 0.05038877222222224
car 0.581340803125 0.46242198472222223 0.05078243593750002 0.05878690277777778
car 0.35382368359375 0.4534989694444444 0.06023033281250001 0.07558316388888894
car 0.26875888359375 0.4373025930555556 0.07440217578125 0.09027988888888892
car 0.48133652578125 0.45829791527777775 0.06023033124999992 0.0734836319444445
bus 0.42228718125000003 0.43520305972222223 0.025981711718749967 0.044090176388888916
bus 0.5428603101562499 0.43180380555555553 0.03188664531250005 0.06088643472222222
person 0.84755493125 0.4423014666666667 0.02598171015625006 0.10077754999999995
person 0.9616416531249999 0.4089167138888889 0.03306763437499995 0.15326585833333337
traffic sign 0.6719815484375 0.24690499444444441 0.09093599453124997 0.0293934541666667
traffic sign 0.6579170710937501 0.19395025694444443 0.01889578906249998 0.06718503194444445
traffic sign 0.7696097953125001 0.3205285972222222 0.034248621874999954 0.01889579166666668
traffic sign 0.6341899679687499 0.3926125361111111 0.016533816406249978 0.03359251388888893
traffic sign 0.38263975703124997 0.38841347083333333 0.01889579062500002 0.016796259722222276
traffic light 0.41098344296875 0.3842144069444444 0.010628882031249986 0.016796256944444504
traffic light 0.6312375 0.17426117916666667 0.015352831249999976 0.06508549861111113
traffic light 0.6170656578125 0.17216164444444446 0.01771480156250007 0.0692845652777778
traffic light 0.6028938140625 0.17216164444444446 0.016533814062499985 0.0713841
traffic light 0.77295592890625 0.3800153416666667 0.01889578906249998 0.03779158194444447
traffic light 0.09819062578125 0.3680180125 0.015352829687500003 0.031492980555555605
traffic sign 0.52632649296875 0.4101086263888889 0.015352831249999976 0.016796261111111082
person 0.022866996875 0.43362601666666667 0.01715024765625 0.08299873055555551
traffic sign 0.6608562484375 0.40347545277777774 0.009527915625000017 0.02710162638888889
drivable area 0 0 0 0
lane 0 0 0 0
lane 0 0 0 0
lane 0 0 0 0
lane 0 0 0 0
lane 0 0 0 0
lane 0 0 0 0
lane 0 0 0 0
lane 0 0 0 0
lane 0 0 0 0