traffic sign 0.57850407421875 0.5404277375000001 0.030397940624999988 0.058119331944444415
car 0.5636658109375 0.6393524791666666 0.02236829609374995 0.027530211111111116
car 0.52654214765625 0.6169443541666666 0.2804640125000001 0.15600452222222225
car 0.473685296875 0.6244889805555556 0.03728049374999998 0.05506041944444446
car 0.430159528125 0.6265282555555556 0.038937402343750004 0.04894259722222224
car 0.3865700296875 0.6138217152777778 0.05506041953124998 0.07341389305555555
car 0.21565331015625003 0.6036253416666667 0.14338651015624998 0.12439576250000002
drivable area 0 0 0 0
lane 0 0 0 0
lane 0 0 0 0
lane 0 0 0 0
lane 0 0 0 0
lane 0 0 0 0
lane 0 0 0 0
lane 0 0 0 0
lane 0 0 0 0
lane 0 0 0 0