0 0.6500558453124999 0.4789200222222222 0.015616957031250055 0.027763480555555574
1 0.6881221796875 0.5084187180555556 0.027329675781250007 0.029498697222222207
1 0.62467829140625 0.5084187180555556 0.050755110156250005 0.022557829166666623
1 0.54659350546875 0.5032130680555555 0.04880299140625004 0.034704350000000043
1 0.382615453125 0.5032130680555555 0.051731171093749986 0.027763479166666688
1 0.02830573515625 0.48412567500000003 0.07027630859375 0.029498695833333324
1 0.7623027265625 0.5118891555555555 0.10931870078124994 0.10411304861111116
1 0.6529840250000001 0.5223004597222223 0.040018453124999985 0.04338043611111115
1 0.67152916328125 0.5379174180555556 0.13079201718750005 0.12146522361111106
1 0.5583062226562501 0.5170948069444444 0.12981595703124996 0.13881739861111106
1 0.43141844453125 0.5379174180555556 0.03220997421875005 0.048586088888888906
1 0.44996358125 0.5257708944444445 0.12591171796874995 0.1388174
1 0.38456757265624997 0.5344469819444444 0.05856358984375003 0.1353469625
1 0.03318603515625 0.5118891555555555 0.09077356406249999 0.10237783055555556
1 0.00195211953125 0.5309765472222222 0.06441994921875001 0.1544343555555556
1 0 0.5795626375 0.0234254359375 0.19607957500000003
1 0.79256058125 0.50147785 0.20497256406249997 0.34183784305555565
1 0.8423396335937501 0.5760922013888888 0.1551935117187499 0.42165784722222227
1 0.00085359375 0.4817963666666667 0.48212156640625004 0.5001802597222222
0 0.8804181515625 0.2275438625 0.02458410234374995 0.09955044027777779
