traffic sign 0.5263982546875 0.5253781083333333 0.00956392187499997 0.013602023611111097
car 0.51721691328125 0.5590431194444445 0.01338949062500001 0.025503791666666664
car 0.53538836484375 0.5590431194444445 0.01625866718750002 0.008501263888888862
car 0.5554726007812499 0.5607433722222223 0.01338949062500001 0.006801011111111106
car 0.56886209140625 0.5590431458333333 0.035386510937500046 0.06460960555555562
car 0.49426350078125003 0.5556426402777778 0.01912784375000003 0.034005055555555525
car 0.47513565703125 0.5522421347222222 0.022953412499999982 0.03910581388888896
car 0.45600781328125006 0.5522421347222222 0.026778981249999934 0.05440809027777781
car 0.39192953671874997 0.5607433986111111 0.021040628125000006 0.020403033333333317
car 0.38045283046875 0.5573428930555555 0.007651137499999993 0.025503791666666664
car 0.36419416328125 0.5573428930555555 0.01625866718750002 0.03230480277777777
car 0.307767009375 0.5437408708333333 0.05547074687499998 0.0663098583333333
car 0.2800316359375 0.5539423875 0.02773537343750001 0.049307330555555494
car 0.18726159375 0.5573428930555555 0.1042467484375 0.09861466111111115
car 0.12624376875 0.5471413763888889 0.049732393750000006 0.03740556111111104
car 0.055470746875 0.5454411236111111 0.0736421984375 0.044206572222222226
car 0.40774187968750003 0.5480481638888889 0.05547074609374993 0.0867128916666667
car 0.5205961578125 0.5650506916666667 0.06886023750000003 0.09011339722222221
drivable area 0 0 0 0
drivable area 0 0 0 0
drivable area 0 0 0 0
lane 0 0 0 0
lane 0 0 0 0
lane 0 0 0 0
lane 0 0 0 0
lane 0 0 0 0
lane 0 0 0 0
lane 0 0 0 0
lane 0 0 0 0
lane 0 0 0 0
lane 0 0 0 0
lane 0 0 0 0
lane 0 0 0 0