car 0.00196229921875 0.3869032013888889 0.0561633671875 0.052003119444444385
car 0.8022902921874999 0.3869032013888889 0.19423164765624995 0.2371342208333333
car 0.61507906640625 0.3681820791666667 0.25390522578125 0.2641758416666667
car 0.41850727968749996 0.3681820791666667 0.19657178828125002 0.2683360930555556
car 0.20789464765625 0.4160249486111111 0.1638098234375 0.2246534722222222
car 0.06046580703125 0.3702622027777778 0.05616336796875001 0.06240374166666661
car 0.110778825 0.37442245277777775 0.03159189375 0.043682623611111165
car 0.20178522421874998 0.38482307777777774 0.04472173984375001 0.06448386944444451
car 0.2675682265625 0.3661019541666667 0.10296617500000002 0.1518491069444444
car 0.84675295859375 0.3765025777777778 0.0842450523437499 0.03536212083333328
car 0.94386878359375 0.3806628277777778 0.023401403125000008 0.04368261944444443
traffic sign 0.40680657656249997 0.3349000819444444 0.02106126328125004 0.022881373611111085
car 0.18716310625000002 0.3847241625 0.018521349218749972 0.027727868055555563
person 0.38797352265625 0.3639282625 0.010722885937500015 0.07451864444444449
person 0.38017506015625 0.3569962958333333 0.009748078124999981 0.06238770138888891
drivable area 0 0 0 0
lane 0 0 0 0
lane 0 0 0 0
lane 0 0 0 0
lane 0 0 0 0
lane 0 0 0 0
lane 0 0 0 0
lane 0 0 0 0
lane 0 0 0 0