traffic sign 0.08569330078125001 0.3289060125 0.03295896171875 0.03515622500000003
car 0.080419865625 0.4414059347222222 0.168749884375 0.20624985833333329
car 0.23203109140625 0.49296839861111114 0.06328120546874998 0.0820311958333333
traffic sign 0.2069822796875 0.4296871930555555 0.014501942968749982 0.023437483333333377
car 0.2821287125 0.4882809027777778 0.039550753124999984 0.05859371111111113
car 0.3111325984375 0.4906246513888889 0.018457018749999988 0.049218718055555555
truck 0.313769315625 0.4765621611111111 0.021093735156249994 0.0515624638888889
car 0.332226334375 0.48593715555555556 0.01186522656250002 0.0374999736111111
bus 0.33749976796875003 0.46718716527777776 0.019775378124999986 0.04687496944444444
car 0.336181409375 0.46718716527777776 0.072509715625 0.12890616388888895
car 0.39814425781249996 0.49296839861111114 0.02373045234375004 0.04453121944444444
car 0.4245114265625 0.5023433916666667 0.018457018749999943 0.03046872916666664
car 0.43242157734375003 0.4906246513888889 0.06328120703124993 0.08203119444444443
car 0.46274382265625 0.44374968333333337 0.06459956328125002 0.11015617222222218
traffic sign 0.5115230859375 0.35234349583333335 0.032958962499999966 0.016406238888888917
traffic sign 0.51679651953125 0.3687497347222223 0.02373045234374995 0.03281247777777775
traffic sign 0.51943323671875 0.40624970833333335 0.014501942968750025 0.02812497916666664
traffic sign 0.52734338671875 0.4484371791666667 0.011865227343749929 0.01796875
traffic sign 0.71455028984375 0.38203098611111114 0.013183584375000024 0.040624959722222166
person 0.8753900234374999 0.46953091527777774 0.03559567890625015 0.12890616388888895
traffic light 0.408691125 0.46249966944444443 0.005273435156250006 0.01874998750000003
traffic light 0.3295896171875 0.40390595972222226 0.006591792187500012 0.025781233333333296
person 0.5879878781250001 0.4882809027777778 0.015820300781249942 0.05859371111111113
person 0.6209468390625 0.49296839861111114 0.011865225781250021 0.07265620138888886
traffic sign 0.540526971875 0.43906218611111114 0.009228510156250013 0.025781230555555527
traffic sign 0.92153256875 0.5796870888888889 0.011865227343749929 0.03281247777777775
traffic light 0.27057199140625 0.4581355222222222 0.006864405468749979 0.01830508055555558
person 0.6735697875 0.47338975555555557 0.01801906406250007 0.10830506527777778
drivable area 0 0 0 0
drivable area 0 0 0 0
drivable area 0 0 0 0
drivable area 0 0 0 0
lane 0 0 0 0
lane 0 0 0 0
lane 0 0 0 0
lane 0 0 0 0
lane 0 0 0 0
lane 0 0 0 0
lane 0 0 0 0
lane 0 0 0 0