0 0.07533958671874999 0.1913386347222222 0.02152559609375 0.025511819444444465
0 0.59554150390625 0.5102363625 0.022721464843750018 0.017007880555555566
0 0.5752117734375 0.5038584069444444 0.01793799609375002 0.0297637902777778
0 0.5273771140625 0.5059843916666666 0.019133864062500016 0.03401576111111113
1 0.35397647578125 0.5229922708333333 0.009566931249999966 0.014881894444444457
1 0.3635434078125 0.5251182555555556 0.008371067187500003 0.019133863888888904
1 0.37071860703125 0.5251182555555556 0.010762796875000013 0.01700787916666668
1 0.379089671875 0.5272442388888889 0.013154531250000013 0.017007880555555566
1 0.3348426125 0.5187403013888889 0.014350397656250014 0.023385833333333356
1 0.63919062890625 0.26893708194444443 0.35875994218750007 0.4762206069444445
0 0.36312704687499997 0.4789829597222222 0.012012710156250028 0.006101694444444424
