car 0.19531377421875 0.34627113055555553 0.02316736796875001 0.0442372805555556
car 0.21504893906250003 0.35389824999999997 0.0446186359375 0.03355931527777779
car 0.23821630859375 0.3432202875 0.03260592421875001 0.025932194444444435
car 0.27597053828125 0.34627113055555553 0.02230931796875 0.018305081944444426
car 0.30428621015625 0.3523728277777778 0.031747875781249976 0.04118643194444442
car 0.33260188359375 0.34932197916666663 0.04118643125000001 0.056440668055555594
car 0.37035611328125 0.3355931583333333 0.03485832109375 0.054915252777777826
car 0.3943815328125 0.3386440138888889 0.01544491171875002 0.01983050555555555
car 0.40521443671875 0.3310168861111111 0.01287076093749997 0.012203388888888887
car 0.40349833515625005 0.3386440055555555 0.01973516562499995 0.03050846805555558
car 0.4223754484375 0.32796603888888887 0.01287076093749997 0.030508470833333353
car 0.43095595703124995 0.3294914611111111 0.01287076015625006 0.025932199999999975
car 0.08945178359375 0.3401694263888889 0.11669489453125 0.10830506666666666
car 0.45326527421874996 0.3386440055555555 0.02059321562500003 0.025932194444444473
car 0.48587119999999995 0.3294914611111111 0.010296608593750011 0.013728811111111088
car 0.47729069296875004 0.32796603888888887 0.008580508593749947 0.013728809722222204
car 0.47042628671875003 0.3401694263888889 0.030031773437499965 0.05033897083333332
car 0.50217416328125 0.3310168861111111 0.031747875781250025 0.022881352777777805
car 0.50732246796875 0.3066101097222222 0.03947033124999999 0.04881355138888889
car 0.4687101875 0.32186434444444445 0.007722455468750056 0.016779656944444454
car 0.65319108359375 0.33406773333333334 0.046334737499999966 0.08999998333333331
car 0.45583942734375 0.32186434444444445 0.0077224546874999685 0.010677965277777802
truck 0.54078644375 0.3119490916666666 0.14501056562499998 0.20440674583333338
car 0.49359365625 0.3470338319444445 0.05234109296874996 0.07322032361111108
car 0.44811696953125 0.3241524805555555 0.008580506249999953 0.016779656944444454
car 0.00107256328125 0.3668643361111111 0.11326269062499998 0.18762708333333333
car 0.668635996875 0.3272033277777778 0.0723109359375 0.044098938888888856
traffic light 0.316835215625 0.2799152013888889 0.004290252343749979 0.01983050555555555
traffic light 0.32112546796874997 0.2753389291666667 0.004290253125000021 0.02288135416666665
traffic light 0.32884792578125 0.2799152013888889 0.006006354687499993 0.021355927777777752
traffic light 0.3348542796875 0.2799152013888889 0.004290253125000021 0.021355927777777752
traffic light 0.35373139453125 0.2600846958333333 0.00943855859374998 0.025932202777777785
traffic light 0.4326720578125 0.2756165277777778 0.0060063523437499985 0.03175629583333332
traffic light 0.5244834804687499 0.2783897791666667 0.006006355468749991 0.02135592499999998
traffic light 0.5450766984375 0.28601689583333334 0.006864405468749979 0.01983050555555555
traffic light 0.39062757421875 0.2936440125 0.005148305468750003 0.018305076388888883
traffic light 0.2679263265625 0.32567790416666664 0.008580506249999998 0.016779659722222225
traffic sign 0.363169953125 0.28601689583333334 0.00858050703125004 0.022881351388888877
car 0.7857599140625 0.33788129166666664 0.05148304140624997 0.056440666666666674
car 0.8089272828125 0.3272033277777778 0.10382413359374994 0.07322032499999998
car 0.966808609375 0.3180507875 0.02659957109374993 0.047288127777777765
car 0.9865437742187501 0.3088982458333333 0.012870760937499882 0.019830504166666665
traffic sign 0.26940865625 0.25065503194444444 0.012870771093749988 0.016640997222222214
drivable area 0 0 0 0
drivable area 0 0 0 0
lane 0 0 0 0
lane 0 0 0 0
lane 0 0 0 0
lane 0 0 0 0
lane 0 0 0 0
lane 0 0 0 0
lane 0 0 0 0
lane 0 0 0 0