1 0.43260284843749996 0.34031225972222223 0.014501943750000024 0.014062493055555573
1 0.41678254609375004 0.36140599444444443 0.013183585156249933 0.021093736111111146
1 0.406235678125 0.36609349305555555 0.015820301562500028 0.02109373472222226
1 0.4774270359375 0.3496872527777778 0.011865226562499932 0.018749987499999992
1 0.4774270359375 0.36140599444444443 0.013183584374999936 0.01874998750000003
1 0.46688016875000005 0.3707809875 0.02109373515624995 0.01640623750000003
1 0.4642434515625 0.38015598194444444 0.02373045234374995 0.023437483333333297
1 0.47083524375 0.38953097500000006 0.019775376562499947 0.037499974999999984
1 0.48270046953124995 0.3754684833333333 0.044824189062500075 0.06328120694444439
1 0.2994486421875 0.37781223472222225 0.021093735156249994 0.03046872916666664
1 0.21507370078125 0.38015598194444444 0.09755852734374999 0.08671869027777777
1 0.42601105468749995 0.3520310013888889 0.01318358593750002 0.018749986111111106
1 0.39305209453125 0.3754684833333333 0.018457018750000033 0.02578123194444441
1 0 0.3637497416666667 0.1517924953125 0.1851561236111111
