traffic light 0.662301590625 0.37405561111111113 0.006694745312499961 0.01870278055555556
traffic light 0.643173746875 0.3808566208333333 0.005738353125000017 0.013602022222222211
car 0.64269555078125 0.4259133222222223 0.01338949140625001 0.013602020833333325
car 0.62069853046875 0.4225128166666667 0.017215060156250052 0.018702781944444444
car 0.552794684375 0.41741205555555555 0.049732392968750004 0.07141061666666665
car 0.5145389984375 0.4293138263888889 0.02199702031250004 0.028904298611111143
car 0.4466351515625 0.4446161013888889 0.037299296093750024 0.030604549999999935
traffic sign 0.71299037578125 0.3800064944444444 0.01052031484375 0.020403034722222282
traffic sign 0.61137370703125 0.4106110458333333 0.0076511367187499955 0.010201515277777812
drivable area 0 0 0 0
drivable area 0 0 0 0
lane 0 0 0 0
lane 0 0 0 0
lane 0 0 0 0
lane 0 0 0 0
lane 0 0 0 0
lane 0 0 0 0
lane 0 0 0 0
lane 0 0 0 0