traffic light 0.13848938046874998 0.3761694291666667 0.0060063546875000155 0.012203388888888849
traffic sign 0.82716086015625 0.1412542138888889 0.03603812890625004 0.07932201527777778
traffic sign 0.8477540765624999 0.24498300833333334 0.018877114843750143 0.04881355000000001
traffic sign 0.8477540765624999 0.29989825138888887 0.014586861718750121 0.047288125
person 0.57558041484375 0.39905078055555554 0.03775422890625002 0.15101691944444448
person 0.2002690296875 0.41277959166666667 0.006006354687499993 0.015254234722222215
person 0.1788177625 0.40820331527777776 0.014586861718749988 0.04728812638888892
traffic light 0.15241123984375 0.3277481152777778 0.004290254687499995 0.022881355555555535
traffic light 0.2107586859375 0.3567311625 0.0042902539062500186 0.018305081944444464
car 0.22257834765625 0.4042372111111111 0.0068644062500000215 0.006101694444444424
car 0.21313978984375 0.4042372111111111 0.006864406249999977 0.00915254027777779
car 0.20112708046875 0.4042372111111111 0.012870760156250017 0.00915254027777779
car 0.20112708046875 0.4103389055555555 0.013728810937500002 0.00915254027777779
car 0.21743004375 0.4103389055555555 0.006006354687499993 0.012203387500000041
car 0.2234363984375 0.4103389055555555 0.012012709375000031 0.004576268055555567
car 0.22429444921875002 0.4133897513888889 0.009438556249999985 0.006101694444444424
car 0.22257834765625 0.41796602222222223 0.007722456250000009 0.010677963888888876
car 0.24231351328125 0.4225422930555556 0.012870760156250017 0.012203388888888849
car 0.22429444921875002 0.41796602222222223 0.019735165624999995 0.025932197222222206
car 0.28851954296875004 0.42483042777777774 0.022309314843749962 0.015254234722222215
car 0.29452589765625004 0.427881275 0.02488346953125 0.03661016249999997
car 0.31597716484375 0.41567788749999995 0.04118643359375 0.05491524305555555
car 0.34171868515625003 0.4202541569444444 0.0446186359375 0.05338981944444446
car 0.37346656015625 0.4294066986111111 0.049766939843750004 0.04881355000000001
car 0.41465299296874997 0.4217795805555556 0.06263770078125006 0.07016948055555552
car 0.55880550859375 0.41567788749999995 0.14844276796874994 0.14338980277777777
car 0.65705231171875 0.44771177916666666 0.20764826484374996 0.16779657916666665
car 0.19241786562500002 0.4049999236111111 0.01201271171874998 0.010677963888888876
car 0.1881276125 0.41567788749999995 0.018877114843749987 0.01677965555555561
car 0.08516153046875 0.40805076944444446 0.01458686171875 0.027457622222222176
car 0.0628522125 0.40957619305555554 0.023167367968749998 0.025932197222222206
car 0.10318059453124999 0.40957619305555554 0.027457621875000005 0.03355931944444445
car 0.037968742968750004 0.4111016166666666 0.03775422890625 0.04728812638888892
car 0.19756617031249998 0.41720331111111114 0.03003177187499999 0.03508473888888888
car 0.24647505937499997 0.40957619305555554 0.048908889062500016 0.05644066944444448
car 0.45240722343749995 0.42330500416666667 0.08580506875000005 0.08542371249999997
car 0.798630675 0.46906770694444444 0.20078386015625 0.28677960694444443
drivable area 0 0 0 0
drivable area 0 0 0 0
drivable area 0 0 0 0
lane 0 0 0 0
lane 0 0 0 0
lane 0 0 0 0
lane 0 0 0 0
lane 0 0 0 0
lane 0 0 0 0
lane 0 0 0 0
lane 0 0 0 0
lane 0 0 0 0
lane 0 0 0 0
lane 0 0 0 0
lane 0 0 0 0
lane 0 0 0 0
lane 0 0 0 0
lane 0 0 0 0
lane 0 0 0 0