car 0 0.33845678055555556 0.16041053671875 0.15094492361111114
car 0.16160640078125 0.3554646583333333 0.10404038437500003 0.09992128750000001
car 0.2489046546875 0.35759064444444444 0.06577265546874997 0.08716537777777779
car 0.3039145125 0.3618426125 0.04903052421875 0.07015749999999998
car 0.35294503671875 0.3618426125 0.05620572421875001 0.061653558333333316
car 0.40795489453125 0.3639686 0.04424705937499995 0.05314962083333331
car 0.5287374078125 0.3533386736111111 0.02750492812500003 0.04251969583333338
car 0.47731515 0.34696072222222224 0.04065946093750004 0.04889765000000001
traffic sign 0.3362029078125 0.29593708194444446 0.02032973046875002 0.014881894444444417
car 0.56700513515625 0.3171969333333333 0.16263783984374997 0.2529921958333334
car 0.8157453609375 0.34483473472222226 0.12437011328125003 0.14244098472222225
car 0.91739401328125 0.30656700833333334 0.08131891796874999 0.21047249999999995
traffic sign 0.1221428078125 0 0.150679175 0.17475594583333334
drivable area 0 0 0 0
lane 0 0 0 0
lane 0 0 0 0