1 0.30567058203125 0.43530051388888885 0.14403325937499994 0.19062179583333336
1 0.46490735234375 0.5163859069444444 0.03840886953125002 0.04836672361111114
1 0.642548371875 0.5206535569444445 0.02720628281250006 0.03556376944444442
1 0.756174609375 0.49931529722222223 0.10882513046875006 0.0967334472222222
1 0.10882512890625 0.5149633541666667 0.09042087968749998 0.07255008611111112
1 0.02240517265625 0.5263437611111111 0.09042087968750001 0.06543733333333329
1 0.18324231171875 0.5206535569444445 0.03520812968749998 0.059747130555555514
1 0.24405635546874999 0.5192310083333334 0.053612378906250015 0.05121182500000003
1 0.21604988828125 0.5405692694444445 0.02000462031249999 0.0312961152777778
1 0.23525432343750002 0.5377241652777778 0.010402402343749983 0.028451013888888828
1 0.30647076796875 0.5363016166666666 0.004000922656250028 0.029873562499999985
1 0.44570291953124996 0.5206535569444445 0.02480572734375004 0.044099073611111095
1 0.5153189921875 0.5192310083333334 0.008802033593750026 0.02702846250000006
1 0.5001154828125001 0.5291888611111111 0.00880203203124994 0.03840886944444443
1 0.589736178125 0.5249212111111111 0.012802957031250006 0.02418336250000005
1 0.6313457859375 0.5206535569444445 0.019204434375000013 0.032718666666666646
1 0.72576758984375 0.5106957055555555 0.047210899999999965 0.04694417222222221
1 0.7121644476562501 0.5135408041666666 0.026406096093749998 0.04409907361111117
1 0.9074095328125 0.4907799930555556 0.0920212484375 0.07681773749999997
1 0.9282143359375 0.5007378486111111 0.07121644531250002 0.13940996944444445
1 0.5217204718749999 0.4338779652777778 0.06961607421875007 0.14083251805555552
1 0.24965765078125002 0.5021604000000001 0.06881588984375 0.041253969444444434
3 0.68335779453125 0.5078506027777778 0.01600369531250001 0.045521622222222176
1 0.4641071671875 0.46517408194444443 0.02400554374999997 0.012802955555555526
1 0.43049940781249996 0.47086428333333336 0.01200277187500003 0.005690201388888896
0 0.596937840625 0.46517408194444443 0.019204435156250012 0.021338261111111083
0 0.63774726328125 0.46944173333333333 0.004000924999999977 0.01707060972222223
0 0.642548371875 0.47086428333333336 0.016803880468749987 0.02133826249999997
0 0.6785566859375 0.4680191805555556 0.013603140624999987 0.01991571111111112
