traffic light 0.30216388437499997 0.22028541944444444 0.01918421562499999 0.05778948888888888
traffic light 0.40820996484374994 0.2600749027777778 0.02504606093750006 0.04073685833333332
traffic light 0.6368218664062499 0.2657591152777778 0.018651322656250004 0.034105272222222205
traffic light 0.025591443749999998 0.38039072500000004 0.02238158515625 0.034105272222222205
traffic light 0.24940729140625 0.3690223 0.023980270312500006 0.03315790555555556
traffic sign 0.18226253750000002 0.2382854236111111 0.06554606874999999 0.03126316388888889
traffic sign 0.04370986953125 0.3169170236111111 0.033572375 0.02273684861111111
traffic sign 0.03518355234375 0.30081175555555556 0.018118424999999994 0.017052634722222217
traffic sign 0.029321707812499997 0.28660122638888885 0.025046060937500003 0.02178947916666666
traffic sign 0.38209811562499996 0.2524959527777778 0.02131579296875006 0.031263165277777775
traffic light 0.34745995 0.25154858472222225 0.011190791406249989 0.035052641666666655
car 0.1119204140625 0.4476539 0.239802690625 0.2501053277777778
car 0.35865074140625 0.4277591597222222 0.3319935078125 0.48410538611111104
car 0.86542127890625 0.5542106708333333 0.13428950859374994 0.3694737819444445
car 0.36824145078125003 0.4234737944444445 0.062348698437499996 0.06821054444444441
car 0.28031379609374996 0.42915800694444445 0.07940133593750001 0.11557897777777776
person 0.0013322375 0.4509474861111111 0.0255789546875 0.12789476805555552
person 0.014121714062499999 0.4462106430555555 0.0213157953125 0.12600003194444448
person 0.07220725546875 0.4452632736111111 0.02930921875000001 0.11463161111111111
person 0.100450684375 0.4575790666666667 0.027710533593749996 0.09663160555555553
person 0.14361516875 0.4462106430555555 0.024513163281249993 0.07389475555555557
person 0.186246759375 0.4348422194444444 0.02557895390625 0.03884211250000007
person 0.2224836109375 0.4244211638888889 0.013855267187499987 0.03315790277777779
person 0.3382816609375 0.42233695555555556 0.009059212500000014 0.023684216666666678
person 0.343610609375 0.4176001125 0.014388162500000013 0.051157908333333384
person 0.35906456015625 0.4206316888888889 0.012256582031249996 0.05968422638888882
person 0.38386749296875 0.4086316861111111 0.008526317968749985 0.031263165277777775
bus 0.63184679296875 0.074842125 0.3671645703125 0.5854738375
bus 0.42419681093749995 0.31218018194444447 0.23287506171875005 0.20652636666666663
bus 0.057434221875000004 0.3803224638888889 0.22008558437499998 0.1042105569444444
bus 0.12138160703125 0.3651645652777778 0.18171715234375 0.08715791805555552
bus 0.0010761984375 0.3844096416666667 0.14867767109375002 0.14115792916666667
traffic sign 0.09566295234375 0.319736925 0.011190792968750007 0.01563158333333333
traffic sign 0.088468871875 0.3438948263888889 0.013588821093750003 0.0312631666666667
traffic sign 0.10045900625 0.3410527208333333 0.011990136718749999 0.025578951388888882
lane 0 0 0 0
lane 0 0 0 0
lane 0 0 0 0
lane 0 0 0 0
lane 0 0 0 0
lane 0 0 0 0
lane 0 0 0 0
lane 0 0 0 0
lane 0 0 0 0
lane 0 0 0 0
lane 0 0 0 0
lane 0 0 0 0