traffic sign 0.41282747109375 0.3239060208333333 0.02768552812499996 0.03984372222222221
traffic sign 0.39964388671875 0.24890607083333333 0.030322244531249966 0.02812498194444445
traffic sign 0.42732941484375003 0.098906175 0.03955075390624998 0.11953116944444445
traffic light 0.39700716953125 0.3590622458333333 0.018457018750000033 0.035156224999999985
car 0.6712257312500001 0.42703095 0.08437494140624997 0.11249992222222219
car 0.8307471054687501 0.4739059166666667 0.05800777265625001 0.04453121944444444
car 0.98499504609375 0.5278121305555555 0.014501942968750115 0.10078118055555549
traffic sign 0.9098486140625001 0.4481246847222222 0.026367169531249957 0.028124980555555606
traffic sign 0.8452490484374999 0.40359346527777773 0.044824189062500075 0.025781233333333375
drivable area 0 0 0 0
lane 0 0 0 0
lane 0 0 0 0
lane 0 0 0 0
lane 0 0 0 0