traffic sign 0.40746967968750003 0.41938399722222225 0.014622116406250019 0.01386393611111111
traffic sign 0.3597040953125 0.4107190388888889 0.03314346640624999 0.02426188472222219
traffic sign 0.38309948359375 0.40378707222222227 0.0068236546874999695 0.02079590000000001
traffic sign 0.21250811015624999 0.3847241625 0.007798463281250001 0.020795901388888892
car 0.29049273828125 0.4401798986111111 0.018521349218749972 0.02079590000000001
car 0.25442484765625 0.44191289027777775 0.01462211796874997 0.017329916666666712
car 0.2242058046875 0.44364588194444443 0.03119385078125001 0.022528891666666655
car 0.1325738671875 0.43671391527777775 0.053614431250000004 0.031193851388888937
car 0.43866353046875 0.4471118652777778 0.017546541406249984 0.02426188472222219
car 0.46205891875000005 0.4488448569444444 0.01949615703124996 0.017329916666666632
car 0.42989026015625004 0.4627087902777778 0.07213578046875 0.10224651249999997
car 0.29244235390625 0.44364588194444443 0.09065712968750002 0.1039795041666667
drivable area 0 0 0 0
lane 0 0 0 0
lane 0 0 0 0
lane 0 0 0 0
lane 0 0 0 0
lane 0 0 0 0
lane 0 0 0 0
lane 0 0 0 0
lane 0 0 0 0
lane 0 0 0 0