0 0.71209484375 0.18093736805555555 0.01186522656250002 0.025781233333333337
0 0.72000499453125 0.15515613611111112 0.011865225781250021 0.014062488888888898
0 0.7147315601562501 0.1176561625 0.01186522656250002 0.03046872916666668
0 0.6817725984375 0.15984363333333335 0.011865226562499932 0.018749987500000013
0 0.6817725984375 0.1739061236111111 0.009228509374999926 0.028124980555555547
0 0.6369484109375 0.1879686125 0.007910150000000015 0.023437483333333335
0 0.61717303359375 0.18562486527777777 0.007910150000000015 0.02109373749999999
1 0.35613805703125 0.2278123361111111 0.04746090468749999 0.04921871666666667
1 0.47083524296875 0.22078109166666668 0.022412093749999952 0.02812498194444445
1 0.55257346875 0.21374984722222223 0.02241209375000004 0.03281247638888891
1 0.56707541171875 0.17859362083333336 0.010546868750000016 0.021093736111111108
1 0.50115748828125 0.22312483749999998 0.018457018750000033 0.03749997638888891
1 0.58289571328125 0.19734360694444447 0.02241209375000004 0.046874968055555556
1 0.51038599765625 0.22078109166666668 0.03955075390624998 0.05624996249999998
1 0.39568881093749997 0.22078109166666668 0.07646479140625004 0.09140618611111112
1 0 0.24421857500000002 0.13992726875 0.17578112916666666
1 0.54861839375 0.18093736805555555 0.013183584375000024 0.01874998750000003
