car 0.27792104609375 0.5923472055555555 0.00860969843749997 0.03367348194444446
car 0.2667284390625 0.5908165916666667 0.014636485937500021 0.03826532222222225
car 0.2529529234375 0.5892859777777778 0.024968122656250015 0.03979593611111112
car 0.31115447109375 0.5724492375 0.01808036484375002 0.04285716249999996
car 0.2233355609375 0.5871431305555556 0.04046557890624998 0.05051022500000002
car 0.27998736796875 0.5825512916666666 0.042187519531249995 0.05357145277777775
truck 0.32315066406250004 0.4632655222222222 0.09901152421875001 0.20510213194444446
traffic sign 0.049936246875 0.49591858888888884 0.018941335156249996 0.015306130555555578
traffic sign 0.53272504765625 0.46530633194444443 0.012914546874999999 0.03367348194444446
traffic sign 0.5180885617187501 0.5127553333333333 0.012914545312500003 0.019897969444444483
traffic sign 0.50861789453125 0.4744900083333334 0.028412002343750055 0.03826532222222217
traffic sign 0 0.5368111722222223 0.00956693203125 0.034015758333333285
drivable area 0 0 0 0
drivable area 0 0 0 0
lane 0 0 0 0
lane 0 0 0 0
lane 0 0 0 0
lane 0 0 0 0
lane 0 0 0 0
lane 0 0 0 0
lane 0 0 0 0
lane 0 0 0 0
lane 0 0 0 0
lane 0 0 0 0
lane 0 0 0 0
lane 0 0 0 0
lane 0 0 0 0
lane 0 0 0 0
lane 0 0 0 0
lane 0 0 0 0
lane 0 0 0 0