traffic light 0.27810763984375 0.23656235555555555 0.01912096796874998 0.046133136111111105
traffic light 0.27810763984375 0.2899796652777778 0.01912096796874998 0.046133131944444454
traffic light 0.308154875 0.28512354444444443 0.013657835937500007 0.04370507083333336
traffic light 0.51711974609375 0 0.028681453125000013 0.027749238888888885
traffic light 0.43107539062500005 0.3385408541666667 0.010926267187499939 0.033992833333333375
traffic light 0.07733746796874999 0.17343280833333333 0.020486753125 0.06312955138888887
traffic light 0.66189279609375 0.32882862083333336 0.00956048515625003 0.038848951388888865
traffic light 0.735645103125 0.2875516055555556 0.020486753906250054 0.050989251388888865
traffic light 0.765692340625 0.3433969763888889 0.009560484375000034 0.036420891666666656
traffic light 0.7534002882812499 0.35553727222222226 0.010926268750000023 0.02670865416666663
car 0.47068311015625 0.394386225 0.04507085468750001 0.04127700972222222
car 0.4501963578125 0.3968142833333333 0.025949885937499938 0.05584536805555555
car 0.4447332234375 0.4016704027777778 0.03277880312499999 0.05827342777777776
car 0.41058863671875 0.3968142833333333 0.04916820468749998 0.14325551111111115
car 0.551264334375 0.2875516055555556 0.11745737890625003 0.2525181888888889
car 0.6195535078125001 0.3992423430555555 0.25540150859374994 0.2500901319444445
car 0.83671308046875 0.3433969763888889 0.10379954374999993 0.11654685416666667
car 0.09782422109375 0.3628214513888889 0.3495942679687499 0.3948795486111111
car 0.8927102023437501 0.5109330805555555 0.10600273046875 0.21124117777777773
rider 0.500730346875 0.394386225 0.017755185156249985 0.04856119027777781
motor 0.50482769609375 0.41623875972222224 0.016389401562499996 0.029136712499999995
traffic sign 0.735645103125 0.3094041402777778 0.020486753906250054 0.046133131944444454
person 0.9145627390625 0.3239724986111111 0.031413019531249906 0.1553958097222222
traffic light 0.8134947625000001 0.3336847347222222 0.012292050781250018 0.03884895277777783
lane 0 0 0 0
lane 0 0 0 0
lane 0 0 0 0
lane 0 0 0 0
lane 0 0 0 0
lane 0 0 0 0