car 0.43081500859375 0.4180513347222222 0.013765105468749983 0.018353472222222205
car 0.4422859296875 0.39765858611111116 0.03441276171874996 0.0550604180555555
car 0.47899287578124994 0.42416915833333335 0.011470920312500077 0.022432023611111084
car 0.49046379765625003 0.4037764125 0.039001132031249955 0.0448640444444444
car 0.400224409375 0.41601205694444443 0.03862024531249997 0.04587513472222224
drivable area 0 0 0 0
drivable area 0 0 0 0
drivable area 0 0 0 0
lane 0 0 0 0
lane 0 0 0 0
lane 0 0 0 0
lane 0 0 0 0
lane 0 0 0 0
lane 0 0 0 0
lane 0 0 0 0
lane 0 0 0 0