1 0.427607796875 0.41098795694444445 0.04210244999999997 0.05443549305555556
1 0.5329404765625 0.3957460236111111 0.05833101640624996 0.06559476111111111
0 0.40984820859375004 0.39901214444444444 0.010716987499999941 0.03402218194444444
1 0.39683472421875 0.4017339180555556 0.018371978124999976 0.04354839305555558
1 0.3738697515625 0.40581658055555553 0.02908896328124997 0.05307460416666672
1 0.34401528671875 0.40309480555555555 0.03750945546875002 0.07620968750000007
1 0.2338052953125 0.38046520138888895 0.12094885781249998 0.14561493749999993
1 0.58145124765625 0.3791043138888889 0.09645288593750001 0.11839719166666664
1 0.45973689218749997 0.37774342638888886 0.07425341171875006 0.1211189680555556
0 0.05179876953125 0.26355850833333333 0.028323466406249997 0.040826620833333355
0 0.471292271875 0.16149195277777778 0.014544482031250005 0.06123992777777776
0 0.70712021875 0.3285181902777778 0.013013484374999962 0.02857863194444445
0 0.10946637031249999 0.1603125138888889 0.024495968749999996 0.03538306944444446
0 0.07272241328125 0.13037299444444445 0.039040453906249994 0.028578630555555564
0 0.0826739015625 0.18616937777777778 0.06506742265625 0.04490927777777776
0 0.6849685773437499 0.28551414861111113 0.02908896484375001 0.023135083333333344
0 0.6972165625 0.26237906527777777 0.03138546250000003 0.017691533333333353
3 0.88476383984375 0.38894158611111107 0.022964972656250103 0.10887098194444446
3 0.8443604484374999 0.38176609166666664 0.03215096328125 0.1265625166666667
1 0.9258711500000001 0.408946625 0.07348791406249991 0.08981855972222219
3 0 0.3667591194444445 0.03904045390625 0.25448592361111105
3 0.06634325234375 0.3805948069444444 0.04286794921874999 0.1646673611111111
0 0.55914240625 0.3549971611111111 0.015309981249999983 0.029939522222222178
0 0.451207034375 0.34547095 0.008420489843750012 0.02177419722222227
0 0.08039235546875 0.2660906736111111 0.023730471875000003 0.047631054166666686
