1 0.49199546562499996 0.44109414583333334 0.009563921093750061 0.010201516666666698
1 0.48051876015625006 0.4308926305555555 0.010520313281250004 0.018702781944444444
1 0.48530072031250004 0.4461949041666667 0.009563921093749973 0.013602020833333325
1 0.49199546562499996 0.44959541249999996 0.0076511367187499955 0.018702779166666676
1 0.48338793593749996 0.46319743333333335 0.012433099218750066 0.022103287499999957
1 0.46043452421875 0.4376936416666667 0.009563921093750061 0.01190176805555549
1 0.4633037 0.44109414583333334 0.01338949140625001 0.017002527777777804
1 0.48147515234375 0.4648976861111111 0.018171451562499996 0.018702781944444444
1 0.4709548375 0.45979692777777775 0.01338949062500001 0.01700252916666669
1 0.46521648437499996 0.4699984444444445 0.017215060156250052 0.022103287499999957
1 0.45565256171875 0.4512956652777778 0.014345883593750042 0.020403034722222203
1 0.43843750390625 0.4376936416666667 0.011476707031249945 0.01870278055555556
1 0.43939389609374996 0.4546961708333333 0.01912784375000003 0.02210328611111115
1 0.42313522812500004 0.43939389444444443 0.014345883593749952 0.020403033333333317
1 0.4317427578125 0.44789515694444443 0.015302274999999987 0.02040303194444443
1 0.42887358124999997 0.46319743333333335 0.018171451562499996 0.028904298611111063
1 0.43461193359375 0.4972024888888889 0.028691765624999997 0.020403034722222203
1 0.39731263984375 0.44449465138888894 0.02104062812499996 0.023803540277777716
1 0.40018181640624995 0.45299591805555556 0.021040628906250004 0.02210328611111115
1 0.4087893453125 0.4819002125 0.02199702031250004 0.027204045833333388
1 0.43269914921875 0.47169869722222224 0.015302275781249985 0.025503791666666664
1 0.386792325 0.4699984444444445 0.022953412500000027 0.025503791666666664
1 0.3638389125 0.48700097361111105 0.02677898125000002 0.030604550000000015
1 0.323670440625 0.458096675 0.01912784375000003 0.028904298611111063
1 0.33514714765625003 0.4665979388888889 0.02486619609374996 0.02550379305555555
1 0.28924032109375003 0.49040147916666665 0.08703168906249999 0.0935139027777778
1 0.25289741953125 0.5533108291666667 0.04303764843750004 0.03570530833333328
1 0.2672433015625 0.47169869722222224 0.02964815703125003 0.02210328611111107
1 0.23090039765624998 0.5023032472222222 0.03060454921875002 0.044206572222222226
1 0.15151984765624998 0.5108045111111111 0.04590682421875001 0.025503791666666664
1 0.11804612031249999 0.5363083027777777 0.02964815703125001 0.044206572222222226
1 0.12282808125 0.5244065347222222 0.11189788515624999 0.11221668333333336
1 0.03101443046875 0.5261067875000001 0.06503466953125 0.05610834305555549
1 0.00040988125 0.5771143694444445 0.04973239453125 0.040806066666666634
1 0.057793412499999995 0.4427943986111111 0.036342903125000006 0.0306045513888889
1 0.08744156953125 0.44789515694444443 0.0392120796875 0.03400505277777776
1 0.49008268125 0.41559035694444446 0.009563922656249968 0.015302273611111082
1 0.47860597578124997 0.41048959583333333 0.012433099218750066 0.011901769444444455
1 0.46234730781250005 0.42579187222222226 0.01338949140624992 0.011901769444444455
1 0.449914209375 0.4172906097222222 0.011476707031250033 0.008501265277777826
1 0.449914209375 0.42239136666666666 0.01338949062500001 0.017002527777777804
1 0.42313522812500004 0.42919237777777774 0.014345883593749952 0.015302273611111162
1 0.37531561953125003 0.4189908625 0.012433099218749976 0.017002526388888838
1 0.3456674609375 0.42579187222222226 0.01625866718750002 0.015302273611111082
1 0.43078636562500006 0.4175335069444444 0.015302274999999987 0.015302275000000047
1 0.40496377656250004 0.4175335069444444 0.018171451562499996 0.017002527777777804
1 0.3896615015625 0.4056317361111111 0.011476706249999991 0.018702781944444444
1 0.37722840390625 0.40733198888888883 0.01338949062500001 0.015302273611111162
1 0.34949302968749996 0.4107324972222222 0.01625866718750002 0.015302273611111082
1 0.33323436171875 0.4056317361111111 0.015302275781249985 0.018702781944444444
1 0.33705993203125 0.43793653888888884 0.019127843749999984 0.018702779166666676
1 0.37722840390625 0.42773502361111115 0.017215059375000008 0.020403034722222203
1 0.31219373359375 0.4240916194444444 0.020084235937500017 0.023803540277777795
1 0.2567229875 0.4053888375 0.018171452343749995 0.023803540277777795
1 0.27202526171875 0.427492125 0.020084235937499972 0.018702779166666676
1 0.26054855625 0.44449465138888894 0.024866196875000003 0.02550379305555555
1 0.21272894765625 0.4376936416666667 0.03347372656250003 0.030604549999999935
1 0.1811680046875 0.42919237777777774 0.028691764843749978 0.030604550000000015
1 0.13813035625 0.41048959583333333 0.02677898203125 0.02550379305555555
1 0.801983109375 0.4668408375 0.19744674296875003 0.19083899027777776
1 0.48584724609374996 0.14039230416666668 0.32039138359374997 0.641481088888889
0 0.7958921960937501 0.4196967722222222 0.030604550781249885 0.05610834027777779
0 0.8198019999999999 0.43159854166666667 0.025822589062500078 0.05780859444444444
