car 0.4468519171875 0.5039539986111111 0.004874039062499946 0.017329919444444404
car 0.27138650390625 0.5178179305555556 0.015596924218750008 0.01732991249999998
car 0.240192653125 0.5351478486111111 0.037042698437499987 0.0502567611111111
car 0.0325585828125 0.5212839138888888 0.0955311703125 0.14383831250000007
truck 0.29868112578125 0.49702202500000003 0.045815966406249985 0.09373340138888887
car 0.0003899234375 0.5455458 0.04484115703125 0.051989762499999946
truck 0.3327993984375 0.44849826388888886 0.008773271874999988 0.051989754166666714
truck 0.18560341484375 0.48835707222222224 0.077984625 0.046790776388888844
car 0.1004052078125 0.5170092152777778 0.16669214296875 0.19751363333333333
truck 0.3402079375 0.3552633041666667 0.10527925156250002 0.2769320847222222
drivable area 0 0 0 0
drivable area 0 0 0 0
drivable area 0 0 0 0
lane 0 0 0 0
lane 0 0 0 0
lane 0 0 0 0
lane 0 0 0 0
lane 0 0 0 0
lane 0 0 0 0
lane 0 0 0 0
lane 0 0 0 0