traffic sign 0.61118721953125 0.3048387486111111 0.028170367187499944 0.013064516666666668
traffic sign 0.6173112125 0.3375000416666667 0.017147178906250015 0.010887098611111097
traffic sign 0.6246600046874999 0.37233875833333335 0.015922380468750053 0.006532258333333295
traffic light 0.6222104078124999 0.3766935972222222 0.009798389062500057 0.019596776388888928
traffic light 0.35887871875 0.3440323027777778 0.008573589062500008 0.02395161666666665
traffic sign 0.346630734375 0.3244355263888889 0.017147179687500014 0.010887098611111097
traffic sign 0.3417315390625 0.3396774611111111 0.017147179687500014 0.013064518055555554
traffic sign 0.29029000078125 0.3353226222222222 0.012247986718750025 0.028306455555555526
person 0.925960446875 0.39629037361111114 0.011023186718749934 0.01741935694444447
car 0.33683234609375 0.3701613388888889 0.07226311562500003 0.10016130277777775
car 0.63200879609375 0.40935489166666666 0.04531754609374996 0.06096774999999997
truck 0.65772956484375 0.3331452055555556 0.26333168750000013 0.28306455138888886
car 0.21190289453125 0.37887101666666667 0.15922381015625003 0.2025000277777778
person 0.01103593359375 0.3309677861111111 0.02572076953125 0.03701613333333332
car 0 0.3658064986111111 0.29273959843749997 0.38758069583333327
car 0.35030512890625 0.29177423055555557 0.3368196 0.49645167777777777
car 0.9149372601562501 0.4050000513888889 0.08455972968749989 0.11975808055555556
car 0.86717011484375 0.48120973749999996 0.13232687500000004 0.34838714305555557
lane 0 0 0 0
lane 0 0 0 0
lane 0 0 0 0
lane 0 0 0 0