0 0.10332963203125001 0.1992940486111111 0.04094192812499999 0.10744548749999999
0 0.58098547578125 0.30500654444444447 0.02729462109374996 0.017329916666666674
0 0.71160972734375 0.2980745763888889 0.011697694531249959 0.024261884722222227
0 0.3587292875 0.32406945277777777 0.019496157031250006 0.012130941666666652
0 0.3275354359375 0.3448653541666667 0.00974807890624998 0.022528891666666696
0 0.368477365625 0.3517973208333333 0.007798462500000003 0.025994873611111104
1 0.34703159296875 0.3812581791666667 0.04094192968749999 0.04332479305555555
1 0.32071178125 0.38645715555555554 0.058488471093750015 0.08145061111111115
1 0.276845428125 0.38299117083333334 0.07603501171875 0.13344036527777778
1 0 0.29287560138888885 0.3177873578125 0.37605920416666666
1 0.6609197195312501 0.3812581791666667 0.047765584375 0.06758667777777774
1 0.68723953125 0.3847241625 0.22810503593749995 0.24435183750000003
1 0.8831759085937501 0.41938399722222225 0.11502732578124988 0.3656612541666666
1 0.31681254999999997 0.32233646111111114 0.42501622109375 0.4748397333333333
