1 0.409638071875 0.4381674916666667 0.011855480468750023 0.034387826388888876
1 0.41587779921875 0.43151178194444445 0.019967125781249973 0.05435495555555552
1 0.4277332796875 0.41820036527777776 0.06052535078124999 0.09428920694444448
1 0.44083670703125 0.4337303513888889 0.06426918749999996 0.0931799208333334
1 0.35909628359375 0.4370582055555556 0.012479453906250004 0.03549711249999995
1 0.3459928578125 0.4237467861111111 0.019343153906249987 0.05879209444444445
1 0.32290586796875 0.4215282166666667 0.03619041562500001 0.06322923333333337
1 0.29981887734375 0.40932608611111115 0.03244657968749998 0.10538205416666663
1 0.22369421015625002 0.39601466944444447 0.085484259375 0.13311417361111108
1 0.21558256484375 0.4059982305555556 0.061149323437500014 0.14753487777777774
1 0.1650407765625 0.3849218208333333 0.08985206718749998 0.23184052083333337
1 0.3628401203125 0.41598179305555555 0.04991781562499997 0.07321279722222221
1 0.46454766953125004 0.41820036527777776 0.1491294734375 0.18303199027777775
1 0.00031198749999999996 0.043262105555555555 0.1722164625 0.7465486611111112
0 0.3798745671875 0.39712395277777773 0.007487671875000013 0.012202133333333384
0 0.40046566484375 0.40267037638888886 0.005615753906250021 0.008874279166666731
