traffic sign 0.5088496953125 0.6741337819444445 0.03021904374999993 0.022528891666666655
traffic sign 0.51957258125 0.7139925916666666 0.012672502343749947 0.03639282500000007
traffic sign 0.4055200640625 0.7503854166666667 0.010722885937499971 0.025994876388888914
traffic sign 0.27879504375 0.7590503763888888 0.023395388281249964 0.024261883333333383
car 0.301215625 0.7902442263888889 0.036067890625 0.065853686111111
car 0.38017506015625 0.7850452513888888 0.021445772656249983 0.060654711111111065
car 0.39089794609375 0.7798462777777778 0.044841160937499944 0.07625163611111105
car 0.4055200640625 0.7867782416666667 0.07311058828124999 0.09531454722222227
car 0.32851024375 0.7833122597222222 0.06433731875 0.09358155416666673
car 0.57416182109375 0.7555843930555556 0.2973163929687499 0.24261884027777778
drivable area 0 0 0 0