traffic light 0.24193889687499998 0.17885740000000003 0.008789060937500004 0.034374995833333304
traffic light 0.04418501640625 0.16635740138888888 0.010546874218750002 0.04062499583333332
traffic light 0.6435990046875 0.18510739861111114 0.008789060937500004 0.02343749722222219
traffic light 0.6295365054687501 0.18510739861111114 0.011425779687500004 0.02343749722222219
traffic sign 0.5425247984375 0.18666989861111113 0.014941403125000008 0.01093749722222219
traffic sign 0.5354935484375 0.15385740138888887 0.015820309375000008 0.01562499722222223
traffic light 0.547798234375 0.22885739305555555 0.016699217187500004 0.018749995833333345
traffic sign 0.03363814140625 0.24604489166666665 0.011425779687499998 0.012499997222222229
traffic sign 0.0222123625 0.26166988888888887 0.022851559375000004 0.012499997222222229
car 0.296431078125 0.3210448819444444 0.015820310937500005 0.02968749722222223
car 0.2814896734375 0.32260738194444444 0.022851559375000007 0.028124994444444457
car 0.27709514296875 0.32729488055555556 0.017578123437500003 0.0265625
car 0.251606865625 0.3257323819444444 0.02636718359375001 0.034374995833333345
car 0.23490764843749998 0.33041988055555555 0.02900390234375001 0.03749999583333334
car 0.37201700546875 0.30073238333333335 0.016699217187500004 0.03124999722222219
car 0.34037638515625 0.2882323861111111 0.033398434374999966 0.05156249305555553
car 0.39398966015625 0.2804198875 0.03339843281250006 0.07031248888888887
car 0.4845169921875 0.2835448875 0.0087890625 0.03593749583333335
car 0.49154824140625 0.2757323888888889 0.03164062109375001 0.05468749166666665
car 0.42738809296875 0.2585448888888889 0.05624999374999993 0.1046874875
car 0.31049357734375 0.30385738333333334 0.042187494531250015 0.062499993055555536
car 0.57240760625 0.2476073888888889 0.07822264531250003 0.1078124875
person 0.5574662015625 0.2632323888888889 0.011425780468750002 0.046874993055555536
car 0.6198685375 0.2569823902777778 0.09580076953124994 0.11718748472222222
car 0.696333371875 0.1976073958333333 0.20390622499999989 0.2046874763888889
car 0.90589353828125 0.11791990694444444 0.09360345156249998 0.3406249569444445
car 0 0.2069823972222222 0.2546244546875 0.35223596805555557
traffic light 0.42864777265625 0.15140614861111112 0.010546867968750017 0.0374999736111111
drivable area 0 0 0 0
drivable area 0 0 0 0
drivable area 0 0 0 0
lane 0 0 0 0
lane 0 0 0 0
lane 0 0 0 0
lane 0 0 0 0
lane 0 0 0 0
lane 0 0 0 0
lane 0 0 0 0
lane 0 0 0 0
lane 0 0 0 0
lane 0 0 0 0
lane 0 0 0 0
lane 0 0 0 0