traffic light 0.39013892499999997 0.3688371902777777 0.008735619531250016 0.024404265277777802
traffic light 0.47375126484374996 0.39878788055555553 0.008111645312500037 0.014420699999999995
traffic light 0.38514714375 0.3710557611111111 0.005615754687500018 0.021076409722222265
car 0.3171341203125 0.48642137916666667 0.031198634375000013 0.046589962500000026
car 0.289679321875 0.4886399472222222 0.03244657968749998 0.0499178152777778
car 0.24662520546875003 0.4897492319444444 0.04679795234374997 0.06101066388888891
car 0.38389919765624997 0.4664542513888889 0.02495890859375005 0.03438783194444442
car 0.44941633124999997 0.4636810402777778 0.01684726171875006 0.021631052777777802
car 0.47624715703125 0.4564706888888889 0.015599317187500007 0.026622831944444415
car 0.49309441875 0.4631263972222222 0.007487672656250055 0.014420702777777766
car 0.50058209140625 0.4653449666666667 0.013103426562499987 0.021076412499999957
car 0.52054921796875 0.4586892583333333 0.011231510156250036 0.04548067638888895
car 0.5280368890625 0.45979854166666667 0.014975343750000026 0.052136386111111065
car 0.5392683984375 0.4509242652777778 0.01684726171874997 0.07210351111111106
car 0.55049990703125 0.44870569583333336 0.024958908593750006 0.08097778611111113
car 0.5654752515625 0.4376128472222222 0.0443020609375 0.11425633194444439
car 0.5923060773437501 0.4520335486111111 0.06551713281249993 0.11869347222222221
car 0.6203848484375001 0.4409407 0.09733973906249993 0.16306486666666664
car 0.6831253046875 0.3689164402777778 0.24459729453124995 0.3217242736111111
car 0.43678088359375 0.4687537041666666 0.01123150859375004 0.016639272222222227
car 0.41108456953125005 0.4697474430555556 0.025582880468749992 0.0321692583333333
car 0.1658633015625 0.4952609916666667 0.08174042187500001 0.08652421250000002
car 0 0.5529438 0.054172190625000005 0.07099422638888894
traffic sign 0.34692881640625 0.43262106666666666 0.01247945390624996 0.005546423611111114
traffic sign 0.53961158515625 0.4115446555555556 0.0068636992187500745 0.0033278541666666526
traffic sign 0.5339958296875 0.41709107777777776 0.009359590625000002 0.009983563888888922
car 0.86763402734375 0.4603531861111111 0.13165823749999994 0.31725544861111105
drivable area 0 0 0 0
lane 0 0 0 0
lane 0 0 0 0
lane 0 0 0 0
lane 0 0 0 0
lane 0 0 0 0