traffic light 0.522500440625 0.4527190055555555 0.013765105468749983 0.03874622222222225
traffic light 0.7220944617187499 0.42416915833333335 0.014912196875000028 0.040785495833333366
traffic light 0.65363393203125 0.47891094166666665 0.006882552343749992 0.024471297222222195
traffic sign 0.73393037734375 0.395300675 0.01950056562500002 0.0203927472222222
traffic sign 0.7706373234375 0.38918285 0.020647657812499977 0.038746222222222175
traffic sign 0.33588942734375 0.31372968333333334 0.019500564843749978 0.0734138916666667
traffic sign 0.50795323828125 0.4258897972222222 0.014912197656249937 0.022432022222222278
person 0.40930332031249994 0.49726441527777776 0.017206380468750025 0.05506041944444446
person 0.36456672890625 0.4727931166666667 0.032118578124999964 0.12847431250000002
car 0.51139451484375 0.5033822388888889 0.016059288281249983 0.032628397222222265
car 0.49189394921874996 0.49726441527777776 0.01950056562500002 0.03874622222222225
car 0.65248683984375 0.5135786138888889 0.013765105468749983 0.028549845833333306
car 0.65592811640625 0.5095000638888888 0.03900113125000004 0.06117824583333334
car 0.67084031328125 0.5237749875000001 0.06538424843749997 0.07953171666666665
car 0.7132827203125001 0.4868826527777778 0.1720638109374999 0.2059667541666666
car 0.49992359375 0.5297074236111111 0.013765105468749983 0.03262839583333338
car 0.42880388515625 0.4868826527777778 0.0780022609375 0.12031721249999995
car 0.48615848906250003 0.4172496680555555 0.19271146874999995 0.35327756805555566
car 0 0.46667529305555555 0.31868304687500004 0.43640480694444445
car 0.8199622828124999 0.49726441527777776 0.17894636406249997 0.46291537916666664
drivable area 0 0 0 0
lane 0 0 0 0