car 0.48389461484374996 0.5656485013888889 0.01852134921875006 0.0329268430555555
car 0.5024159640625 0.5691144861111112 0.012672501562499949 0.03119384999999997
car 0.5102144265625 0.5743134611111111 0.010722886718749968 0.03119384999999997
car 0.5170380812500001 0.5725804694444445 0.014622117187499927 0.036392825
car 0.5248365453125 0.5708474777777778 0.01949615703124996 0.04505778472222228
car 0.54043346875 0.5795124375 0.029244236718750028 0.060654709722222186
car 0.5648036656250001 0.5344546513888889 0.08773270625 0.13344036250000002
car 0.58917386328125 0.5708474777777778 0.07798462812499993 0.1403723291666667
car 0.63011580078125 0.5725804694444445 0.1540196390625 0.199294061111111
car 0.7442483796875 0.5253440694444445 0.25442484765625 0.4661747736111111
car 0.433789490625 0.5776639277777778 0.015596926562500002 0.032926843055555585
car 0.41136891093749994 0.5724649513888889 0.024370196093749998 0.04505778611111116
car 0.39674679296875 0.5828629000000001 0.027294620312500007 0.04332479305555555
car 0.37140178828125003 0.5793969180555555 0.029244236718749983 0.055455736111111126
car 0.3275354359375 0.588061876388889 0.055564047656250004 0.07047497916666666
car 0.22615542031250002 0.5776639277777778 0.08870751406249999 0.14557130555555559
car 0.133548675 0.5655329833333334 0.11502732578125 0.2287549069444445
car 0.0009563921875 0.5032748222222222 0.16500464374999999 0.3484906111111111
drivable area 0 0 0 0
lane 0 0 0 0
lane 0 0 0 0
lane 0 0 0 0
lane 0 0 0 0