car 0.48721722890625 0.4451466944444445 0.009360560156249953 0.012480748611111083
car 0.46732603515625 0.44306656944444445 0.00819049140625001 0.016640999999999986
car 0.33159789609375 0.4493069430555555 0.029251752343749972 0.033281997222222276
car 0.30819649296875 0.45346719305555555 0.011700700781250007 0.027041622222222214
car 0.275434528125 0.45346719305555555 0.01989119062500002 0.022881376388888933
car 0.28362501796875 0.45138707083333335 0.03744224765624997 0.04784286805555556
car 0.6353481000000001 0.4042375805555556 0.07137427890624996 0.04368261944444443
car 0.64587873203125 0.40839783194444446 0.056163369531249965 0.04160249583333327
car 0.6774706273437501 0.4104779513888889 0.03510210312499993 0.03536212083333336
car 0.6880012578125 0.4042375805555556 0.0421225265625 0.04576274305555551
car 0.6961917484375 0.40215745416666665 0.07488449062499995 0.04576274583333336
car 0.738314275 0.40007733194444445 0.05733343671875 0.047842872222222214
car 0.8003279945312499 0.36679533472222225 0.12402743828125011 0.09568573888888889
car 0.5550812984375 0.44015440694444447 0.01287077187500003 0.020801243055555495
car 0.126367578125 0.42933774999999996 0.09243554296875 0.10816649027777782
car 0.0008775531249999999 0.47322837916666666 0.04855791328125 0.1060863638888889
car 0.2354766203125 0.4565873819444444 0.052653157812499976 0.05408324305555554
car 0.4905519171875 0.4170650111111111 0.07722462968749992 0.1185671097222222
car 0.44725932031250004 0.43162588333333335 0.026911614843749997 0.03744224583333333
car 0.36974217187499997 0.4479202 0.019891192968750016 0.02704162083333333
car 0.421927309375 0.44722681805555553 0.010530632031249976 0.018721123611111147
car 0.43128787031250004 0.4451466944444445 0.010530632031249976 0.018721123611111067
car 0.43947836171875 0.44306656944444445 0.012870772656250029 0.01872111944444449
car 0.48043081640625 0.44306656944444445 0.011291170312499954 0.011440683333333368
car 0.040074903125 0.4503470041666667 0.09711582421875001 0.11024661111111113
traffic light 0.8567838796875 0.14872892083333333 0.04680280546874993 0.07904474027777779
traffic light 0.8088110023437499 0.16953016666666665 0.02223133281250007 0.07696461805555557
traffic sign 0.82285184375 0.08008480277777777 0.046802807812500014 0.06656399166666667
traffic sign 0.5525656367187499 0.36305077916666667 0.012870773437500028 0.016051956944444452
traffic sign 0.5736268984375 0.4165449791666666 0.010530632031249976 0.029121748611111147
car 0.38685443125 0.44811829166666667 0.015210909375000003 0.02080124722222223
drivable area 0 0 0 0
lane 0 0 0 0
lane 0 0 0 0
lane 0 0 0 0
lane 0 0 0 0
lane 0 0 0 0
lane 0 0 0 0
lane 0 0 0 0