0 0.4626277671875 0.28010216666666665 0.005165818750000018 0.016836743055555558
0 0.4884568609375 0.2785715541666667 0.006887757812499995 0.01224490277777777
0 0.429910915625 0.2816327791666667 0.006887757812499995 0.01836735555555558
1 0.43765964296875 0.3316328083333333 0.019802305468749993 0.032142873611111136
1 0.49276171015625003 0.3285715833333333 0.012914547656249997 0.029081645833333367
1 0.5039543171875 0.32704097083333333 0.015497456250000052 0.038265323611111096
1 0.51514692421875 0.3224491305555556 0.01205357812500001 0.04591838888888885
1 0.5194517734375 0.31785729305555555 0.03185588125000001 0.05357145416666668
1 0.53925407734375 0.3025511625 0.024107153906250022 0.08571432500000001
1 0.5564734726562499 0.2642858388888889 0.10417734218750008 0.14387761666666662
1 0.6365436882812501 0.24489806805555553 0.24623735546874997 0.2653062583333333
1 0 0.3357144513888889 0.13689419375 0.1928572305555556
1 0.13861613281250001 0.3290817805555556 0.13775516406250002 0.12244903611111112
1 0.41096957109375004 0.3244899402777778 0.030994912499999926 0.048979613888888884
1 0.8334187406250001 0.21020418055555556 0.16530619609374994 0.45000020138888885
1 0.47706651562499996 0.2964707902777778 0.017867659375000056 0.023823545833333327
