traffic sign 0.86781422265625 0.0998459875 0.028081684375000117 0.0977658625
traffic sign 0.8689842914062501 0.19761184999999998 0.0269116140625 0.03744224583333333
traffic sign 0.8654740820312499 0.24129446944444446 0.03042182500000017 0.05824349166666663
traffic sign 0.5647660484375 0.17057022777777778 0.015210910937499999 0.04992299444444445
traffic sign 0.56593611875 0.2641758402777778 0.011700701562500004 0.027041622222222214
traffic sign 0.577636821875 0.28913734027777777 0.01872112187499999 0.012480748611111083
traffic sign 0.5647660484375 0.23297397083333335 0.01287077187500003 0.03120186944444442
traffic sign 0.56593611875 0.3244994597222222 0.018721122656249988 0.01456087361111109
truck 0.716875171875 0.3661019541666667 0.14742884140624996 0.08320499027777772
truck 0.1400305796875 0.34946095694444446 0.15327919140625001 0.17889072916666665
car 0.294479840625 0.39522370138888885 0.05616336796875001 0.06032361666666672
car 0.34596292812499996 0.39522370138888885 0.02340140234375001 0.04160249305555557
car 0.37170447109375 0.39522370138888885 0.015210911718749998 0.024961494444444475
car 0.453609384375 0.39522370138888885 0.028081683593750028 0.02912174444444449
car 0.5495551359374999 0.37442245138888886 0.17317038515625 0.18097085138888888
car 0.42084741875000004 0.39522370138888885 0.012870771093749945 0.020801245833333346
car 0.392765734375 0.3993839513888889 0.010530632031249976 0.01456087361111113
car 0.40095622578125 0.3993839513888889 0.009360561718749948 0.01456087361111113
car 0.4091467171875 0.3993839513888889 0.011700701562500004 0.0166409986111111
car 0.42084741875000004 0.3993839513888889 0.012870771093749945 0.0166409986111111
car 0.38574531328125 0.3993839513888889 0.009360561718749993 0.0166409986111111
car 0.84792303046875 0.36194170555555555 0.1509390507812501 0.13104785833333338
drivable area 0 0 0 0
drivable area 0 0 0 0
lane 0 0 0 0
lane 0 0 0 0
lane 0 0 0 0
lane 0 0 0 0
lane 0 0 0 0
lane 0 0 0 0
lane 0 0 0 0
lane 0 0 0 0
lane 0 0 0 0
lane 0 0 0 0
lane 0 0 0 0
lane 0 0 0 0
lane 0 0 0 0