traffic sign 0.69495618359375 0.26015607083333336 0.031640603125000055 0.07031245277777778
traffic sign 0.220347134375 0.4171872125 0.014501943750000024 0.037499974999999984
traffic sign 0.27176311484375 0.40312472222222223 0.007910150781250014 0.042187473611111095
car 0.5143410734375 0.40781221944444446 0.015820302343750026 0.02812497916666664
car 0.43392120624999997 0.4171872125 0.009228510156250013 0.028124983333333298
car 0.42469269687500005 0.41015596805555554 0.01054686718749993 0.025781233333333296
car 0.4141458296875 0.41015596805555554 0.011865224999999934 0.025781233333333296
car 0.41019075390625004 0.4124997152777778 0.01054686718750002 0.03281247916666664
car 0.39700716953125 0.4171872125 0.019775375781250038 0.028124983333333298
car 0.3864603015625 0.42187470972222224 0.018457019531249987 0.03281247777777775
car 0.3825052265625 0.4359371986111111 0.018457018749999988 0.04218747083333333
car 0.30867715234375004 0.41953096111111116 0.0817382265625 0.09140618888888888
car 0.43787628203124995 0.3890622319444444 0.09096673515625006 0.13828115694444446
car 0.2414408703125 0.4640621805555556 0.072509715625 0.058593709722222165
car 0.07664606093750001 0.40781221944444446 0.073828075 0.14062490277777778
car 0.00149962890625 0.3890622319444444 0.08701165859375001 0.18984361944444444
car 0.71077648515625 0.38437473611111117 0.28820130390625 0.3117185347222222
car 0.52488793984375 0.42187470972222224 0.025048810937499954 0.04453121805555556
car 0.5354348085937499 0.4359371986111111 0.042187471093750074 0.056249962500000014
car 0.615854675 0.37031224583333333 0.14501943203124998 0.16874988333333332
person 0.6118996 0.39843722638888884 0.006591792187500012 0.04453121805555556
person 0.5868507890625 0.4570309375 0.010546867968750017 0.03749997222222221
drivable area 0 0 0 0
drivable area 0 0 0 0
lane 0 0 0 0
lane 0 0 0 0
lane 0 0 0 0
lane 0 0 0 0
lane 0 0 0 0
lane 0 0 0 0
lane 0 0 0 0
lane 0 0 0 0
lane 0 0 0 0
lane 0 0 0 0
lane 0 0 0 0