0 0.58182376015625 0.4831838430555555 0.01365783515625001 0.01456835694444444
0 0.620065696875 0.4540471277777778 0.02185253593750005 0.01942447777777782
0 0.61323678046875 0.4540471277777778 0.006828915624999965 0.02428059583333335
0 0.61323678046875 0.4783277236111111 0.008194700781249953 0.04127701111111111
0 0.6528444999999999 0.4030578791666667 0.04097350468750003 0.0752698444444444
0 0.12974943046875 0.2136692375 0.05053398828125 0.08255402361111111
0 0.13657834765625002 0.30107938055555555 0.03414458515624998 0.019424476388888893
0 0.19120968671875 0.30836355694444445 0.017755185156249985 0.04127701388888888
0 0.12838364609375 0.3690650458333333 0.034144585937500006 0.0388489513888889
0 0.33734851796875 0.4540471277777778 0.027315669531249975 0.043705072222222204
0 0.9378379945312499 0.5236515055555556 0.0286814523437501 0.048561190277777735
0 0.9392037765625 0.48803995972222225 0.020486753125000055 0.031564774999999975
1 0.42749022734375003 0.5366011513888889 0.12701786328124998 0.21366923749999994
1 0 0.49046802222222224 0.27315669453125 0.5074644375
0 0.0809090515625 0.41938399722222225 0.016571732812499997 0.048523769444444455
0 0.6609197195312501 0.46097579861111115 0.03899231406249992 0.034659834722222234
0 0.083833475 0.4800387083333333 0.014622117187499995 0.024261883333333383
