0 0.3538552484375 0.1946727347222222 0.004874038281250037 0.019062911111111133
0 0.37140178828125003 0.16116822916666665 0.006823657812500006 0.017907579166666684
0 0.42306660625000003 0.2362645375 0.006823654687500014 0.013863934722222224
0 0.39089794609375 0.24319650416666666 0.007798462500000003 0.012130945833333347
0 0.23005465234375003 0.18196413055555555 0.004874038281249993 0.022528891666666655
0 0.0984555921875 0.23395388333333333 0.007798464062499999 0.015596926388888871
0 0.15596925625 0.20391535694444443 0.005848846875000003 0.017329915277777788
0 0.17254098906249998 0.2108473263888889 0.005848846875000003 0.017329913888888864
0 0.1920371453125 0.200449375 0.004874041406250007 0.01906291111111109
0 0.18326387421874998 0.19871638194444444 0.006823654687500014 0.020795901388888892
0 0.22323099765625 0.18311945833333335 0.006823656250000009 0.02599487499999999
0 0.23492869062500002 0.18311945833333335 0.006823656249999965 0.02426188333333334
0 0.35775447890625 0.1952504 0.005848847656250022 0.025994876388888876
0 0.34800640078125 0.1917844152777778 0.006823656250000009 0.029460861111111094
1 0.11990136484375 0.2726573625 0.030219043749999997 0.057188727777777774
1 0.08480828359375 0.2674583861111111 0.04386635390625001 0.06758667916666666
1 0.0107228859375 0.2622594111111111 0.0848082828125 0.08664958750000003
1 0.37140178828125003 0.26457007083333334 0.018521349218749972 0.03639282638888888
1 0.37822544453125 0.2559051125 0.052639621875 0.10744548611111114
1 0.3996712171875 0.2559051125 0.09748078515624999 0.14903728888888892
1 0.45880956484375 0.246084825 0.20958368671875 0.2599487583333333
1 0.13415791562499998 0.21885210416666664 0.26709734999999996 0.4124520291666667
1 0.6732266539062499 0.21494131527777777 0.3239934703125001 0.7226475513888889
1 0 0.27529810972222224 0.014256550000000002 0.09704753749999999
