car 0 0.5594942722222223 0.10055578828125 0.2379498305555556
car 0.3627862140625 0.5376417361111111 0.289546096875 0.24280595138888883
car 0.06641120078125 0.5157892 0.1051653265625 0.06798566805555556
car 0.324544278125 0.5060769625 0.03960772109374999 0.050989248611111135
car 0.44883057421875006 0.43080711666666666 0.015023617187500005 0.019424476388888855
car 0.42561225468749997 0.43323517777777776 0.016389401562499996 0.01942447499999997
car 0.59770097109375 0.5789187472222223 0.10926267890625 0.17967640416666658
car 0.38873610078125 0.496364725 0.03824193828125 0.06312954722222218
car 0.34639681328125 0.4842244263888889 0.027315667187499983 0.050989249999999944
car 0.36961513203125 0.4720841291666667 0.02458410234374999 0.03156477361111109
car 0.38873610078125 0.45265965277777775 0.01775518515625003 0.024280593055555577
car 0.39556501875 0.43566323749999997 0.02048675234374997 0.02185253611111114
motor 0.4866555453125 0.49393666388888885 0.034561553125 0.03884895416666667
car 0.48297516015625 0.4696560680555556 0.023218319531249955 0.02913671388888888
car 0.47478046015625 0.45023159305555555 0.01912096796875007 0.02428059583333335
car 0.6605270109375 0.5157892 0.09014170937500002 0.05098925000000002
car 0.7370108867187499 0.4987927847222222 0.03551037031250006 0.02428059583333335
car 0.8517366984375 0.5036489027777777 0.03824193671875005 0.026708652777777786
car 0.92139165703125 0.4817963666666667 0.05437488046874996 0.03156477361111109
traffic sign 0.024071914062499998 0.5060769625 0.013657833593750002 0.031564773611111166
traffic sign 0.754766071875 0.39195816527777777 0.03960772109374995 0.09226626111111114
traffic sign 0.54580120078125 0.3458250347222222 0.03277880312499999 0.01942447500000001
traffic sign 0.5539959007812499 0.3968142833333333 0.017755185156250075 0.012140298611111117
traffic sign 0.5553616851562501 0.3676775694444444 0.01229205078124993 0.03399283472222226
traffic sign 0.82988416328125 0.3021199625 0.015023617968750003 0.04127701111111111
traffic light 0.03363239609375 0.38710204583333335 0.019283213281249996 0.06798566666666667
traffic light 0.23713413593750002 0.425951 0.009560483593749992 0.038848951388888824
traffic light 0.8257868125 0.37253369027777783 0.019120968750000068 0.07284178472222219
traffic light 0.8462735648437499 0.3676775694444444 0.017755185156249985 0.07526984583333338
traffic light 0.8230552460937499 0.47694024583333333 0.019120968750000068 0.03642089444444447
traffic light 0.8531024828125 0.4720841291666667 0.01638940234374999 0.03156477361111109
traffic sign 0.8531024828125 0.4429474152777778 0.02458410234374995 0.0242805930555555
traffic light 0.21937895078124997 0.43635698194444444 0.009560483593750035 0.026708654166666672
traffic light 0.2180131671875 0.47034981388888886 0.008194700781249998 0.01942447500000005
traffic light 0.5485327671875 0.46792175555555554 0.00819470156250004 0.019424476388888934
traffic light 0.5594590351562501 0.46792175555555554 0.010926267187499939 0.02185253611111114
traffic light 0.56219060234375 0.42178862361111114 0.009560483593750035 0.03399283472222218
traffic light 0.54580120078125 0.42907280138888887 0.008194701562499952 0.031564773611111166
person 0.23576835234375002 0.5036489027777777 0.009560483593749992 0.06312954722222225
person 0.256255103125 0.5109330805555555 0.008194701562499995 0.029535295833333287
person 0.05411915078125 0.5109330805555555 0.013657833593750002 0.05827342916666664
traffic sign 0.6605270109375 0.45265965277777775 0.012292050781250018 0.031564773611111166
traffic light 0.655063878125 0.41381069861111114 0.010926267968750025 0.02913671666666665
traffic sign 0.82715259609375 0.2608429513888889 0.03414458671874989 0.03642089305555554
car 0.9784032539062499 0.4842184166666667 0.021093735937500035 0.023437484722222183
drivable area 0 0 0 0
lane 0 0 0 0
lane 0 0 0 0
lane 0 0 0 0
lane 0 0 0 0
lane 0 0 0 0
lane 0 0 0 0
lane 0 0 0 0
lane 0 0 0 0
lane 0 0 0 0
lane 0 0 0 0
lane 0 0 0 0
lane 0 0 0 0
lane 0 0 0 0
lane 0 0 0 0
lane 0 0 0 0
lane 0 0 0 0
lane 0 0 0 0
lane 0 0 0 0
lane 0 0 0 0
lane 0 0 0 0