traffic light 0.46923988593750005 0.5701423597222223 0.012318945312499973 0.025028973611111147
traffic light 0.49123800468749995 0.5623208055555555 0.014078796093750068 0.025028970833333376
traffic light 0.64962446015625 0.5904784000000001 0.012318946874999969 0.02033604166666668
traffic sign 0.56603160859375 0.5106985569444444 0.02287804375000002 0.05787949444444441
car 0.3456344359375 0.5944380625 0.05015571249999997 0.05944380555555553
car 0.2013267734375 0.5709734 0.1020712734375 0.1251448555555556
car 0.0235819734375 0.5756663347222222 0.17334517968750002 0.18615296944444448
car 0 0.5913094388888889 0.08781648046875 0.21274625555555562
car 0.49904655781249996 0.5994072666666667 0.05402669140625003 0.06936760416666661
car 0.4470208515625 0.6118578625000001 0.030014829687500022 0.03913044444444446
drivable area 0 0 0 0
lane 0 0 0 0