traffic sign 0.3748915453125 0.16768425416666666 0.024779610937499984 0.03552632500000001
traffic sign 0.38048694140625 0.20321057916666668 0.049559223437499966 0.024157899999999996
traffic sign 0.88167457265625 0.2870527055555555 0.026378297656249928 0.03694737777777778
traffic sign 0.8808752296875 0.3254211375 0.024779610937500075 0.04973685555555558
traffic sign 0.8824739148437499 0.37942115 0.015187503906249945 0.03126316805555555
traffic sign 0.5779244929687499 0.22452637499999997 0.023180927343750036 0.083842125
car 0.116703978125 0.2557895402777778 0.06634541171875001 0.09094739305555556
car 0.90245747265625 0.49168433888888885 0.09672041875000001 0.1250526638888889
car 0.039967115625 0.20889479166666666 0.010391449999999997 0.017052634722222217
car 0.050358565625 0.20321057916666668 0.023980269531250008 0.03694737499999998
car 0.03517106171875 0.24015795694444442 0.06714475546875001 0.09663160416666668
car 0.14308227421875 0.2870527055555555 0.07673686484375 0.0980526569444445
drivable area 0 0 0 0
lane 0 0 0 0
lane 0 0 0 0
lane 0 0 0 0
lane 0 0 0 0