person 0.25338478359375 0.4837267125 0.023389364843750027 0.09979462222222221
person 0.7331347640625 0.48511274861111114 0.014813264062499965 0.08039011111111109
person 0.7144232726562499 0.487884825 0.009355744531250033 0.07345992638888887
person 0.7191011445312501 0.487884825 0.007796452343750015 0.0748459638888889
person 0.725338309375 0.48511274861111114 0.007796452343750015 0.08177614999999999
person 0.7682188109375 0.482340675 0.018711492187500057 0.08870633194444445
person 0.79706569375 0.4754104958333333 0.017152201562500035 0.10118065694444446
person 0.784591365625 0.4795686027777778 0.01091503593750005 0.08316218472222216
person 0.8672337875 0.5558006069444444 0.037422981249999945 0.03326487222222217
bike 0.826692221875 0.5239217694444445 0.05769376640625001 0.06514371111111106
person 0.851640878125 0.46016409305555556 0.016372558593750065 0.12890138611111107
traffic sign 0.21493039062500002 0.3575973972222222 0.010915036718750003 0.059599565277777815
traffic sign 0.21648968046875 0.42135507361111113 0.0077964554687500074 0.041581093055555525
traffic sign 0.32096217734375 0.46848031388888894 0.013253973437499988 0.008316216666666617
traffic light 0.32564004921875 0.4781825666666667 0.009355747656250024 0.016632437499999972
car 0.2648277015625 0.49065689305555554 0.10135391484374998 0.15800815694444445
car 0.6764805203125 0.5211496972222223 0.026507946874999976 0.02772072777777781
car 0.61021065390625 0.4975870777777778 0.07094773984375005 0.09147840416666662
car 0.28353919375 0.4453797097222222 0.39995813671875 0.5516424986111111
car 0.4535019109375 0.4315193444444445 0.06704951015625005 0.024948655555555553
traffic sign 0.19984911171875 0.3306707472222222 0.02105042812500002 0.04296713333333331
drivable area 0 0 0 0
drivable area 0 0 0 0
drivable area 0 0 0 0
lane 0 0 0 0
lane 0 0 0 0
lane 0 0 0 0
lane 0 0 0 0
lane 0 0 0 0
lane 0 0 0 0
lane 0 0 0 0
lane 0 0 0 0