traffic sign 0.48530840546875 0.4149905652777778 0.03458254609375002 0.03458254861111109
traffic sign 0.44208022109374995 0.4303605875 0.028818789062500016 0.01793169027777779
traffic sign 0.55447349921875 0.47903231944444447 0.011527515625000007 0.02177419583333331
car 0.46607959140625 0.4682367263888889 0.010807046875000026 0.012808351388888894
car 0.45599301484375 0.4695175611111111 0.010807046875000026 0.010246681944444447
car 0.44518596875 0.4643942208333333 0.011527515625000007 0.014089187500000043
car 0.43365845312499995 0.4643942208333333 0.01008657656250005 0.015370022222222227
car 0.4271742265625 0.46567505694444444 0.009366106249999983 0.008965845833333298
car 0.42933563515625 0.47464090138888887 0.013688924218749943 0.020493362500000008
car 0.46968193906250005 0.4861684180555556 0.013688925781249939 0.015370020833333341
car 0.46824099921875 0.5015384388888889 0.015850333593749967 0.020493356944444388
car 0.48625274375 0.4707983972222222 0.013688925781250028 0.015370020833333341
car 0.49561884999999994 0.4759217375 0.013688925781250028 0.015370020833333341
car 0.50066213828125 0.4861684180555556 0.014409394531250008 0.01921252638888886
car 0.50066213828125 0.5015384388888889 0.013688925781250028 0.015370016666666608
car 0.49850072890624997 0.515627625 0.018732213281250056 0.01793169027777779
car 0.42141046718749997 0.5258743055555556 0.041066774218750005 0.06276091805555556
car 0.4368448 0.5284378597222222 0.1048841125 0.15369832361111113
car 0.39979637578125 0.4707983972222222 0.014409392968750056 0.01793169027777779
car 0.351524903125 0.4707983972222222 0.03746442578124998 0.029459208333333306
car 0.31694235625 0.4695175611111111 0.03746442499999998 0.04098672361111113
car 0.16780512187500002 0.49641509861111116 0.06268086874999998 0.06019924722222222
car 0.25858430859375 0.48360674722222224 0.044669122656250025 0.04867173055555551
car 0.27947793046874997 0.5181892944444445 0.03386207734375004 0.05763757916666666
car 0.31045812890625 0.5053809444444445 0.09942482421874996 0.12936434305555558
car 0.00045028281250000004 0.5412443263888889 0.22118420624999996 0.3326511597222222
drivable area 0 0 0 0
lane 0 0 0 0
lane 0 0 0 0
lane 0 0 0 0
lane 0 0 0 0