car 0.00085359453125 0.4346226513888889 0.064191821875 0.2816549055555555
car 0.60316410625 0.6347641152777778 0.39607720703124993 0.36178086666666665
car 0.058216499218749995 0.4817963666666667 0.0983364109375 0.1918167013888889
car 0.142895075 0.5303575583333333 0.05326555625 0.109262675
car 0.175673878125 0.5424978527777777 0.04370507109374999 0.09226625972222224
car 0.21528160000000002 0.5522100916666667 0.025949885937499983 0.06798566527777779
car 0.23576835078124997 0.5619223305555555 0.02321832031250004 0.06070148611111116
car 0.24942618671875 0.5619223305555555 0.01912096953125002 0.05827342777777784
car 0.2630840203125 0.5764906875 0.031413019531249996 0.026708654166666672
car 0.40375971953125 0.6007712833333333 0.08604435937499995 0.11654685555555559
car 0.31361801015625 0.5764906875 0.02458410234374999 0.04127701527777784
car 0.339567896875 0.5886309847222222 0.016389401562499996 0.029136715277777843
car 0.3504941640625 0.5910590416666667 0.015023617968750003 0.03399283472222226
car 0.35595729609375 0.5959151625 0.016389401562499996 0.041277012499999995
car 0.36551778203124996 0.5910590416666667 0.03277880312500003 0.06070148888888893
car 0.379175615625 0.5910590416666667 0.03687615468749996 0.07284178611111117
car 0.38873610078125 0.598343225 0.04370507109375006 0.0801259638888889
bus 0.3723467 0.5643503888888889 0.040973503906249986 0.041277012499999995
drivable area 0 0 0 0
drivable area 0 0 0 0
lane 0 0 0 0
lane 0 0 0 0
lane 0 0 0 0