traffic light 0.51066084921875 0.33767749027777777 0.010796792968749979 0.044786699999999985
traffic sign 0.7541885296874999 0.2907580888888889 0.017994657812500047 0.02772510277777778
traffic sign 0.181958459375 0.2886253888888889 0.02039394375000001 0.031990502777777784
car 0.349908584375 0.44431249027777775 0.021593589062499995 0.08104260000000005
car 0.307921053125 0.44217979027777776 0.05878254453124998 0.10236959861111114
car 0.237142071875 0.42725089027777774 0.09717114374999998 0.16208519861111112
car 0 0.2950234888888889 0.27193174296875 0.4457343013888888
car 0.51066084921875 0.4464451902777778 0.010796792968749979 0.03199050000000001
car 0.51665906796875 0.4400470902777778 0.029991093749999996 0.044786699999999985
car 0.52745586171875 0.44431249027777775 0.035989311718750014 0.05118480000000005
car 0.55384802265625 0.4251181902777778 0.04798574999999996 0.0917060986111111
car 0.58024018515625 0.42298549027777776 0.09117292578124996 0.11943119999999996
car 0.6330245109375 0.4379143902777778 0.11756508749999997 0.1386255
car 0.8969461367187501 0.43151629027777777 0.10305386328124992 0.3838860013888889
car 0.36430431015625003 0.3504736902777778 0.15115511249999997 0.2857818
drivable area 0 0 0 0
drivable area 0 0 0 0
lane 0 0 0 0
lane 0 0 0 0
lane 0 0 0 0
lane 0 0 0 0
lane 0 0 0 0
lane 0 0 0 0
lane 0 0 0 0
lane 0 0 0 0
lane 0 0 0 0
lane 0 0 0 0
lane 0 0 0 0
lane 0 0 0 0
lane 0 0 0 0