truck 0.001559290625 0.38116001666666666 0.13331937890625 0.19820321250000003
car 0.49429524062499997 0.3728437986111111 0.11538753046875003 0.18711491805555552
car 0.18945385312500002 0.44214561944444447 0.018711494531249984 0.022176583333333295
car 0.2159618015625 0.44214561944444447 0.06704951171875 0.037422979166666676
car 0.20816534609374998 0.44214561944444447 0.012474324999999986 0.01940450972222223
person 0.32589181484375 0.4310573277777777 0.015592910156249973 0.06791578888888894
person 0.40151742734375 0.43382940138888887 0.010135391406249994 0.059599565277777815
person 0.36409444375 0.44630372916666666 0.003898227343750005 0.027720729166666697
person 0.36955196171875004 0.4393735486111111 0.0062371640624999895 0.030492797222222222
person 0.393720971875 0.4407595833333333 0.004677876562500005 0.03187883750000001
car 0.42256785546875 0.4366014736111111 0.016372553124999988 0.023562619444444426
car 0.44205899296875 0.43798751111111106 0.010915037500000047 0.015246400000000035
car 0.45219438359374997 0.4310573277777777 0.011694684375000009 0.026334697222222224
car 0.46310942109375003 0.43382940138888887 0.007796454687499921 0.016632437499999972
truck 0.47792268515625 0.41719696388888894 0.008576099999999975 0.016632437499999972
car 0.48415984921875 0.43244336527777777 0.013253973437500033 0.01247432638888889
car 0.47246516640624997 0.4310573277777777 0.0046778750000000535 0.020790550000000015
traffic light 0.33368826953125 0.33680685 0.004677872656249971 0.030492801388888918
traffic light 0.37500948046875 0.3589834347222222 0.008576102343750013 0.027720729166666697
traffic light 0.41555104609375004 0.3354208152777778 0.003898227343750005 0.02217657916666668
traffic light 0.42022891875 0.3354208152777778 0.003898227343750005 0.02494865972222225
traffic light 0.54809077890625 0.3049280125 0.004677874999999965 0.03326487777777779
traffic light 0.55354829765625 0.3090861236111111 0.005457521093750017 0.029106762499999977
traffic sign 0.5883805804687501 0.33264874166666664 0.014285382812499936 0.019404512500000002
traffic sign 0.20738569921875 0.339578925 0.014813267187500001 0.005544140277777782
traffic light 0.21050428203125 0.4061086722222222 0.011694684375000009 0.01524640416666669
person 0.6374982460937499 0.41026678194444444 0.012474325781249984 0.07345993055555552
traffic sign 0.5969566804687501 0.3617555069444444 0.01091503671874996 0.004158108333333388
traffic sign 0.5876009343749999 0.35205325416666666 0.005457518750000024 0.01386035972222225
traffic light 0.32174182265625 0.40056452777777773 0.013253973437499988 0.01247432638888889
traffic light 0.352147996875 0.3853181263888889 0.00779645468750001 0.023562619444444426
drivable area 0 0 0 0
drivable area 0 0 0 0
lane 0 0 0 0
lane 0 0 0 0
lane 0 0 0 0
lane 0 0 0 0
lane 0 0 0 0
lane 0 0 0 0
lane 0 0 0 0
lane 0 0 0 0
lane 0 0 0 0