car 0.0001812703125 0.36452758194444446 0.16666286562500002 0.1885009513888889
car 0.7780861984375 0.3409649597222222 0.22141931953124994 0.29522575972222226
car 0.15359016171875 0.3742298347222222 0.07718490390625002 0.1191991333333334
car 0.21362286406250003 0.36868568888888886 0.07396055234374996 0.10147023750000005
car 0.2830113125 0.3756158708333333 0.042100857031249994 0.0693018236111111
car 0.312637840625 0.35765600694444444 0.04481857499999999 0.06562495416666671
car 0.35317940703125 0.38116001805555555 0.014033618749999999 0.03187883750000001
car 0.34694224296875 0.3631415430555555 0.03430440156249999 0.04851127361111109
car 0.38904309921875 0.3714577625 0.010915035937500006 0.02494865277777778
car 0.665037603125 0.3077000847222222 0.18087775312499987 0.20651942777777776
car 0.5707004984374999 0.35759739583333333 0.029626528125000016 0.05821353055555557
car 0.557446525 0.33957892638888887 0.046778729687499965 0.06375767361111112
car 0.548090778125 0.3492811791666667 0.015592910156250018 0.045739204166666644
car 0.5363960960937499 0.36036947222222226 0.012474328124999979 0.03187883750000001
car 0.52626070546875 0.35205325277777777 0.019491137500000023 0.03603694583333331
car 0.5145660234375 0.36868568888888886 0.012474327343750069 0.016632438888888934
car 0.43660147421874995 0.36868568888888886 0.004677871875000061 0.01940450972222223
car 0.44205899296875 0.3714577625 0.007016810156250042 0.01386036250000002
car 0.44985544765625 0.36868568888888886 0.008576099218749977 0.012474329166666662
car 0.5052102781250001 0.3631415430555555 0.010915035937499961 0.019404511111111116
car 0.49273594921874997 0.36036947222222226 0.0071031804687500255 0.02910676527777775
car 0.47215360234375003 0.35621136249999996 0.019802702343749968 0.034257119444444505
car 0.45687225703124995 0.3672996527777778 0.013253973437500033 0.019404508333333265
car 0.39839884609375 0.3492811791666667 0.040541564843749975 0.06514371388888887
car 0.58005624453125 0.35205325277777777 0.06860880312499998 0.08177614861111111
traffic light 0.41399175390625 0.2702771027777778 0.0054575195312500215 0.0180184736111111
traffic light 0.51222708671875 0.27582124999999996 0.0062371640624999895 0.020790547222222244
traffic light 0.41944927343750005 0.2688910666666666 0.007016809374999955 0.020790545833333358
traffic light 0.51690496015625 0.27166314027777777 0.005457518750000024 0.019404511111111116
traffic light 0.56992085234375 0.31601630416666665 0.012474328124999979 0.013860363888888906
drivable area 0 0 0 0
drivable area 0 0 0 0
lane 0 0 0 0
lane 0 0 0 0
lane 0 0 0 0
lane 0 0 0 0
lane 0 0 0 0
lane 0 0 0 0
lane 0 0 0 0
lane 0 0 0 0
lane 0 0 0 0
lane 0 0 0 0
lane 0 0 0 0
lane 0 0 0 0
lane 0 0 0 0
lane 0 0 0 0
lane 0 0 0 0
lane 0 0 0 0
lane 0 0 0 0