traffic light 0.48447950000000006 0.3015405597222222 0.012672501562499949 0.03465983472222219
traffic light 0.3587292875 0.25994875694444447 0.008773270312499993 0.0398588111111111
traffic light 0.34605678515625 0.25474978333333337 0.012672502343750036 0.046790776388888886
traffic sign 0.44646199375 0.3587292875 0.007798461718750005 0.020795901388888892
traffic sign 0.60535567265625 0.31540449305555557 0.028269427343749952 0.024261883333333303
traffic sign 0.6307006765625001 0.2408858513888889 0.026319812499999973 0.034659833333333306
traffic sign 0.48545430703125003 0.35006432916666663 0.021445773437499937 0.013863933333333339
traffic light 0.49812681015625 0.36219527083333336 0.010722884375000064 0.020795898611111124
traffic light 0.59925244921875 0.3413993708333333 0.017800917968749986 0.02946085694444444
traffic sign 0.36067890390625 0.37086022916666667 0.016571732812499997 0.017329918055555598
traffic light 0.39674679375 0.3587292875 0.0068236546874999695 0.015596926388888951
traffic light 0.3402079375 0.3656612541666666 0.007798461718750005 0.017329918055555598
traffic light 0.3558048640625 0.3656612541666666 0.00877327109374999 0.017329918055555598
car 0.3879735234375 0.37605920416666666 0.009748078124999981 0.017329918055555518
car 0.41819256562499996 0.4020540805555556 0.014622117968750015 0.01906290833333328
car 0.36652775000000004 0.3985880972222222 0.018521349218749972 0.036392825
car 0.32266139609375 0.3812581791666667 0.016571732812499997 0.027727868055555483
car 0.29731639296875 0.4037870736111111 0.016571733593749992 0.022528891666666655
drivable area 0 0 0 0
drivable area 0 0 0 0
drivable area 0 0 0 0
lane 0 0 0 0
lane 0 0 0 0
lane 0 0 0 0
lane 0 0 0 0
lane 0 0 0 0
lane 0 0 0 0
lane 0 0 0 0
lane 0 0 0 0
lane 0 0 0 0
lane 0 0 0 0
lane 0 0 0 0
lane 0 0 0 0
lane 0 0 0 0
lane 0 0 0 0