traffic light 0.3538552484375 0.18369712361111112 0.011697693750000005 0.06758667638888889
traffic light 0.34410716953125 0.19582806527777777 0.008773270312499993 0.06065470972222222
traffic light 0.45815968749999997 0.33620039583333333 0.007798461718750005 0.04159180138888886
traffic light 0.4474368015625 0.33273441111111113 0.008773270312499993 0.04505778333333331
traffic light 0.43963833828125 0.33620039583333333 0.00974807890624998 0.046790776388888886
traffic light 0.5917083625 0.47830571666666666 0.013647310156250026 0.024261883333333383
traffic light 0.7622997351562499 0.42631596527777776 0.023395388281250006 0.036392825
traffic light 0.360678903125 0.4297819486111111 0.009748078125000026 0.03812581805555561
traffic light 0.0809090515625 0.3102055180555556 0.04191673749999999 0.06065470972222222
traffic light 0.76132492734375 0.27727867638888887 0.02047096484375004 0.07625163611111109
traffic light 0.8120149367187499 0.3102055180555556 0.016571732031250085 0.04332479444444443
traffic sign 0.79934243359375 0.2668807263888889 0.03801750625000002 0.046790776388888886
traffic sign 0.1306242515625 0.26861371944444445 0.035093082031250014 0.05545573333333331
traffic sign 0.30998889453125 0.4471118652777778 0.0068236554687500115 0.01906290833333328
traffic sign 0.3090140875 0.46790776666666667 0.0068236554687500115 0.027727868055555563
traffic sign 0.5868343242187499 0.42458297222222224 0.016571732031249998 0.012130941666666612
traffic sign 0.5390687390625 0.46097579861111115 0.016571732031249998 0.04505778333333331
traffic sign 0.80909051171875 0.1334403625 0.04865116640624993 0.034639101388888885
traffic sign 0.8071408953124999 0.13517335416666668 0.03048488906250011 0.05078690416666668
traffic sign 0.7817958921875 0.19756105555555553 0.027294619531249963 0.06931966944444447
traffic sign 0.7398791546875 0.42631596527777776 0.010722886718750057 0.02079590000000001
traffic sign 0.74182877109375 0.45404383333333337 0.01169769374999996 0.01906290833333336
person 0.5566152796875 0.5233635013888889 0.012672502343749947 0.06238770138888883
car 0.56733816640625 0.5406934180555556 0.061412894531250026 0.041591802777777784
car 0.61120451953125 0.49910161666666664 0.19788599218750003 0.277278676388889
rider 0.083833475 0.48523768194444444 0.0419167375 0.12130942083333333
bike 0.05751366328125 0.5285624763888889 0.0662869328125 0.08145061111111115
bike 0.03801750625 0.5112325597222223 0.09065713046874999 0.06238770138888891
car 0.154019640625 0.5164315347222223 0.11210290156250002 0.06238770138888883
car 0 0.49910161666666664 0.05069000703125 0.0675866791666667
car 0 0.5337614513888889 0.03411827421875 0.06585368611111109
car 0.69601280234375 0.4384469055555556 0.30316523984374993 0.5493583763888888
car 0.3236362046875 0.4211169888888889 0.23980273046874995 0.3691272375000001
drivable area 0 0 0 0
lane 0 0 0 0
lane 0 0 0 0
lane 0 0 0 0
lane 0 0 0 0
lane 0 0 0 0
lane 0 0 0 0
lane 0 0 0 0
lane 0 0 0 0
lane 0 0 0 0
lane 0 0 0 0
lane 0 0 0 0
lane 0 0 0 0
lane 0 0 0 0
lane 0 0 0 0
lane 0 0 0 0
lane 0 0 0 0
lane 0 0 0 0
lane 0 0 0 0