0 0.31788124453125 0.4347460694444445 0.0210612625 0.0520031180555555
0 0.44190868281249995 0.4659479416666667 0.014040842968750055 0.0332819972222222
0 0.751977275 0.33281995694444444 0.024571474218750035 0.08528511388888885
0 0.49105162890625 0.4784286902777778 0.011700702343750003 0.016640997222222214
0 0.80697057421875 0.3973038263888889 0.016380982031249935 0.027041622222222214
0 0.80697057421875 0.4888293138888889 0.023401403125000008 0.04784287083333333
0 0.9426987132812499 0.3702622041666667 0.02223133281250007 0.035362119444444395
1 0.5401945757812501 0.4992299388888889 0.028081684374999936 0.03744224583333333
1 0.5565755593749999 0.4909094375 0.047972876562500044 0.10192611249999999
1 0.4465889625 0.49714981249999995 0.015210912499999996 0.01456087361111113
0 0.4465889625 0.5137908097222221 0.015210912499999996 0.01872112222222226
1 0.43488826015625 0.4950696875 0.016380982031250026 0.012480748611111083
1 0.42318755937499997 0.5075504361111111 0.023401403125000008 0.03536211944444448
1 0.403296365625 0.5117106861111111 0.016380982031250026 0.033281995833333314
1 0.3834051734375 0.5117106861111111 0.02457147343749999 0.03536211944444448
1 0.36000377031249997 0.5075504361111111 0.028081684375000027 0.045762744444444475
1 0.340112578125 0.5158709361111111 0.0269116140625 0.0395223708333333
1 0.31788124453125 0.5158709361111111 0.030421823437499995 0.04160249444444446
1 0.2710784375 0.5158709361111111 0.04914294609375003 0.05824349305555556
1 0.09556791249999999 0.5283516847222222 0.10062603359375002 0.08112486388888887
1 0.4465889625 0.4950696875 0.11466687656249999 0.15808947916666669
1 0.57763682109375 0.4909094375 0.11232673593750002 0.1227273611111111
