0 0.2633444328125 0.27870971250000004 0.024495971093750013 0.01741935694444443
0 0.27681721796875 0.3048387486111111 0.026945568750000027 0.01741935694444443
0 0.39072348203125 0.29612906944444445 0.03674395781249999 0.01741935694444443
0 0.65160557109375 0.31354842638888886 0.02082157578124999 0.01306451944444444
0 0.66752795390625 0.35709682083333333 0.01959677656249994 0.026129036111111108
0 0.26579403046875 0.32661294583333333 0.02082157578124999 0.02395161388888892
0 0.33438274843750004 0.3440323027777778 0.015922379687499967 0.013064518055555554
0 0.5744432625 0.3592742402777778 0.017147178125000016 0.015241937500000012
0 0.5230017250000001 0.2612903555555555 0.007348790624999957 0.0348387138888889
0 0.46176179765625003 0.29177423055555557 0.004899193749999942 0.026129034722222222
0 0.51810253203125 0.2612903555555555 0.006123992187499994 0.030483872222222253
1 0.36377791328125003 0.4050000513888889 0.03306956093749998 0.05225807083333333
3 0.3760258984375 0.39629037361111114 0.017147179687500014 0.08056452777777778
3 0.3049875828125 0.4006452125 0.009798388281250014 0.045725812499999956
1 0.466660990625 0.30919358888888887 0.10165827968750003 0.1654838902777778
1 0.67610154375 0.4137097305555556 0.03306955937499998 0.04354839166666662
1 0.6699775492187501 0.41588715 0.13472783984374992 0.10887098194444446
1 0.5230017250000001 0.37887101666666667 0.11268146640624996 0.15241937361111116
1 0.38337469140625 0.3766935972222222 0.12247985312500002 0.20250002638888892
1 0.22660047578125 0.36362907916666665 0.09798388359375002 0.16548389027777782
1 0.126166996875 0.4050000513888889 0.15677421406250003 0.18725808750000003
1 0.00123754453125 0.37887101666666667 0.21678934296875002 0.4050000513888889
