traffic light 0.5157714906249999 0.04863575277777778 0.005028973437500017 0.023245031944444446
traffic light 0.445365865625 0.041483437500000005 0.009052151562500032 0.01966887222222222
traffic light 0.47553970546875 0.06115230972222222 0.00804635703124994 0.028609272222222218
traffic sign 0.60025824375 0.034331118055555554 0.021121689062499983 0.01609271388888889
traffic sign 0.611321984375 0.003933768055555556 0.02212748203125008 0.016092713888888888
traffic light 0.6123277804687499 0.06115230972222222 0.016092714843750057 0.025033112499999996
traffic sign 0.2502416984375 0.045059595833333334 0.020115893750000023 0.017880791666666666
traffic light 0.7139130406249999 0.012874168055555555 0.01927553828125008 0.028609266666666668
car 0.43430212343749997 0.12373508888888889 0.017098510937500054 0.03754966805555555
car 0.3990993109375 0.11837085 0.04023178515624996 0.06794701666666667
car 0.38501818593750003 0.11658277222222221 0.020115893750000023 0.028609266666666678
truck 0.383006596875 0.08976158194444445 0.01911009921875002 0.04291390555555557
car 0.339757425 0.13625164722222222 0.015086920312500007 0.025033109722222217
car 0.28443871875000004 0.13088740694444445 0.060347681249999986 0.08225165416666667
car 0.16072597500000002 0.1326754847222222 0.0462665546875 0.051854304166666663
car 0.51375990234375 0.12194700972222222 0.022127482812499988 0.04112582638888889
car 0.49163241953125 0.12194700972222222 0.04023178671875005 0.051854304166666663
car 0.54493953671875 0.10585429722222221 0.027156455468750007 0.03397350833333333
person 0.55097430390625 0.11658277222222221 0.006034767187500023 0.04112582500000001
person 0.63344946640625 0.10585429722222221 0.011063742187499948 0.04827814305555557
person 0.6435074140625 0.09870197777777777 0.020115892968749983 0.08761589166666667
person 0.665634896875 0.10227813472222223 0.018104303906250063 0.08403973194444445
person 0.7048608890625 0.08976158194444445 0.027156456250000006 0.10728476111111111
car 0.43631371328124996 0.13446356666666667 0.09957367187499999 0.13052979722222222
car 0.33774583671874997 0.13982780416666665 0.08247516250000002 0.09834436666666665
car 0.54393374375 0.08976158194444445 0.11063741250000003 0.1966887347222222
car 0.692791353125 0.12328116805555554 0.30670563671875 0.2919108638888889
car 0.0001812703125 0.11479469305555556 0.2058054640625 0.21635760694444442
traffic sign 0.09434352734375 0.08082118472222223 0.012069536718749996 0.025033112499999986
motor 0.295502459375 0.14876820138888888 0.031179635156249975 0.08046356944444444
rider 0.29851984453124997 0.1130066125 0.027156456250000006 0.08582781388888888
drivable area 0 0 0 0
drivable area 0 0 0 0
lane 0 0 0 0
lane 0 0 0 0
lane 0 0 0 0
lane 0 0 0 0
lane 0 0 0 0
lane 0 0 0 0
lane 0 0 0 0
lane 0 0 0 0
lane 0 0 0 0
lane 0 0 0 0
lane 0 0 0 0
lane 0 0 0 0
lane 0 0 0 0
lane 0 0 0 0
lane 0 0 0 0
lane 0 0 0 0
lane 0 0 0 0