traffic light 0.431587578125 0.3909175819444445 0.005463132031249973 0.02185253749999995
traffic light 0.43841649453125 0.38848952500000006 0.005463135156250054 0.024280594444444383
traffic light 0.28135139374999996 0.38848952500000006 0.00409735078125002 0.01942447499999997
traffic light 0.28818031171874997 0.38848952500000006 0.004097352343750016 0.01942447499999997
traffic light 0.51080301875 0.4370507125 0.013657832031250016 0.021852537500000026
traffic sign 0.615968346875 0.38848952500000006 0.01502361875 0.016996411111111106
car 0.42066131015624997 0.4758996638888889 0.012292052343750016 0.021852536111111064
car 0.4288560125 0.4831838416666666 0.010926267968750025 0.01942447777777782
car 0.43705071171875 0.4758996638888889 0.015023617187500005 0.02913671111111111
car 0.44797698046875 0.48803995694444446 0.023218317968750048 0.024280594444444383
car 0.47529265078125 0.4710435458333333 0.03414458515624998 0.05341730694444446
car 0.48895048515625 0.4807557833333333 0.025949886718750027 0.04856118750000004
car 0.508071453125 0.4807557833333333 0.03141301875 0.05341730972222223
car 0.5189977195312501 0.4831838416666666 0.02731566874999993 0.06312955416666668
car 0.5326555539062501 0.44676294861111115 0.08058122656249997 0.11897491249999995
car 0.5872868921875 0.44433489027777784 0.1229205140625 0.14325551388888885
car 0.66513655078125 0.4491910111111111 0.20623330390624997 0.1893886486111111
car 0.33652905234374997 0.48561190138888893 0.008194697656250005 0.019424476388888855
car 0.32423699765624997 0.49046802361111114 0.012292054687500008 0.019424476388888855
car 0.302384465625 0.49046802361111114 0.023218315625000006 0.029136712499999995
car 0.2846292765625 0.48561190138888893 0.020486750781250018 0.031564786111111055
car 0.20350173749999997 0.5026083222222222 0.03687615625 0.041277012499999995
car 0.1857465515625 0.5001802555555556 0.023218319531249997 0.053417311111111115
car 0.14204147890625002 0.5001802555555556 0.053265557812499996 0.06070148750000005
car 0.11745737812499998 0.5001802555555556 0.03960772109375001 0.07284178611111117
car 0.27042512812499997 0.49289607916666667 0.02321831875 0.03399283472222226
car 0.346909003125 0.48803995694444446 0.0163894 0.026708655555555558
car 0.38788250625 0.4831838416666666 0.0163894 0.02185253888888891
car 0.8323084421875 0.4069427680555555 0.16662558359375002 0.3215484527777778
car 0 0.43607950277777774 0.13111521406249999 0.31564774027777776
drivable area 0 0 0 0
drivable area 0 0 0 0
lane 0 0 0 0
lane 0 0 0 0
lane 0 0 0 0
lane 0 0 0 0
lane 0 0 0 0