bus 0.0025503765625 0.31296426527777776 0.37873130703125 0.28495795972222226
traffic sign 0.0006375921875 0.171158775 0.00956392265625 0.04250632083333331
traffic sign 0.0006375921875 0.23576838055555555 0.018171451562500003 0.07481112361111113
traffic sign 0.17374457890625 0.22896736805555556 0.03538651015625001 0.10881617916666665
traffic sign 0.56490898359375 0.3105795041666667 0.012433098437500067 0.03230480277777777
traffic sign 0.56395259140625 0.34798506805555557 0.018171451562499996 0.017002524999999994
person 0.7070926265625 0.4193956833333334 0.049732393750000006 0.13091946111111108
person 0.69752870546875 0.45680124583333337 0.020084235156250064 0.06290934861111105
person 0.6994414890625 0.4670027583333333 0.014345882812499955 0.0374055625
person 0.6812700375 0.4585014944444445 0.018171451562499996 0.0663098583333333
person 0.6592730171875 0.4363982111111111 0.018171453124999994 0.08841314583333333
person 0.6477963109375 0.43299770416666666 0.01338949140625001 0.028904297222222177
person 0.63440682109375 0.4295971986111111 0.02486619609374996 0.10031491666666667
person 0.6143225859375 0.44489947361111115 0.021997021093750034 0.08501263888888885
person 0.58849999609375 0.4295971986111111 0.00956392187499997 0.09521415833333333
person 0.576066896875 0.4295971986111111 0.01338949062500001 0.09521415833333333
drivable area 0 0 0 0
lane 0 0 0 0
lane 0 0 0 0
lane 0 0 0 0
lane 0 0 0 0
lane 0 0 0 0
lane 0 0 0 0