3 0.359885365625 0.5363267861111111 0.01033163749999999 0.0596939055555556
3 0.3435269390625 0.5424492375 0.008609698437500013 0.05816329027777777
3 0.33405627265625004 0.531734948611111 0.00947066875 0.07193880694444449
3 0.07984418671875 0.5347961611111112 0.0335778234375 0.08877554999999997
3 0.041100546875 0.5409186111111112 0.03702170234375 0.12397964999999994
3 0.39647658125 0.5395410583333333 0.007748728125000026 0.021428583333333348
3 0.39992046015625 0.5456635097222222 0.012053576562500012 0.04591839027777777
0 0.43576908671875003 0.5295920749999999 0.011192607812499932 0.020323075000000065
0 0.43404714687499996 0.5035716541666667 0.010331635937500038 0.026020422222222173
0 0.84559070546875 0.38877568472222224 0.012914546093749913 0.04438777222222217
0 0.84504183359375 0.3153062638888889 0.03357782109375016 0.0719388069444444
0 0.308862146875 0.39336752361111116 0.03960460937499999 0.0214285805555555
0 0.52045622890625 0.4729593958333333 0.02324618359374995 0.016836743055555558
1 0.51529041015625 0.4928573638888889 0.013775516406249988 0.013775515277777749
1 0.5161513796875 0.5051022680555556 0.019802304687499994 0.019897968055555597
1 0.51529041015625 0.5142859458333333 0.019802303906249995 0.019897968055555517
1 0.54461120234375 0.5195686805555556 0.030994911718750018 0.0750000361111111
1 0.560969628125 0.5165074541666667 0.08007018828125005 0.10867351805555556
1 0.62391609765625 0.5382655555555556 0.1300064359375 0.1561225194444444
1 0.7091520953125 0.5346609152777777 0.28940438906249993 0.268474525
1 0.47118252421875007 0.5123965944444444 0.03529976015624996 0.019897968055555597
1 0.04930733515625 0.5445394666666666 0.20404983671875004 0.18979600138888889
1 0.44621440078125 0.5277027236111111 0.10589928281249997 0.14081639027777773
