traffic sign 0.6653134046875 0.41465254166666665 0.00994146406249996 0.03806646388888887
traffic sign 0.35712799921875 0.4676736875 0.00841200859375002 0.025830815277777773
car 0.8179531499999999 0.5312990861111111 0.014529834375000128 0.01903323055555551
car 0.80189386171875 0.5380966680555556 0.013000378125000012 0.014954683333333366
car 0.78201093125 0.5367371513888889 0.01682401718750004 0.016314194444444517
car 0.76977528359375 0.5367371513888889 0.013765106249999982 0.016314194444444517
car 0.7583043625 0.5380966680555556 0.013765106249999982 0.014954683333333366
car 0.7453039859375 0.5353776375 0.011470921093749985 0.017673711111111125
car 0.7323036093749999 0.5353776375 0.010706192968750017 0.017673711111111125
car 0.718538503125 0.5367371513888889 0.012235649999999954 0.01359516527777779
car 0.71012649609375 0.5367371513888889 0.00764728046875005 0.016314194444444517
car 0.69177302265625 0.5380966680555556 0.016059288281249983 0.013595166666666674
car 0.67418427734375 0.5380966680555556 0.017588745312500008 0.017673715277777783
car 0.6527718921875 0.5408157027777778 0.013765104687500074 0.01631419722222221
car 0.6390067875 0.5408157027777778 0.01147091953124999 0.017673713888888817
car 0.599240928125 0.5380966680555556 0.00917673593750008 0.017673715277777783
car 0.58318163828125 0.5367371513888889 0.017588745312500008 0.024471297222222275
car 0.51899545234375 0.5365558861111112 0.032118578125000054 0.042145011111111096
drivable area 0 0 0 0
lane 0 0 0 0
lane 0 0 0 0
lane 0 0 0 0
lane 0 0 0 0
lane 0 0 0 0
lane 0 0 0 0
lane 0 0 0 0