0 0.251606865625 0.47885736250000005 0.017578122656250007 0.03749999305555549
1 0.4841014921875 0.5343749319444444 0.011425778906250007 0.018749997222222228
1 0.47003899296874996 0.5390624319444445 0.014062499218750002 0.017187498611111116
1 0.45333977656249996 0.5359374319444444 0.011425778906250007 0.024999998611111116
1 0.437519465625 0.5406249319444445 0.011425780468750002 0.014062498611111115
1 0.41466790624999994 0.5453124333333333 0.02373046562500001 0.02499999722222223
1 0.40851556328124994 0.5453124333333333 0.00791015625 0.02343749722222223
1 0.38654291015625 0.5406249319444445 0.015820309374999963 0.02499999722222223
1 0.37687494140625 0.5406249319444445 0.0087890625 0.01875
1 0.36281244453125 0.5499999319444444 0.014062498437500005 0.018749997222222228
1 0.33556635468749996 0.5468749319444445 0.02021483984375001 0.02031249722222223
1 0.32238276171875 0.5546874305555556 0.024609371874999963 0.018749997222222228
1 0.3250194796875 0.5390624319444445 0.01669921875 0.017187498611111116
1 0.27316401875 0.5499999319444444 0.026367182031250012 0.028124994444444457
1 0.2503124578125 0.5515624291666666 0.023730466406250005 0.023437498611111114
1 0.56320304375 0.5281249333333333 0.009667967968750002 0.021875001388888884
1 0.5456249203125 0.5234374347222223 0.021093747656250005 0.031249995833333342
1 0.5139843 0.5281249333333333 0.048339839062500015 0.06874999166666669
1 0.5930858515625 0.5281249333333333 0.03339843437500001 0.04218749722222223
1 0.67570302890625 0.5187499361111111 0.018457029687500005 0.034374995833333345
1 0.688007715625 0.5265624347222222 0.017578123437500003 0.028124994444444457
1 0.7047069328125 0.5234374347222223 0.016699216406250005 0.02968749722222223
1 0.72052724375 0.5171874361111111 0.022851559375000007 0.04062499722222223
1 0.7424998953124999 0.5218749347222222 0.022851560156250006 0.03749999583333334
1 0.76271473671875 0.5124999361111111 0.0483398390625001 0.051562493055555575
