traffic light 0.37591343359375 0.014531231944444443 0.014501944531249977 0.06093745833333334
traffic light 0.72000499375 0.08953118194444444 0.015820302343749936 0.053906212499999995
traffic light 0.18343309765625 0.2606248125 0.014501942187500005 0.03046872916666664
traffic light 0.92039548203125 0.29343729166666666 0.014501942187500028 0.023437483333333335
traffic light 0.907211896875 0.2957810388888889 0.009228509374999838 0.02578123194444445
traffic light 0.203208475 0.2606248125 0.013183584374999979 0.03515622638888887
traffic light 0.39305209375 0.02859372361111111 0.01713866015625003 0.07031245138888889
traffic sign 0.203208475 0.20906234722222222 0.03164060390625001 0.02343748472222222
traffic sign 0.8913915953125 0.2395310763888889 0.030322244531249966 0.021093736111111108
traffic sign 0.90853025546875 0.2207810902777778 0.023730451562500043 0.021093734722222222
traffic sign 0.89930174609375 0.04734371111111111 0.035595678125000065 0.044531218055555565
traffic sign 0.7819678414062501 0.14343739444444445 0.06459956484374993 0.035156226388888906
person 0.08982964609375 0.3285935166666667 0.03295896171875 0.11718741805555552
person 0.1557475703125 0.3309372666666667 0.026367168750000003 0.1054686777777778
person 0.38909701874999997 0.34031225972222223 0.019775375781250038 0.12421866527777779
person 0.366684925 0.3496872527777778 0.021093735156250036 0.10546867777777777
person 0.5433449593749999 0.3356247611111111 0.036914037500000066 0.11718741944444441
person 0.6211281093750001 0.34031225972222223 0.026367168749999958 0.1218749152777778
person 0.8136084453124999 0.316874775 0.08305658359375005 0.33984351805555557
person 0.06741755234374999 0.32624976805555556 0.0250488109375 0.08906244027777777
person 0.2506693796875 0.32624976805555556 0.015820301562499983 0.08671869444444442
person 0.23484907734375 0.3332810138888889 0.015820302343750026 0.0914061875
person 0.22430221015625001 0.3332810138888889 0.01582030234374998 0.08671869027777777
person 0.8887548781250001 0.3567184972222222 0.06459956484375003 0.25781232361111117
person 0.83470218125 0.3496872527777778 0.08964837578125007 0.30234354027777777
person 0.8228369546875 0.3637497430555555 0.015820302343750113 0.08203119166666666
person 0.80437993671875 0.3614059958333333 0.018457017968749944 0.06796870277777782
person 0.79383306953125 0.3614059958333333 0.017138658593749946 0.06562495555555559
person 0.74505380546875 0.35203100277777777 0.02373045312500004 0.11249992222222222
bike 0.8017432187500001 0.41765595555555557 0.05141597968749991 0.12890616249999998
car 0.42337433906250005 0.3567184972222222 0.011865224999999934 0.032812477777777835
car 0.4115091125 0.3614059958333333 0.01713866015624994 0.03281247638888895
car 0.3825052265625 0.35203100277777777 0.03427731953125002 0.053906212499999974
car 0.353501340625 0.34734350416666665 0.023730451562499998 0.0726562
car 0.5314797328124999 0.35437475 0.03032224609375005 0.044531218055555516
car 0.51961450625 0.35203100277777777 0.015820302343749936 0.03515622361111114
car 0.57366720390625 0.3637497430555555 0.019775378124999944 0.03046872916666672
car 0.60794452421875 0.3637497430555555 0.025048810937499954 0.03984372222222221
truck 0.261216246875 0.3028122847222222 0.09887688515625004 0.14531239999999998
car 0.49192897890625 0.34734350416666665 0.031640603125000055 0.049218718055555596
car 0.461606734375 0.35203100277777777 0.026367169531249957 0.03984372222222225
car 0.92830563125 0.3707809888888889 0.07119135781250012 0.17812487638888888
person 0 0.24890607222222222 0.023911722656250002 0.1968748625
person 0.00018126953125 0.2887497944444445 0.08305658359375001 0.3187497805555556
person 0.72264171171875 0.3614059958333333 0.013183584374999936 0.04921871666666667
person 0.6606788625 0.3614059958333333 0.011865225781250021 0.04687496666666667
drivable area 0 0 0 0
drivable area 0 0 0 0
lane 0 0 0 0
lane 0 0 0 0
lane 0 0 0 0
lane 0 0 0 0
lane 0 0 0 0
lane 0 0 0 0
lane 0 0 0 0
lane 0 0 0 0
lane 0 0 0 0