1 0.36337748828125 0.36631199027777783 0.014691657031250038 0.03101571944444438
1 0.32297543046875 0.36304717638888884 0.03489268671875001 0.04244256527777779
1 0.27063640078125 0.3695768027777778 0.05233902812499998 0.04570737777777778
3 0.26995920390625 0.37708587361111107 0.01010051484375003 0.031015720833333343
3 0.25710400390625 0.3591294027777778 0.0064276 0.04244256527777779
3 0.64695762578125 0.3474693652777778 0.009182285937500012 0.058766627777777775
3 0.85775669765625 0.3131888236111111 0.0220374859375001 0.10937122638888894
3 0.8498715570312501 0.3051069416666667 0.015609885156250058 0.1110036333333333
3 0.596389465625 0.3501511652777778 0.009182285156250015 0.04733978611111114
1 0.51558535 0.3583132 0.008264057812499993 0.02775090694444447
1 0.5238494078125 0.36402662361111116 0.031219771875000024 0.03264812499999997
1 0.5486415796874999 0.34770255833333336 0.04866611562500003 0.07835550555555552
1 0.10513717421874999 0.3525997763888889 0.14967125859375 0.1518137916666667
1 0.9039960421875 0.35096737083333335 0.09549577343750001 0.41952843888888885
1 0.9122600999999999 0.5648126041666667 0.013773429687500106 0.008162031944444455
0 0.4913606296875 0.31235315416666665 0.007444857812500061 0.023823545833333327
0 0.4392466234375 0.317647275 0.008933829687499983 0.023823545833333327
0 0.46455914062500003 0.3335296388888889 0.005955885937499961 0.021176486111111083
1 0.50178343046875 0.36000024583333334 0.014889716406250031 0.021176484722222236
1 0.47795988515625 0.36000024583333334 0.014889715625000032 0.01588236388888886
1 0.46604811249999994 0.3573531847222222 0.011911772656250008 0.02382354583333337
1 0.4362686796875 0.36000024583333334 0.022334574218750004 0.029117666666666667
1 0.40648924765625 0.36264730694444447 0.02680148906249995 0.029117666666666667
1 0.3856436453125 0.3652943666666667 0.022334574218750004 0.029117666666666667
1 0.37224290078125 0.3679414277777778 0.01786765937500001 0.029117666666666667
