1 0.00086094453125 0.411081175 0.047353337499999995 0.10408168055555554
1 0.036160703125 0.4172036277777778 0.0688775828125 0.07653064722222219
1 0.092984709375 0.4294485291666667 0.05682400625 0.055102066666666616
1 0.1360331984375 0.4217954666666667 0.04563139687500002 0.05204084027777777
1 0.17822071718750002 0.4233260791666667 0.030994910937499974 0.04438777500000002
1 0.26173478515625004 0.4233260791666667 0.00947066875 0.019897968055555517
1 0.27723224140624997 0.42791791944444446 0.011192606250000025 0.019897966666666635
1 0.29875648515625 0.42638730694444443 0.020663275781250025 0.029081644444444443
1 0.28670290859374997 0.40648933472222226 0.011192607031250024 0.007653063888888864
1 0.323724609375 0.4217954666666667 0.012914546874999999 0.012244904166666654
1 0.33750012578125 0.4126117888888889 0.01205357812500001 0.016836744444444444
1 0.355580490625 0.3973056597222222 0.07146049140624995 0.10867351805555556
1 0.47353334921875 0.411081175 0.09470667578124994 0.11938780972222224
1 0.42618001171875 0.3728158527777778 0.06026788437500006 0.091836775
0 0.0941084921875 0.22271182222222222 0.047951495312499995 0.09959380555555558
0 0.73010234140625 0.1891423 0.02152424453125006 0.048979616666666656
3 0.8342397781249999 0.39088975694444444 0.008580507031249952 0.030508468055555543
3 0.58712118125 0.421398225 0.006864405468749979 0.027457622222222255
3 0.5502250015625 0.4244490722222223 0.007722456249999965 0.012203387499999963
