0 0.40183579687500004 0.4237498513888889 0.06328122812499996 0.06749997777777779
1 0.4155467296875 0.5474998083333333 0.020039054687500002 0.02624999027777777
1 0.3438280046875 0.498749825 0.02953123984374999 0.0599999791666667
1 0.13816401484375002 0.5306248138888889 0.020039054687500002 0.024374991666666623
1 0.009492184375 0.6168747847222222 0.046406234375 0.048749980555555475
1 0.15714838281250001 0.5118748208333334 0.01687499374999999 0.024374990277777817
1 0.16769525390625 0.5043748236111111 0.017929681250000006 0.024374991666666623
1 0.132890578125 0.5024998236111111 0.01265624609375 0.018749995833333345
0 0.1065234 0.4912498277777778 0.01265624609375 0.016874994444444427
0 0.36070299765625 0.41812485555555556 0.04218748750000003 0.050624981944444473
0 0.3237889484375 0.4068748569444445 0.027421865624999996 0.06562497916666664
0 0.70242162890625 0.5606248041666666 0.015820307031250015 0.016874990277777772
0 0.68449194765625 0.5549998055555555 0.011601558593750028 0.024374990277777817
1 0.9439449828124999 0.6356247777777777 0.014765618750000088 0.013124995833333328
