traffic light 0.435266103125 0.3390603333333333 0.01287077265624994 0.033281995833333355
traffic light 0.44579673203125003 0.40146407638888887 0.017551053906249958 0.03536212083333336
traffic light 0.41584293046875 0.3993839513888889 0.024571473437500036 0.0332819972222222
traffic sign 0.4223953296875 0.37442245138888886 0.03627217578125004 0.027041622222222214
person 0.40952455859375 0.4784286902777778 0.02340140234375001 0.11856710833333331
person 0.4340960328125 0.4950696888888889 0.02340140234375001 0.09152548749999999
bike 0.47621855703125 0.5345920597222222 0.03627217578125004 0.056163370833333365
bike 0.53823227734375 0.5553933055555555 0.05499329765625003 0.06656399305555559
car 0.00468028046875 0.46178769305555556 0.0070204210937500015 0.0395223708333333
car 0.012870771875000001 0.4493069444444444 0.00936056015625 0.05824349305555556
car 0.02340140234375 0.4451466944444445 0.03510210546875 0.0665639930555555
car 0.0292517546875 0.4576274430555556 0.025741542968749996 0.058243491666666675
car 0.050313017187499996 0.46178769305555556 0.042122526562500005 0.07072424027777775
car 0.07020420859375 0.4701081888888889 0.10577434296875002 0.12771966388888892
car 0.06552392968750001 0.47218831666666666 0.0421225265625 0.07904473888888891
car 0.61779704765625 0.5291837375 0.17785066484375003 0.11024660833333336
car 0.8237293984375 0.5354241111111111 0.14157848906249998 0.1060863625
drivable area 0 0 0 0
lane 0 0 0 0
lane 0 0 0 0
lane 0 0 0 0
lane 0 0 0 0
lane 0 0 0 0
lane 0 0 0 0
lane 0 0 0 0
lane 0 0 0 0
lane 0 0 0 0
lane 0 0 0 0