traffic light 0.5301613749999999 0.3192185236111111 0.007910150781250014 0.035156226388888906
traffic light 0.48270047031249996 0.316874775 0.010546867968750017 0.03984372222222221
traffic sign 0.5433449593749999 0.34031225972222223 0.015820302343750026 0.021093736111111108
person 0.85052248359375 0.44109343888888886 0.023730451562499866 0.10546867638888892
car 0.35086462265625 0.4645309236111111 0.02543612500000001 0.043762566666666676
car 0.3772317921875 0.45984342638888887 0.026367168750000003 0.0515624638888889
car 0.47874539453125 0.4692184208333333 0.015820302343750026 0.028124981944444412
car 0.48929226328125 0.4692184208333333 0.02768552734375005 0.03046872916666664
car 0.5117043570312501 0.4739059166666667 0.03164060234374997 0.0374999736111111
car 0.53411645 0.4504684319444444 0.04877926328125 0.0937499375
car 0.2638529640625 0.42937469722222227 0.08964837656250002 0.13359365833333334
car 0.10828666484375 0.4457809375 0.16479480859375 0.20624985833333337
bus 0.10433158828125 0.3426560069444444 0.19643541328125 0.14531239999999998
car 0.3811868671875 0.4457809375 0.10942375234374997 0.16640613611111116
car 0.54466331796875 0.3989059680555555 0.18720690156250006 0.26015607222222226
car 0 0.41531220555555554 0.16233936171875002 0.34453101388888896
traffic sign 0.7410987296875 0.3285935166666667 0.02241209375000004 0.03281247638888887
drivable area 0 0 0 0
drivable area 0 0 0 0
drivable area 0 0 0 0
lane 0 0 0 0
lane 0 0 0 0
lane 0 0 0 0
lane 0 0 0 0
lane 0 0 0 0
lane 0 0 0 0
lane 0 0 0 0
lane 0 0 0 0
lane 0 0 0 0
lane 0 0 0 0
lane 0 0 0 0