traffic sign 0.719408190625 0.2478178166666667 0.040941928906249994 0.07451864583333333
traffic sign 0.0828586671875 0.3569962958333333 0.028269427343750007 0.0623877027777778
car 0.776921853125 0.49216965 0.07895943593749992 0.06931966944444447
car 0 0.5320284597222222 0.03411827421875 0.046790776388888844
motor 0.40746967968750003 0.5164315347222223 0.05848847031249997 0.06758667638888885
motor 0.47668103671875006 0.5285624763888889 0.04191673749999998 0.048523769444444455
car 0.8588057125 0.49910161666666664 0.052639622656249864 0.05892171944444442
car 0.9094957203125 0.5008346083333333 0.03899231406249992 0.04852377083333334
car 0.94653841796875 0.4817717 0.032168659375 0.06238770138888883
car 0.9796818851562501 0.476572725 0.01949615703124987 0.06758667499999997
drivable area 0 0 0 0
lane 0 0 0 0
lane 0 0 0 0
lane 0 0 0 0
lane 0 0 0 0