car 0.47227224765625 0.5104261902777778 0.022793229687500017 0.025592399999999946
car 0.50346298515625 0.5082934902777778 0.014395726562499966 0.02345970138888889
car 0.43148436015625 0.5168242902777778 0.020393943749999987 0.02132699999999998
car 0.41229006015624997 0.5210896902777777 0.0167950109375 0.017061600000000017
car 0.38469825390625 0.5232223902777778 0.020393943749999987 0.027725099999999968
car 0.323516421875 0.5296204902777778 0.03478966953125 0.025592400000000026
traffic light 0.7002045609375 0.3504736902777778 0.020393943749999987 0.051184797222222245
traffic sign 0.6930066984375001 0.2438386902777778 0.02639216015625001 0.046919395833333315
car 0.05239693359374999 0.5488147902777778 0.08757399609375001 0.07677720277777778
car 0.129174134375 0.5381512902777777 0.08637435 0.08317530277777775
car 0.52625621796875 0.5061607902777777 0.013196081250000002 0.02985779999999999
car 0.5358533679687499 0.5082934902777778 0.020393943750000077 0.04265399999999996
car 0.54545051640625 0.49976269027777775 0.035989312500000016 0.06824639999999998
car 0.56104588515625 0.49123189027777775 0.09837078828125004 0.106635
person 0.77938105 0.46563949027777773 0.022793229687499927 0.0810426041666667
person 0.75778746171875 0.47417029027777774 0.02399287499999998 0.0767772
person 0.7361938734375 0.4784356902777778 0.02279323281250001 0.07037910000000001
traffic light 0.298835659375 0.12027010416666667 0.026599571093750017 0.053389820833333324
traffic light 0.21217253984375 0.38721920555555556 0.01630296171875001 0.03508474305555562
drivable area 0 0 0 0
drivable area 0 0 0 0
lane 0 0 0 0
lane 0 0 0 0
lane 0 0 0 0
lane 0 0 0 0
lane 0 0 0 0
lane 0 0 0 0
lane 0 0 0 0
lane 0 0 0 0