1 0.575674521875 0.23713422083333333 0.009360562500000036 0.016640995833333328
1 0.5862051539062499 0.24337459444444443 0.010530631250000066 0.014560875000000017
1 0.58854529296875 0.25377521805555553 0.010530631249999978 0.014560875000000017
1 0.6177970484374999 0.2766565916666667 0.023401403125000008 0.03328199444444443
1 0.62481746953125 0.2808168402777778 0.019891192187500017 0.037442244444444446
1 0.633007959375 0.2849770875 0.026911613281250003 0.04576274583333332
1 0.6411984515625 0.30161808749999997 0.02340140234375001 0.03744224583333333
1 0.55695339921875 0.24129447083333336 0.009360561718750039 0.012480747222222198
1 0.54642276796875 0.23921434583333334 0.009360560937499951 0.014560872222222207
1 0.55227311796875 0.2516950930555556 0.01287077187500003 0.01872112361111111
1 0.53355199609375 0.26001559305555555 0.010530631249999978 0.010400625
1 0.52770164453125 0.2558553416666667 0.009360561718749948 0.022881372222222238
1 0.5124907328125 0.24753484583333332 0.016380982812499934 0.03328199444444447
1 0.5078104515625 0.2516950930555556 0.014040842187499968 0.029121747222222223
1 0.50547031171875 0.26209571666666664 0.01287077187500003 0.02080125
1 0.50079003125 0.2704162166666667 0.015210911718749998 0.018721120833333337
1 0.47855869921874994 0.2745764652777778 0.019891192187500017 0.01872112499999999
1 0.45983757578124995 0.2766565916666667 0.019891192968750016 0.0166409986111111
1 0.47036820703125004 0.2808168402777778 0.03159189453124993 0.04784286944444444
1 0.45983757578124995 0.2953777138888889 0.02340140234375001 0.049922993055555566
1 0.43526610234375 0.28913733888888893 0.026911612500000005 0.016640999999999986
1 0.43292596171875 0.3057783375 0.03510210468750001 0.04992299166666668
1 0.51600094453125 0.2808168402777778 0.014040841406249971 0.012480748611111083
1 0.5101505921875 0.28913733888888893 0.01638098281250002 0.02080124722222219
1 0.4914294703125 0.3036982125 0.02340140234375001 0.05408324444444443
1 0.312408734375 0.2704162166666667 0.12636757890625003 0.08736523888888886
1 0.10486752031249999 0.21306419444444444 0.16849010390625002 0.13312798194444445
1 0.10369745078124999 0.2817083111111111 0.09828589453125 0.07072423888888892
1 0.505938340625 0.26583993194444444 0.12519750859374995 0.1747304805555555
1 0.8178790476562501 0.2991219375 0.14625877031249992 0.07904474027777779
0 0.25580657265625 0.12153870555555556 0.039782385937499984 0.022881373611111103
0 0.26750727421875 0.152740575 0.018721122656249988 0.024961497222222226
0 0.80339941015625 0.24426606527777778 0.028081684374999936 0.016640999999999986
0 0.8092497609375 0.2609070638888889 0.010530631249999978 0.03328199444444447
0 0.8864743921875 0.14858032777777777 0.037442245312499976 0.05616336805555555
0 0.9753997249999999 0.14650020277777778 0.011700701562500092 0.027041619444444442
0 0.9707194445312499 0.21306419444444444 0.016380982031250112 0.04576274583333336
0 0.72851491953125 0.22346481944444443 0.012870771093750033 0.04992299166666668
0 0.7402156203125 0.22762506805555557 0.011700703125 0.037442244444444446
0 0.936787409375 0.1610610763888889 0.01755105312499996 0.05200311805555553
0 0.9566786015625001 0.1631412 0.01638098281250002 0.047842868055555536
0 0.15635060781250001 0.10489770833333333 0.0163809828125 0.054083245833333335
0 0.17273159062500001 0.11737845555555557 0.009360561718749993 0.04992299444444443
0 0.26282699374999996 0.21306419444444444 0.009360561718750039 0.029121745833333337
3 0.07795590703125001 0.2463461902777778 0.022231333593749993 0.10192611249999999
3 0.691072675 0.2900288097222222 0.012870771093749945 0.06240374027777781
3 0.8513722874999999 0.26714743611111114 0.03276196406250005 0.11024661250000002
3 0.67703183203125 0.2796281861111111 0.011700702343750003 0.02704162083333333
3 0.6594807796875 0.2629871875 0.025741543749999974 0.11024661250000002
3 0.056894643749999994 0.2297051916666667 0.0245714734375 0.1414484833333333
0 0.98667133515625 0.13968436944444443 0.012053576562500012 0.05969390555555556
