traffic sign 0.23714695156249999 0.21820240555555553 0.06079587968750002 0.03670694583333333
traffic sign 0.6971308734375 0.30181267222222224 0.06309006406249998 0.02447129583333331
traffic sign 0.7946337 0.36910874027777774 0.02294184218749997 0.01835347222222228
traffic sign 0.7774273203125001 0.4037764125 0.03326566953124992 0.01631419861111109
traffic sign 0.7198432828125 0.4445619069444444 0.017206381250000024 0.03262839861111115
traffic sign 0.27821283359375004 0.3874622125 0.029824394531249965 0.01835347361111109
traffic light 0.403475303125 0.3222054180555555 0.008029643749999949 0.040785498611111096
traffic light 0.67533612421875 0.2589879 0.01491219687499994 0.06321751805555556
traffic light 0.8061046210937499 0.4364048083333333 0.014912196875000028 0.02651057222222227
traffic light 0.57606965546875 0.44415405972222227 0.005735459375000041 0.0224320222222222
traffic light 0.65843085078125 0.26918427361111114 0.014912196875000028 0.05098187083333331
traffic light 0.79447597890625 0.4425226305555555 0.008029644531250036 0.024471297222222275
traffic light 0.75547484765625 0.4343655347222222 0.01835347265625007 0.02651057222222227
car 0.14109232578125 0.4914652291666667 0.040148221875 0.04078549444444448
car 0.18124054765625 0.48330812638888887 0.13420977265625 0.09176736666666664
car 0.2730079140625 0.4894259527777778 0.032118578125000005 0.03874622083333337
car 0.31659741328125 0.49350450277777774 0.0435894984375 0.032628397222222265
person 0.3223328734375 0.5098186986111111 0.017206381250000024 0.03262839861111115
person 0.7297799921875 0.5016616013888888 0.008029643750000037 0.028549845833333382
person 0.71716197890625 0.5098186986111111 0.00573546015624995 0.020392748611111164
person 0.8206296640625 0.4894259527777778 0.012618012499999942 0.05098186805555558
truck 0.6435186539062501 0.4812688527777778 0.016059288281249983 0.0224320222222222
truck 0.61942972109375 0.4812688527777778 0.020647657031249978 0.036706948611111144
car 0.6554484046875 0.48738667916666667 0.013765105468749983 0.02651057222222219
car 0.6634780484375 0.49758305138888886 0.01950056562500002 0.03466767222222226
car 0.8252180328125001 0.4445619069444444 0.17321090312499993 0.19780965694444447
car 0.62218273515625 0.5057401513888888 0.01491219687499994 0.022432022222222278
car 0.64283039140625 0.5016616013888888 0.018353474218749978 0.0203927472222222
car 0.6749489703125 0.5016616013888888 0.03670694609375005 0.04894259583333335
person 0.80915874296875 0.48738667916666667 0.012618012499999942 0.05098186805555558
drivable area 0 0 0 0
drivable area 0 0 0 0
lane 0 0 0 0
lane 0 0 0 0
lane 0 0 0 0
lane 0 0 0 0
lane 0 0 0 0
lane 0 0 0 0
lane 0 0 0 0
lane 0 0 0 0
lane 0 0 0 0
lane 0 0 0 0
lane 0 0 0 0
lane 0 0 0 0
lane 0 0 0 0
lane 0 0 0 0
lane 0 0 0 0
lane 0 0 0 0
lane 0 0 0 0
lane 0 0 0 0