0 0.52237147578125 0.2949106152777778 0.01687499531250003 0.02437499305555555
0 0.48018399140624995 0.2892856138888889 0.04007811015625 0.026249991666666656
0 0.62332009453125 0.26324990972222223 0.013710933593749974 0.02437499305555555
0 0.6254294687499999 0.2932499 0.008437496093749974 0.01499999305555555
0 0.5663669890625 0.3176248930555555 0.008437496093749974 0.018749993055555574
0 0.26894521796875004 0.227624925 0.014765620312499995 0.03187498749999998
1 0.31429676484375 0.3656248736111111 0.01898436874999998 0.1158749569444444
1 0.19300774609375 0.3393748819444445 0.13183588984375 0.15562494583333333
1 0.5073045109375001 0.34312488194444446 0.01898436874999998 0.04874998333333333
1 0.51890606875 0.36749987222222225 0.04113279765625002 0.06749997638888883
1 0.54738262109375 0.34124988055555555 0.08943748671874996 0.12524995416666668
1 0.62753884375 0.3599998736111111 0.06328122812499996 0.11624995972222223
1 0.3272136875 0.29150380277777777 0.19933586874999998 0.30937489305555554
1 0.16162780937500001 0.3458787847222222 0.06328122890625001 0.05812498055555552
1 0.11733095 0.3402537888888889 0.05273435625 0.09249605833333328
1 0.054049721875 0.3440037888888889 0.07567679609375001 0.09999605694444445
1 0.00131536640625 0.33650379027777777 0.0664452890625 0.1162499569444445
