3 0.74637216328125 0.41531220555555554 0.014501943750000024 0.0703124541666667
1 0.31395058671875 0.41765595555555557 0.02900388515625001 0.04218747083333333
1 0.2849466984375 0.41999970416666665 0.030322246093750005 0.04453121944444444
1 0.25857953046875004 0.41765595555555557 0.032958962499999966 0.046874968055555556
1 0.22430221015625001 0.4106247111111111 0.038232396093749975 0.060937456944444475
1 0.18738817265625002 0.41296845972222224 0.04614254687500001 0.05624996111111113
1 0.05950740078125 0.4082809625 0.06459956484375001 0.046874968055555556
1 0.06346247656250001 0.41531220555555554 0.13579092265625 0.11015617638888892
1 0.34031775546875 0.4223434527777778 0.04746090468750004 0.0515624638888889
1 0.43260284765624996 0.41765595555555557 0.035595678125000065 0.046874968055555556
1 0.461606734375 0.4223434527777778 0.015820302343750026 0.03281247777777775
1 0.47742703671875003 0.41999970416666665 0.015820301562499937 0.025781230555555527
1 0.6000343734375 0.3989059680555555 0.01713866015625003 0.021093736111111146
1 0.7542823140625 0.4387496916666667 0.05141598046875 0.035156224999999985
1 0 0.4082809625 0.06873591171875 0.10312493055555558
1 0.602671090625 0.41765595555555557 0.06987299843750003 0.10312493055555558
1 0.8228369546875 0.43640594444444447 0.12524405468750005 0.1265624111111111
1 0.38589789765625004 0.4251181902777778 0.014395725000000015 0.023459700000000003
