1 0.40343652109374994 0.2618060583333333 0.27261792968750004 0.4619436902777778
1 0.22615876328125 0.3703323069444444 0.143768875 0.1522658513888889
3 0.391340021875 0.33226584305555557 0.01147092109375003 0.05438066111111116
3 0.373751278125 0.3507552666666667 0.011470920312499988 0.04894259583333335
3 0.3638098140625 0.3439576819444444 0.012235647656250005 0.04486404444444444
3 0.25904206875 0.3398791347222222 0.013000376562500016 0.03806646111111114
3 0.030388383593750002 0.35211478194444445 0.02141238515625 0.08021147638888888
3 0.0059170859375 0.34123865 0.037471674999999996 0.16178246527777781
1 0.39745784765625 0.2936555722222222 0.04282477031249998 0.10740180694444443
1 0.46328616484375 0.26438348055555555 0.06806079609374996 0.04350452916666667
1 0.6313177671875 0.2779786444444444 0.09023790937500005 0.12371600555555556
1 0.6637032921875 0.3616579513888889 0.21794749531249993 0.23383684305555555
1 0.11432684453125 0.34123865 0.07647280390625 0.10604229027777781
0 0.9502731046875 0.27326282222222226 0.022843339062499978 0.04214501249999998
0 0.96271196171875 0.22706581666666667 0.032883305468750026 0.06253775972222222
0 0.6690563890625 0.2311443638888889 0.03288330390625003 0.055740174999999996
0 0.98641853125 0.14957337083333333 0.013000376562500016 0.047583076388888895
0 0.07694658203125 0.05712624861111111 0.03153548515625 0.14380384166666668
0 0.21710211171875 0.26649179444444443 0.03135385078125004 0.04758307777777778
0 0.2522796015625 0.23519635833333333 0.04511895546875002 0.08023803055555558
0 0.25962517421875 0.23927490972222223 0.032118578125000005 0.06933534444444445
0 0.61445898828125 0.14138971944444442 0.010706193750000014 0.04486404583333334
0 0.6052822515625 0.14003020277777778 0.00994146406249996 0.04758308055555553
0 0.74045317421875 0.16586101944444445 0.06671728359375004 0.11827793750000001
0 0.75180594921875 0.2827794402777778 0.034058322656249994 0.042386444444444435
0 0.7997398859375 0.27583037222222223 0.010091354687500064 0.03812289305555553
1 0.77745482265625 0.3857140138888889 0.22200980859375008 0.4798999944444444
0 0.40183579687500004 0.1818749361111111 0.01160155859374994 0.03749998750000003
0 0.39550767421875 0.18562493472222225 0.01054687109375001 0.0356249875
0 0.41027329375 0.18749993472222223 0.007382810156250042 0.03374998750000001
1 0 0.4949998263888889 0.10863277421874999 0.3393748819444444
