traffic light 0.08879789453125 0.3340978236111111 0.021433975781249993 0.03402218194444444
traffic light 0.8715207156250001 0.12724295972222222 0.01760647890624991 0.077570575
traffic light 0.1148248640625 0.34056204027777776 0.014544482812499981 0.028578630555555526
car 0.16994079921875 0.41677172916666666 0.026026967187499993 0.02585685555555557
car 0.1377898375 0.41541083749999996 0.02066847421875 0.02313508194444446
car 0.12554185 0.41541083749999996 0.029088966406250007 0.0299395180555556
car 0 0.39499752916666664 0.08894744609375001 0.05023806111111111
car 0.75886477265625 0.43865933611111113 0.18371978281250004 0.14697582499999998
traffic light 0.8400076765625 0.32298391666666665 0.016840980468749933 0.039465730555555585
car 0 0.4039708791666667 0.0659721078125 0.2463205944444444
car 0.25428488515625 0.18486803055555556 0.40571451796874997 0.5470766833333333
car 0.91727668203125 0.42574507916666665 0.08114290390624994 0.20141131666666673
person 0.23443409765625 0.4099672902777778 0.018371978124999976 0.08029235000000001
traffic light 0.26945567890625 0.39710691111111107 0.008420489843749967 0.02313508472222223
lane 0 0 0 0
lane 0 0 0 0
lane 0 0 0 0
lane 0 0 0 0
lane 0 0 0 0
lane 0 0 0 0
lane 0 0 0 0
lane 0 0 0 0
lane 0 0 0 0
lane 0 0 0 0
lane 0 0 0 0
lane 0 0 0 0