traffic sign 0.35520545703125 0.07508691249999999 0.082712928125 0.09698726388888888
traffic sign 0.37632365156250003 0.4562572805555556 0.026397741406249998 0.04692931805555555
traffic sign 0.37456380234375 0.5047509125 0.029037517187500007 0.05475087361111114
car 0.149807190625 0.3934241388888889 0.06071480859375 0.08916570833333337
car 0.158936396875 0.38370306944444443 0.35636953046875003 0.2549826416666666
car 0.78115320859375 0.4380069930555555 0.06335458281249995 0.020336038888888908
car 0.89026387890625 0.4364426819444444 0.02815759218749996 0.023464661111111142
car 0.906102525 0.420799575 0.09327202421875 0.08447277777777779
car 0.97033703203125 0.47242182777777775 0.02903751718750005 0.1845886625
traffic sign 0.83768837421875 0.21743918611111113 0.07655345468749992 0.11106605833333331
drivable area 0 0 0 0
lane 0 0 0 0
lane 0 0 0 0
lane 0 0 0 0
lane 0 0 0 0
lane 0 0 0 0
lane 0 0 0 0