0 0.274331028125 0.23388609583333334 0.016795012499999994 0.061848298611111116
0 0.86095682421875 0.4236963972222222 0.019194301562500016 0.034123200000000034
0 0.292325684375 0.24454959583333333 0.017994656250000008 0.05545020000000002
0 0.26593352265625 0.24028419583333332 0.010796793750000023 0.0575829
3 0.060794440625 0.4862556027777778 0.0359893125 0.1770141013888889
0 0.17596023984375 0.4350708013888889 0.025192519531249992 0.031990502777777784
0 0.84536145546875 0.4222746 0.01319608203125 0.0383886
3 0.6978052734375 0.4905210013888889 0.017994657812500047 0.0682463986111111
3 0.66901382265625 0.4905210013888889 0.013196082812500088 0.05331749861111111
3 0.55504766640625 0.4905210013888889 0.021593587500000046 0.106635
3 0.6534184546875 0.4862556027777778 0.013196081250000002 0.04052129999999994
0 0.85615824921875 0.3028434013888889 0.03718895703125007 0.021326998611111137
0 0.8393632375 0.3668244013888889 0.016795011718749996 0.021326998611111096
0 0.8393632375 0.3199050013888889 0.014395725000000147 0.02132700416666664
0 0.0416001390625 0.3753552013888889 0.0179946578125 0.029857798611111104
1 0.5034004921874999 0.4643192569444444 0.017994657812500047 0.023459702777777775
1 0.4998015609375 0.47924815694444445 0.015595367187500032 0.025592400000000026
1 0.48300654765625 0.48351355833333337 0.02279323125000001 0.03412319999999996
1 0.4890047671875 0.4941770597222222 0.00959715000000001 0.029857801388888876
1 0.4662115359375 0.48777895694444445 0.02879145000000003 0.0533175
1 0.467411178125 0.5069732611111112 0.019194303125000013 0.04478670138888887
1 0.4158264984375 0.49630975694444446 0.05758289921874997 0.08530800138888889
1 0.53699051796875 0.47071735972222223 0.013196080468750005 0.014928899999999995
1 0.5477873109375 0.4728500583333333 0.010796793749999978 0.023459698611111118
1 0.55138624140625 0.4771154583333333 0.0263921640625 0.03625590138888894
1 0.5669816109375 0.4856462597222222 0.02399287500000007 0.036255900000000056
1 0.5861759109375 0.5069732611111112 0.02279323125000001 0.05545019861111105
1 0.6029709234375 0.49630975694444446 0.06358111874999998 0.0938388013888889
1 0 0.5155040583333333 0.057133014843749996 0.07890990000000002
