0 0.38601548984375 0.3187498888888889 0.028476551562499973 0.06374997777777776
1 0.51328107578125 0.45374984166666665 0.015820307031250015 0.0356249875
1 0.5291013828125 0.4593748388888889 0.013710934374999973 0.020624993055555527
1 0.49429670625 0.45374984166666665 0.023203116406249967 0.04499998333333334
1 0.28371083750000003 0.4659373375 0.012656245312500003 0.018749993055555574
1 0.26683584374999997 0.46218733888888885 0.016874992968750037 0.02437498888888893
1 0.30164051953125004 0.46968733611111113 0.008437498437499968 0.011249995833333297
1 0.20566398984375 0.47531233333333334 0.021093742187499976 0.024374991666666703
1 0.14449213671875 0.48294625416666664 0.016874994531249986 0.018749995833333345
1 0.16347650546875 0.4773212569444445 0.01582030703124999 0.01874999444444446
1 0.11179683515625001 0.47919625555555556 0.02531249296875 0.033749990277777815
1 0.07382809921875 0.48857125416666664 0.03585936249999999 0.0318749888888889
1 0.006473139062499999 0.49537482777777775 0.05167966953125001 0.03749998750000003
1 0.60975417734375 0.43162484861111106 0.06222654062499995 0.08999997222222222
1 0.53170733125 0.44849984305555557 0.07066403750000001 0.09187496805555552
1 0.45155110859375 0.43162484861111106 0.049570293749999994 0.08999997222222222
1 0.6992575679687499 0.3693748708333333 0.29953114453125007 0.48749983194444446
1 0.7508255523437499 0.3679198763888889 0.10283201875000003 0.11718748472222226
