traffic light 0.5046556515625 0.5495670819444444 0.010762798437500009 0.021259848611111132
traffic light 0.471171390625 0.5516930666666666 0.011958664843750012 0.019133863888888904
traffic sign 0.37550207265625 0.5708269305555556 0.008371065625000007 0.02338583194444447
car 0.41855326640625 0.6069686722222223 0.015546264062499926 0.019133863888888904
car 0.39702766953125 0.6027167027777778 0.02272146328125002 0.02763780416666669
car 0.3766979390625 0.6133466263888889 0.021525597656250017 0.019133863888888828
car 0.35756407578125 0.6112206430555556 0.026309062500000025 0.03188977083333329
car 0.33962607890625 0.6112206430555556 0.022721464062499974 0.03614174027777774
car 0.31810048203124996 0.623976551388889 0.025113196093750022 0.0255118180555555
car 0.26906995546875 0.6261025361111111 0.052618125781250004 0.040393712499999956
car 0.20529041640624998 0.6314174972222222 0.066171271875 0.059527577777777826
traffic sign 0.14430122734375 0.61015765 0.019133863281249996 0.021259847222222166
traffic sign 0.22482289687499998 0.6044883777777778 0.011958664843750012 0.023385833333333356
car 0.0944734515625 0.6278742111111111 0.10882384765625001 0.10417325833333327
car 0 0.6555120138888889 0.10045278359375001 0.1233071208333333
car 0.4743603921875 0.5910237861111111 0.019133863281250017 0.019133863888888904
car 0.49588597031250004 0.596693088888889 0.022721464843749928 0.02976379027777772
car 0.53375508125 0.5924411208333333 0.02032973046875002 0.02763780416666661
car 0.55209169453125 0.5888978027777778 0.021525596875000018 0.04677166388888886
car 0.5736172914062501 0.5846458319444444 0.019133861718750023 0.05527560555555553
car 0.5879676890625001 0.5740159069444444 0.03707186015624995 0.07866144027777777
car 0.6047098195312499 0.5803938597222222 0.045442925781250046 0.08929136250000001
car 0.6286271671875 0.5442521194444445 0.07175198828124998 0.1509449236111111
car 0.66848935859375 0.5314962111111111 0.16861717187499997 0.19984257500000002
car 0.79584913828125 0.5453151111111112 0.2032973007812499 0.3210237097222222
drivable area 0 0 0 0
drivable area 0 0 0 0
lane 0 0 0 0
lane 0 0 0 0
lane 0 0 0 0
lane 0 0 0 0
lane 0 0 0 0
lane 0 0 0 0
lane 0 0 0 0