0 0.1042048109375 0.07440946805555557 0.0944734515625 0.15519689444444446
1 0 0.30826780277777777 0.2728219828125 0.41669302916666673
3 0.190307196875 0.41881901388888887 0.03587599374999999 0.12755909027777781
1 0.23216252421875 0.38692924305555554 0.22960636328125 0.26787408611111113
0 0.1651940015625 0.37842530138888886 0.031092528125000008 0.051023637500000045
0 0.38044996640625 0.3486615138888889 0.014350397656250014 0.025511819444444465
0 0.29913104609375 0.34440954583333333 0.011958665625000009 0.03401575555555551
0 0.43306809140625 0.32527568055555556 0.014350398437499922 0.021259850000000018
0 0.5538506046875 0.3826772708333333 0.016742132031250013 0.017007877777777795
0 0.59211833203125 0.38055128611111105 0.017937998437500012 0.0297637902777778
0 0.581355534375 0.3614174236111111 0.03826772578125004 0.012755909722222233
0 0.66506618671875 0.32740166527777775 0.011958664062500013 0.023385833333333356
3 0.7487768406249999 0.44220484861111115 0.026309061718750026 0.09779530277777779
3 0.71290084609375 0.4464568180555556 0.28581208671875 0.29976386111111114
1 0.5957059328125001 0.45070878611111115 0.10643211484375001 0.14031499999999997
1 0.5753762015625 0.4549607555555556 0.04544292656250004 0.07866144305555554
1 0.56461340234375 0.4400788611111111 0.03228839531250003 0.044645681944444404
1 0.46655235234375 0.4209449986111111 0.06457678906249997 0.0616535597222222
1 0.45698542109374996 0.45283477083333334 0.14350397656250005 0.1870866680555555
0 0.58255140078125 0.30614181805555557 0.019133863281250017 0.038267727777777774
0 0.7176843125000001 0.3720473458333334 0.023917328906249934 0.027637802777777724
