0 0.5828341203125 0.29252721666666665 0.04132028671874997 0.021221283333333337
0 0.54335029140625 0.3104836875 0.08447702890624997 0.06529625555555553
0 0.64122962421875 0.416263625 0.017446342968750007 0.02285368888888889
0 0.6008275656250001 0.4151753541666667 0.04040205781249995 0.026118499999999992
0 0.3430239640625 0.42465885972222217 0.026628628906250017 0.026118500000000072
1 0.09525474140625 0.45087063472222216 0.045911429687500005 0.04244256527777779
1 0.26221984765625 0.4547417763888889 0.029383315624999982 0.029383315277777752
1 0.21630841953125 0.4514769652777778 0.05417548671875001 0.031015723611111115
1 0.411672478125 0.4527207027777778 0.02479217187499998 0.02285368888888889
1 0.37218864765625004 0.4543531083333333 0.025710400781249997 0.024486095833333367
1 0.33729596328125 0.4576179208333333 0.027546857812499992 0.02285368888888889
1 0.5138144812500001 0.43771811527777776 0.018364571093749938 0.03008291388888888
1 0.48718585234375 0.4547417763888889 0.011018743749999959 0.017956472222222193
1 0.48810408046875003 0.4629038083333334 0.03121977343750002 0.035912941666666615
1 0.51565093828125 0.4694334361111111 0.017446342968750007 0.02775090972222224
1 0.5790087109375001 0.46127140555555557 0.011018743749999959 0.021221283333333375
1 0.56339882578125 0.4563741847222222 0.019282799218750046 0.0359129416666667
1 0.612064940625 0.4661686222222222 0.0128552 0.01795646944444442
1 0.42085476406250005 0.45979447222222225 0.030301542968749918 0.04407497222222219
1 0.63425491953125 0.42311973194444447 0.09274108828124997 0.12406288472222218
1 0.000677196875 0.4084280763888889 0.0954957734375 0.09141475833333333
1 0.5282875085937501 0.4565296486111111 0.045911428906249975 0.06366384861111109
1 0.44931985078125003 0.44510280555555554 0.046829657812499995 0.06692866250000004
