traffic sign 0.28028738203125003 0.34964056944444444 0.04414967890625001 0.02670865416666671
traffic sign 0.4442719015625 0.42607943472222226 0.02018270937499995 0.01569766250000002
traffic sign 0.4758073859375 0.4305644805555555 0.010091354687499976 0.0224252333333334
traffic light 0.3988608125 0.3161957902777778 0.010091354687499976 0.031395326388888894
traffic light 0.4190435234375 0.3161957902777778 0.007568517968749955 0.031395326388888894
traffic light 0.329735028125 0.34310607083333333 0.0138756125 0.033637851388888904
traffic light 0.4079430390625 0.3139532666666667 0.01009135312499998 0.04260794444444439
traffic light 0.42257549140624995 0.4148668194444445 0.01135277343750003 0.026910277777777797
car 0.46521146953125003 0.45971728333333334 0.027751227343749997 0.05157803750000001
car 0.33578984375 0.4574747611111111 0.021021089062499998 0.0499896763888889
car 0.336798971875 0.44177709722222225 0.15893884296875 0.23770747222222216
car 0.13623329296875 0.5090527958333333 0.04793393593749999 0.02691028194444445
car 0.8226977328125 0.37674391944444446 0.17659871249999987 0.44626214305555545
car 0.61514887734375 0.46133130694444446 0.042339287499999934 0.0364208930555555
drivable area 0 0 0 0
lane 0 0 0 0
lane 0 0 0 0
lane 0 0 0 0