traffic light 0.58746073203125 0.22499992083333334 0.008437496093749974 0.039374987499999986
traffic light 0.65179664609375 0.3149998916666667 0.007382810937499951 0.03374998749999997
traffic light 0.7857419125 0.23812491666666666 0.01160155781250003 0.052499983333333354
traffic light 0.1001952765625 0.37687486666666664 0.011601558593750005 0.018749993055555574
traffic light 0.10335933984375001 0.3318748847222222 0.009492182031249996 0.028124988888888876
traffic light 0.49675763906250003 0.21187492638888888 0.00632812421875002 0.03562498888888888
traffic light 0.22042961015625 0.2026065 0.01431317421874998 0.05801840694444446
traffic light 0.19933586796875 0.21374992361111111 0.01687499375000001 0.039374987499999986
traffic light 0.76886691875 0.23062491944444444 0.01792968124999996 0.0599999791666667
traffic light 0.37441393046875 0.2699999055555556 0.009492185156250032 0.02812499027777776
traffic sign 0.76570285703125 0.2943748972222222 0.015820307031250015 0.02812499027777776
traffic sign 0.54632793359375 0.23624991527777778 0.03164061328125003 0.013124997222222214
traffic sign 0.365976434375 0.3506248763888889 0.015820307031250015 0.0318749888888889
traffic sign 0.20777336484375 0.26624990694444445 0.027421866406249995 0.06562497777777779
car 0.22253898515624998 0.39468736388888886 0.01687499374999999 0.02437498750000005
car 0.28582021171875 0.3965623611111111 0.017929681250000006 0.018749991666666688
car 0.30480458046875 0.3965623611111111 0.013710932031250022 0.018749991666666688
car 0.5125779453125 0.3928123611111111 0.01160155859374994 0.014999994444444395
car 0.48832014140625 0.39843736250000006 0.01792968124999996 0.02999998888888887
car 0.4957029515625 0.4040623583333333 0.03269530078125005 0.04312498611111116
car 0.55687480546875 0.38718736388888886 0.01371093124999998 0.011249998611111147
car 0.59167948125 0.40218735833333336 0.03480467499999999 0.06937497638888886
bus 0.526288878125 0.36187487361111115 0.03269530156249996 0.0393749861111111
car 0.14343745000000002 0.3956248625 0.06222654062499999 0.050624984722222245
car 0.32273426171874997 0.39374986250000005 0.02953124062499999 0.02624999027777777
car 0.348046753125 0.38999986388888885 0.10652339999999998 0.1349999527777778
car 0.5146873203125 0.3956248625 0.09281246718750005 0.12937495416666667
car 0.75726536015625 0.3731248708333333 0.24152335390625002 0.3262498861111111
traffic sign 0.3248436359375 0.2887498986111111 0.016874993750000032 0.04687498194444445
drivable area 0 0 0 0
drivable area 0 0 0 0
drivable area 0 0 0 0
lane 0 0 0 0
lane 0 0 0 0
lane 0 0 0 0
lane 0 0 0 0
lane 0 0 0 0
lane 0 0 0 0
lane 0 0 0 0
lane 0 0 0 0
lane 0 0 0 0
lane 0 0 0 0
lane 0 0 0 0
lane 0 0 0 0
lane 0 0 0 0
lane 0 0 0 0
lane 0 0 0 0
lane 0 0 0 0