car 0 0.2992888888888889 0.102781971875 0.17914680138888892
car 0.17955917187499998 0.33767749027777777 0.13555974375000002 0.1236966
car 0.309120696875 0.3568717902777778 0.043187175 0.06824639999999998
car 0.44588008515625 0.3184831902777778 0.08637435 0.08957340000000001
car 0.6174291421875 0.32914669027777776 0.053983969531249974 0.05545020000000002
car 0.7229977921875 0.3206158902777778 0.05158468281249995 0.059715599999999945
car 0.86815468671875 0.32488129027777773 0.028791450781250026 0.036255900000000015
car 0.9641261867187501 0.32914669027777776 0.035873813281249944 0.031990498611111126
traffic sign 0.78297998125 0.3227485902777778 0.008397506249999954 0.0191943
drivable area 0 0 0 0
drivable area 0 0 0 0
lane 0 0 0 0
lane 0 0 0 0
lane 0 0 0 0
lane 0 0 0 0