0 0.251537796875 0.3419428888888889 0.020393945312499984 0.03412319999999999
0 0.49986405312500004 0.2971561888888889 0.022793232812499918 0.051184802777777746
0 0.48066975390625 0.2971561888888889 0.00959715000000001 0.05545020277777775
0 0.17715988359374998 0.33767749027777777 0.007197863281250006 0.017061600000000017
0 0.0535965765625 0.3419428888888889 0.007197863281250006 0.025592401388888873
1 0.069191946875 0.3824641888888889 0.021593586718750002 0.049254256944444484
1 0.151967365625 0.38459689027777777 0.023992875000000004 0.047121555555555576
1 0.17955917265625002 0.3781987902777778 0.02159358671874998 0.0533175
1 0.18315810390625 0.39739309027777775 0.01079679375 0.0383886
1 0.191555609375 0.39739309027777775 0.015595368750000005 0.05118480000000005
1 0.19875347265625 0.4037911916666666 0.03119073671875001 0.06398100000000002
1 0.210749909375 0.4165873888888889 0.04078788750000002 0.08317529999999998
1 0.23484907812500003 0.4101892916666667 0.10786164296874996 0.14574781944444443
1 0.12197627265625 0.3867295916666667 0.03359002500000001 0.061848298611111116
1 0.08838624687499999 0.3696679916666667 0.0359893140625 0.06398100000000002
1 0.02360548515625 0.38459689027777777 0.04678610546875 0.07037910138888889
1 0.006810471093749999 0.40592389027777775 0.015595369531250004 0.042654000000000046
1 0 0.4037911916666666 0.01040940234375 0.04691940000000001
3 0.88854863046875 0.38459689027777777 0.08757399374999988 0.319905
1 0.89574649296875 0.40593721388888887 0.10375049687499996 0.14927567638888892
0 0.6402223734375 0.39312769166666667 0.013196081250000002 0.038388598611111116
1 0.2755306734375 0.4574996777777778 0.36589134375 0.3792296152777779
