car 0.40760005 0.5580815388888889 0.006882552343749992 0.0149546819444444
car 0.394599675 0.5567220194444444 0.01147091953124999 0.013595166666666674
car 0.37395201718750004 0.5512839527777778 0.01911820234374999 0.01903323333333336
car 0.36324582421875 0.5526434708333333 0.012235647656250005 0.01631419861111109
car 0.35406908671875004 0.5472054055555555 0.012235647656250005 0.023111780555555583
car 0.3127737734375 0.5336102402777777 0.04588368281249999 0.04350452777777779
car 0.29594975625000003 0.5458458875 0.01758874374999997 0.02990936388888896
car 0.26459590624999996 0.5472054055555555 0.033648035156250033 0.03126887916666669
car 0.49554377578125 0.5567220194444444 0.01529456171875001 0.025830815277777773
car 0.48177867109375 0.5594410541666667 0.017588746093750007 0.03126887916666669
car 0.5620751171875 0.5458458875 0.02523602656250006 0.05302114305555558
car 0.5116030648437501 0.5336102402777777 0.05582514765625 0.08836857361111114
car 0.6775490515625 0.5553625055555556 0.0535309640625 0.10060422361111113
car 0.41448260390625 0.5268126569444445 0.07264916406250004 0.12371600416666663
car 0.5605456617187501 0.5431268569444444 0.14835724062499994 0.1604229513888889
car 0 0.4846676430555556 0.10476774375 0.11283987222222222
drivable area 0 0 0 0
drivable area 0 0 0 0
drivable area 0 0 0 0
lane 0 0 0 0
lane 0 0 0 0
lane 0 0 0 0
lane 0 0 0 0
lane 0 0 0 0
lane 0 0 0 0
lane 0 0 0 0
lane 0 0 0 0
lane 0 0 0 0