bus 0 0.31540449444444446 0.2758706203125 0.6827987416666667
car 0.7077104960937499 0.5684212861111111 0.25637446328125 0.40552006388888884
car 0.5907335546875 0.5840182111111111 0.18326387578125 0.2703467111111111
car 0.53321989140625 0.6065471041666667 0.10138001640624994 0.19236208194444443
car 0.48545430703125003 0.6620028388888889 0.05069000781249997 0.08664958611111118
truck 0.33825832265625 0.6342749722222222 0.061412894531249984 0.14557130416666672
bus 0.41429333437500004 0.615212061111111 0.05166481484374996 0.12997437916666665
car 0.46595815078124997 0.6862647222222222 0.010722886718750057 0.0415918013888889
car 0.45426045625 0.8543649222222223 0.007798461718750005 0.0017329902777777622
car 0.39479717734375 0.6914636986111111 0.018521349218750018 0.05198974999999998
truck 0.25989788828125 0.6787495361111111 0.04350582968750003 0.11249992222222226
drivable area 0 0 0 0
drivable area 0 0 0 0
lane 0 0 0 0
lane 0 0 0 0
lane 0 0 0 0