traffic sign 0.27578533203125 0.32033897083333335 0.014040832031249995 0.026001537499999984
traffic sign 0.5993095046875 0.4326656222222222 0.019891178124999964 0.011440679166666632
traffic light 0.31498265859374996 0.3758782680555556 0.007020416406249996 0.03016178749999996
traffic light 0.3067921734375 0.3748382069444445 0.007605450000000014 0.03224190972222224
traffic light 0.45012566171875 0.40604005555555556 0.006435380468750029 0.02704160277777782
traffic light 0.45773111171875 0.40604005555555556 0.00702041484375 0.026001537500000026
traffic sign 0.5845645546875 0.4640160611111111 0.017551038281249997 0.011440679166666632
car 0.37992151328125 0.4877888861111111 0.008190484375000029 0.011440677777777826
car 0.40332289765624996 0.4877888861111111 0.009360554687500055 0.0124807375
car 0.41385352265625003 0.4877888861111111 0.015795935156249996 0.01872110833333333
car 0.39279227421875 0.49818950277777774 0.02106124687500004 0.02704160277777782
car 0.4226290421875 0.5065099944444444 0.015795935937499995 0.018721108333333406
car 0.42613925078125003 0.5189907347222222 0.021061246874999995 0.03224190833333328
car 0.43257463124999995 0.5262711638888888 0.019306142968749995 0.03536209444444446
car 0.4470834828125 0.5314714736111111 0.022231316406250024 0.034322029166666664
car 0.38740995 0.5189907347222222 0.01813607500000005 0.029121723611111053
car 0.39150519140625 0.5314714736111111 0.02164628203125001 0.03120184583333333
car 0.3593282859375 0.5283512875 0.010530623437499997 0.034322029166666664
car 0.37535823281249997 0.48882895 0.005265310937500001 0.00832049166666672
car 0.36775278125 0.4857087652777778 0.007020416406249996 0.014560861111111163
car 0.35371194921875004 0.48050845555555555 0.013455796093749983 0.021841294444444437
car 0.34435139531250003 0.4961093791666667 0.015795935937499995 0.016640984722222245
car 0.3390860828125 0.5013096874999999 0.010530623437499997 0.021841294444444437
car 0.34610649921875003 0.5304314111111111 0.014625865625000012 0.03536209444444446
car 0.27452750703125 0.4945492875 0.07371436640624998 0.09776579027777778
car 0.67747011875 0.4961093791666667 0.32176905546875006 0.27457625972222216
drivable area 0 0 0 0
lane 0 0 0 0
lane 0 0 0 0
lane 0 0 0 0
lane 0 0 0 0
lane 0 0 0 0
lane 0 0 0 0
lane 0 0 0 0
lane 0 0 0 0
lane 0 0 0 0
lane 0 0 0 0
lane 0 0 0 0