car 0.00088813125 0.47913356527777773 0.29753276796875 0.41052614444444446
car 0.38190770625 0.5138703916666666 0.04440787734375 0.05052629861111113
car 0.453848465625 0.5059756583333334 0.031973671093750065 0.03947366805555556
car 0.60572340234375 0.5059756583333334 0.058618396874999944 0.07421049305555556
car 0.25460515390625 0.5073682083333334 0.038190774218750036 0.04105261527777778
traffic sign 0.51039451953125 0.48210506111111107 0.01953946484375004 0.028421041666666723
traffic sign 0.48197347968750004 0.41789455555555555 0.00976973281250002 0.01894736111111115
traffic sign 0.5397037179687499 0.40473667222222226 0.011546048437500022 0.022105254166666633
traffic sign 0.55124976640625 0.40947351249999997 0.007993417187500018 0.01578946388888893
traffic sign 0.5583550265625 0.403157725 0.012434207031250023 0.026842093055555537
traffic sign 0.55924318359375 0.47105243472222225 0.007993417187500018 0.01263157361111106
traffic sign 0.47131558828125 0.4205261402777778 0.01154604921875002 0.014210519444444477
traffic sign 0.433124815625 0.4157893 0.011546047656250025 0.02526314583333339
traffic light 0.47220374609375 0.44263139305555554 0.007993417968750017 0.02052630972222226
traffic sign 0.49796031328124996 0.4394735 0.006217104687500008 0.02052630694444441
traffic sign 0.5823352789062499 0.4694734888888889 0.008881575781250017 0.018947359722222185
traffic light 0.50796406484375 0.36565902777777776 0.011936971875000068 0.045707379166666666
traffic light 0.4372604640625 0.37382105972222224 0.008264057031249994 0.0391777527777778
traffic light 0.37353539140625 0.2399637375 0.0192828 0.06529625416666668
drivable area 0 0 0 0
drivable area 0 0 0 0
lane 0 0 0 0
lane 0 0 0 0
lane 0 0 0 0
lane 0 0 0 0
lane 0 0 0 0
lane 0 0 0 0
lane 0 0 0 0
lane 0 0 0 0
lane 0 0 0 0