traffic sign 0.7205985046875 0.27440739583333335 0.05638325625 0.25592400138888893
traffic sign 0.012808689843750002 0.5559237972222222 0.014395724218749998 0.02985779999999999
traffic sign 0.09747105390625001 0.5854261541666667 0.011996436718750003 0.014928897222222225
traffic sign 0.06867960390625 0.6259474513888889 0.01079679375 0.029857798611111104
car 0.10436900546875001 0.666113325 0.033590026562499986 0.07037909861111112
car 0.11276651171875 0.6682460236111111 0.05638325703125 0.0767771986111112
car 0.14515689453125 0.6639806236111111 0.08877363671875001 0.09597149861111108
car 0.22193409531250002 0.6447863222222222 0.08997327968749999 0.1748813986111111
car 0.28791449999999996 0.506160825 0.357493840625 0.43507080138888893
car 0 0.6447863222222222 0.091172925 0.18127950277777774
drivable area 0 0 0 0
lane 0 0 0 0
lane 0 0 0 0
lane 0 0 0 0