0 0.35086462265625 0 0.023730454687499992 0.08249993611111112
0 0.6290382601562501 0 0.019775376562499947 0.07078119444444445
0 0.2414408703125 0.2512498208333333 0.014501942968750025 0.053906212500000016
0 0.74241708828125 0.14578114305555556 0.02768552734375005 0.04453122083333333
0 0.688364390625 0.20437485277777775 0.026367169531250047 0.05390621111111113
0 0.18343309765625 0.43171844583333335 0.014501943750000001 0.023437484722222183
0 0.1636577203125 0.42703095 0.014501943749999979 0.035156224999999985
0 0.031821873437499995 0.28640604583333334 0.06328120625 0.03984372222222221
0 0.20320847421875002 0.3989059680555555 0.040869112499999985 0.028124983333333374
0 0.17156787109375 0.4082809625 0.029003886718750004 0.02109373472222226
0 0.157065928125 0.35437475 0.026367168750000003 0.023437483333333335
0 0.8412939734375 0.2418748263888889 0.03295896171874997 0.03984372222222221
0 0.8426123320312501 0.2770310527777778 0.02768552734374996 0.08906243888888889
0 0.7015479757812499 0.3707809875 0.036914036718749973 0.030468727777777756
0 0.6000343734375 0.37781223333333336 0.026367169531250047 0.018749987499999954
0 0.61058124140625 0.34499975555555557 0.026367169531249957 0.025781233333333337
0 0.6145363164062501 0.41765595555555557 0.018457018749999943 0.04218747083333333
0 0.5262062992187501 0.45515593055555553 0.011865226562499932 0.028124980555555606
0 0.55125511015625 0.4246872013888889 0.01186522656250002 0.03046872916666664
0 0.9098486140625001 0 0.030322244531249966 0.07781244027777778
1 0.4365579234375 0.49265590416666666 0.01713865937500003 0.028124980555555606
1 0.4141458296875 0.48328091111111116 0.029003885937499963 0.04921871388888882
1 0.49061062031249997 0.48562465972222224 0.013183585156250021 0.030468724999999985
1 0.49852077109375 0.48328091111111116 0.018457017968750034 0.0374999736111111
1 0.3587747734375 0.48328091111111116 0.061962848437500016 0.08203119305555553
1 0.50774928046875 0.48796840694444443 0.03823239531249998 0.03984372361111118
