traffic light 0.1926414375 0.3303947388888889 0.006994242187499999 0.04796052638888892
traffic light 0.51837334609375 0.362368425 0.009991775781250035 0.03907894722222222
traffic light 0.0397672578125 0.45828947777777784 0.02098273046875 0.031973684722222215
traffic light 0.3734925890625 0.4511842111111112 0.007993421093750008 0.02131579027777772
traffic light 0.1996356796875 0.3303947388888889 0.008992599218749998 0.04973684166666664
traffic light 0.9460213749999999 0.4529605291666666 0.01798519765625013 0.033750000000000016
traffic sign 0.022781238281249998 0.3836842138888889 0.023980263281250004 0.012434211111111104
traffic sign 0.029775480468749997 0.4014473694444444 0.012989308593750004 0.012434209722222218
traffic sign 0.080733540625 0.3659210541666667 0.013988487500000002 0.02309210555555552
traffic sign 0.13069242265625 0.4174342111111111 0.026977796093749996 0.02664473750000001
traffic sign 0.12469735781249999 0.48315789722222224 0.026977796093749996 0.021315788888888833
traffic sign 0.15667104140625 0.32506579166666666 0.028976152343750016 0.035526315277777734
traffic sign 0.58431906875 0.3836842138888889 0.023980262500000026 0.03730263194444442
traffic sign 0.540355253125 0.37657894999999997 0.03497121718749998 0.017763156944444428
traffic sign 0.9240394664062499 0.4085526333333333 0.02697779609374997 0.01776315833333331
traffic sign 0.9220411101562499 0.3854605291666667 0.03197368437500003 0.019539476388888883
traffic light 0.25059373828125 0.4511842111111112 0.008992600000000017 0.019539474999999997
car 0.29937858359375 0.5105639027777779 0.012989308593749981 0.01953947361111111
car 0.28339174218749996 0.5087875875 0.014987664062500006 0.023092104166666634
car 0.26840407734375 0.5070112722222222 0.014987664843750003 0.014210525000000019
car 0.25641394609375 0.5141165347222222 0.024979439843749996 0.03907894861111111
car 0.24042710390625 0.5158928500000001 0.03497121718750003 0.06217105277777774
car 0.2084534203125 0.5158928500000001 0.01798519609375 0.04098176666666665
bike 0.2254394390625 0.5585244291666667 0.021981910156249996 0.07710012916666666
rider 0.22444026171874998 0.5052349569444444 0.021981908593750044 0.10480263055555557
person 0.18147562265625 0.5141165347222222 0.009991775781250012 0.044407894444444436
bike 0.761050703125 0.5506578972222222 0.029975329687500007 0.031973684722222215
traffic sign 0.77304083515625 0.46361842222222227 0.019983553906250062 0.03907894861111111
car 0.3164166546875 0.48315789722222224 0.020982730468749988 0.05684210416666665
car 0.37636731328125 0.5044736888888889 0.010990955468749997 0.042631577777777825
person 0.3923541546875 0.5080263180555555 0.008992599999999972 0.02842105277777773
person 0.8299939601562499 0.5311184236111111 0.017985196875000043 0.07993421111111114
person 0.7990194539062501 0.5098026333333334 0.007993421093750008 0.06394736805555555
person 0.74706221640625 0.5115789486111111 0.013988488281249989 0.06750000138888891
person 0.9389043218750001 0.5186842138888889 0.023980263281250025 0.11787785277777776
bus 0.402280603125 0.48848684444444446 0.04103161093749996 0.05432528194444441
person 0.133567146875 0.5204605291666666 0.015986842187499996 0.07638157916666664
person 0.11058606093750001 0.5240131597222222 0.010990955468749997 0.08171052638888894
person 0.08960333125 0.5151315819444444 0.018984375781250007 0.06217105277777774
person 0.06562306875 0.5080263180555555 0.018984374999999998 0.042631579166666635
car 0.315417478125 0.4902631625 0.06694490156250002 0.11013157916666666
car 0.41933195234375004 0.5044736888888889 0.086928453125 0.1030263125
truck 0.49926616328125 0.4440789513888889 0.09692023046875002 0.1261184194444444
car 0.5891921484375 0.48315789722222224 0.14587993515625 0.15631579027777778
car 0 0.4902631625 0.1025926390625 0.21671052499999996
traffic sign 0 0.34105263333333335 0.011667475 0.030197366666666683
traffic light 0 0.15631579027777778 0.01366583125 0.07815789583333334
car 0.9548911640625001 0.5417763194444445 0.04396381640624991 0.07638158055555554
car 0.89094379453125 0.5293421083333334 0.10791118593749989 0.07105263055555555
car 0.8080120531249999 0.5169078972222222 0.11090871640625011 0.07282894861111112
drivable area 0 0 0 0
drivable area 0 0 0 0
drivable area 0 0 0 0
lane 0 0 0 0
lane 0 0 0 0
lane 0 0 0 0
lane 0 0 0 0
lane 0 0 0 0
lane 0 0 0 0
lane 0 0 0 0
lane 0 0 0 0
lane 0 0 0 0
lane 0 0 0 0
lane 0 0 0 0
lane 0 0 0 0
lane 0 0 0 0
lane 0 0 0 0
lane 0 0 0 0
lane 0 0 0 0
lane 0 0 0 0
lane 0 0 0 0
lane 0 0 0 0
lane 0 0 0 0
lane 0 0 0 0
lane 0 0 0 0
lane 0 0 0 0
lane 0 0 0 0
lane 0 0 0 0
lane 0 0 0 0
lane 0 0 0 0
lane 0 0 0 0
lane 0 0 0 0
lane 0 0 0 0
lane 0 0 0 0
lane 0 0 0 0
lane 0 0 0 0