car 0 0.5077665763888889 0.20470964765625 0.19236207916666667
car 0.8012920492187501 0.4800387083333333 0.19496156953124988 0.2270219152777778
car 0.20081041640625 0.5025676 0.12087617265624999 0.1299743819444444
car 0.48252988359375 0.4817717 0.024370196093749998 0.038125818055555524
car 0.509824503125 0.4887036666666667 0.013647310156249936 0.027727868055555563
car 0.52542142890625 0.48697067499999996 0.014622117968749926 0.025994876388888914
car 0.5390687390625 0.48697067499999996 0.014622116406250019 0.02252889305555562
car 0.555640471875 0.476572725 0.027294621093750047 0.039858809722222256
car 0.6482472171875 0.4956356333333334 0.01949615703124996 0.02252889305555554
traffic light 0.35093082421875 0.39165613055555554 0.013647310156249981 0.0415918013888889
traffic light 0.7077104960937499 0.37779219583333334 0.014622117968750015 0.038125818055555524
traffic light 0.5751366289062501 0.30500654444444447 0.016571733593749992 0.04159180138888886
traffic light 0.71355934296875 0.41938399722222225 0.006823656250000009 0.019062909722222247
traffic sign 0.5926831703125 0.28594363472222223 0.03314346640624999 0.05545573472222224
traffic sign 0.69991203359375 0.3431323611111111 0.024370196093749998 0.01386393611111111
traffic sign 0.80519128046875 0.37086022916666667 0.03119385234374992 0.04852376805555557
traffic sign 0.7837455078125 0.3899231388888889 0.01949615703125005 0.02946085694444444
traffic sign 0.635574715625 0.45750981527777773 0.00974807812500007 0.01386393611111111
traffic sign 0.66286933515625 0.4644417819444444 0.009748078124999981 0.012130944444444462
traffic sign 0.65799529609375 0.47830571666666666 0.015596925781250003 0.012130941666666692
traffic light 0.36652775000000004 0.39165613055555554 0.00584884687499998 0.045057784722222195
drivable area 0 0 0 0
lane 0 0 0 0
lane 0 0 0 0
lane 0 0 0 0
lane 0 0 0 0
lane 0 0 0 0
lane 0 0 0 0
lane 0 0 0 0
lane 0 0 0 0