traffic light 0.58081094765625 0.3895014875 0.008029645312500033 0.03058912222222219
traffic light 0.5876935 0.3895014875 0.008029646093750032 0.03670694722222218
traffic light 0.65078356484375 0.40581568611111113 0.011470921093749985 0.02651057222222219
traffic light 0.678313775 0.3670694638888889 0.01261801250000003 0.03466767083333337
person 0.64848938046875 0.46563441805555555 0.018353471874999982 0.07137462083333332
person 0.6989614320312499 0.4323262583333333 0.028677301562500014 0.11623866388888891
person 0.72993291875 0.43640480694444445 0.026383117968750015 0.12235648750000003
person 0.25847807421875 0.4669939305555556 0.027530210156249967 0.11827794027777772
person 0.38006983515625004 0.48806644027777774 0.016059288281249983 0.04690331944444447
traffic sign 0.07609043515625 0.26442596805555557 0.040148222656249996 0.09788519027777778
traffic sign 0.658813209375 0.3371601055555556 0.014912197656250025 0.02651057361111112
car 0 0.3922205263888889 0.27797864140625 0.34259816666666676
car 0.39498203125 0.45339877083333335 0.06882552500000001 0.1631419847222222
truck 0.55213364609375 0.43164649722222226 0.04358949843749995 0.07749244305555554
bus 0.58539931796875 0.43300602222222223 0.05161914218749999 0.10604229027777773
car 0.42136515 0.4432023958333333 0.17665217812499998 0.25083079999999996
traffic sign 0.34283356796875003 0.3707253958333333 0.01704987109374998 0.020984456944444455
drivable area 0 0 0 0
drivable area 0 0 0 0
lane 0 0 0 0
lane 0 0 0 0
lane 0 0 0 0
lane 0 0 0 0