0 0.46498334140625 0.4037870736111111 0.00877327109374999 0.015596924999999985
0 0.5312702765624999 0.4072530555555555 0.004874038281250037 0.017329916666666712
0 0.42111698906250006 0.4141850208333333 0.007798463281250001 0.01386393611111111
1 0.540043546875 0.4679077652777778 0.02826942812500004 0.03465983194444446
1 0.5341946984375 0.4488448583333333 0.012672502343749947 0.019062909722222247
1 0.4571848796875 0.4505778486111111 0.013647310937500023 0.017329916666666712
1 0.42014218124999997 0.4523108402777778 0.03606789062500004 0.03985880833333329
1 0.33825832265625 0.4609758 0.026319810937499976 0.03465983333333335
1 0.3255858203125 0.4679077652777778 0.02534500390625003 0.0502567611111111
1 0.27879504375 0.45750981527777773 0.05361443281249998 0.07278565277777783
1 0.26709735078125 0.4679077652777778 0.03314346562499999 0.06931966666666661
1 0.215432534375 0.4523108402777778 0.062387702343749976 0.10051351944444444
1 0.3528804390625 0.4627087902777778 0.08383347500000005 0.09531454722222218
1 0.47765584531250005 0.44364588194444443 0.05751366093749999 0.08145061250000005
1 0.57903586015625 0.4471118638888889 0.10527924843750007 0.13517335416666668
1 0.5751366296875 0.4557768236111111 0.019496156249999962 0.045057784722222195
1 0.6823654921875 0.4523108402777778 0.060438087500000036 0.10917847916666663
1 0.7184333820312501 0.4523108402777778 0.09845559296874998 0.12997437777777776
1 0 0.4540438305555556 0.0701861640625 0.05718872916666666
1 0.0001812703125 0.47483973472222224 0.27958858203125 0.4297819472222223
1 0.7262318453125001 0.37640599166666666 0.27326514453124995 0.5698074902777777
0 0.89389879375 0.22355593194444445 0.04679077656250001 0.08838257916666667
