3 0.08775874765625 0.4420974652777778 0.015137032031250008 0.07400327222222221
3 0.10037294140625 0.43088484861111115 0.025228387500000005 0.0941859819444444
3 0.3022000421875 0.4664448541666667 0.017659872656249975 0.053820561111111054
3 0.27697165390625 0.46580413750000005 0.007568516406250003 0.03139532638888885
3 0.27949449296875 0.4613190902777778 0.011352774999999982 0.04709298749999999
3 0.54006769765625 0.49463657916666665 0.013875614062500041 0.03812289722222222
3 0.82136421953125 0.5404481250000001 0.015137032031250008 0.10539859583333329
3 0.87308241328125 0.538205601388889 0.02018271015624986 0.06279065277777779
3 0.89200370390625 0.5471756944444445 0.02522838828125007 0.07400326944444444
3 0.8365012515625001 0.5426906472222222 0.0214441296875 0.11436869166666667
1 0.37283952734375003 0.4722113458333333 0.012614192968749993 0.03812289722222222
1 0.38040804296875 0.46772630000000004 0.03531974375 0.06503317499999994
1 0.4989814640625 0.49463657916666665 0.018921292187499984 0.029152805555555578
1 0.56295344765625 0.5148192902777778 0.03658116328125001 0.0493355125
1 0.0007208125 0.4789389166666667 0.032796903125 0.1031560694444444
1 0.16344391015624998 0.37994752083333333 0.11226632656250002 0.1569766333333334
1 0.5948493375 0.4292830347222222 0.06307096875000004 0.1502490625
1 0.6490903703125 0.4023727555555556 0.17155303593749993 0.24443504305555552
1 0.1710124265625 0.42543871666666666 0.1223576796875 0.15249158472222224
1 0.38671513984375 0.4747742291666667 0.13623329296875003 0.19509953055555554
0 0.501504303125 0.4209536694444444 0.012614194531249989 0.03363785138888894
0 0.3923436125 0.41116056805555556 0.007382810156249997 0.016874994444444427
2 0.5990622906249999 0.5299998097222223 0.01792968125000005 0.06374997777777772
2 0.5948435421875 0.4774998277777778 0.025312490625000007 0.10124996527777784
