0 0.65860585625 0.4227413208333334 0.022999553125000016 0.04712526249999998
0 0.6554872726562501 0.47055960138888886 0.03937211718749998 0.04712526249999998
0 0.67692753359375 0.5142197708333333 0.019491146874999997 0.022176593055555572
0 0.63716559453125 0.5211499555555555 0.01637256328125005 0.04227413333333337
1 0.3920360015625 0.6971766694444445 0.00857610390625001 0.0069301874999999945
1 0.3776125515625 0.6950976138888889 0.013643803906249996 0.010395277777777778
1 0.36630768671874997 0.699255725 0.012864157031250035 0.007623204166666713
1 0.3546129984375 0.6985627069444444 0.009745573437499998 0.009009241666666648
1 0.34135901875 0.7006417625 0.011304864843749974 0.007623204166666713
1 0.32849486171875003 0.7006417625 0.010525217187499969 0.009009241666666648
1 0.30978336015624997 0.7027208180555555 0.016762386718750032 0.01524640694444454
1 0.27275018125 0.6985627069444444 0.02455884453124999 0.020097538888888915
1 0.24000505390625002 0.708957986111111 0.0155929171875 0.013860369444444447
1 0.21037851093749999 0.6916325222222223 0.027287605468749997 0.0353439458333333
1 0.17763338359375 0.7034138375 0.03742300234375 0.028413761111111154
1 0.214276740625 0.7165811902777778 0.013253978906250019 0.01801848194444441
1 0.11448206796875 0.717967226388889 0.03157565703125 0.027720743055555552
1 0.07082189296875 0.7186602458333333 0.02533848984375 0.02079055694444444
1 0.13631214609375 0.7124230777777778 0.04210087734375001 0.03395790833333336
1 0.071211715625 0.723511375 0.05418538828125 0.0353439458333333
1 0.00845022265625 0.7207393013888889 0.06510043046875 0.04573922500000012
1 0.549914303125 0.6729210208333333 0.03274512656250002 0.028413761111111154
1 0.5581005851562499 0.6847023361111111 0.03196548125000005 0.015939426388888872
1 0.561608990625 0.6902464847222222 0.07874423359374996 0.09563656111111109
1 0.5409483749999999 0.6833162986111111 0.006626990625000051 0.016632445833333363
1 0.50898289453125 0.6763861138888889 0.03352477265624998 0.023562630555555585
1 0.47662759140625 0.6930185569444445 0.01637256328125005 0.011781316666666678
0 0.3982731796875 0.6112423694444444 0.008186281249999983 0.006237165277777734
0 0.4029510546875 0.6154004805555555 0.008965927343750036 0.030492819444444465
0 0.43920458828125 0.6438142416666667 0.010525219531249963 0.014553390277777823
0 0.40528999218750006 0.6632187611111111 0.00584734375 0.010395276388888893
1 0.4922205078125 0.6833162986111111 0.03508406484375 0.019404520833333314
1 0.38657849140625 0.6888604472222222 0.08615086874999997 0.13929672916666663
1 0.43289837421875 0.7027208180555555 0.23662252421875002 0.2966119416666667
