car 0.00028698515625 0.5112247194444445 0.09384570546875001 0.1163265847222222
car 0.27551032734374997 0.5479594305555556 0.012914545312500003 0.02448980555555554
car 0.21093759453125 0.5556124944444445 0.018941335156250006 0.026020420833333287
car 0.16272328828125 0.5418370013888889 0.03874363906249998 0.05234695694444448
car 0.22557408046875 0.5497961833333334 0.030994911718749973 0.036734712500000044
car 0.26001287109375004 0.5528574097222223 0.016358425 0.02448980694444442
car 0.28119273125 0.5115308361111112 0.057684974218750004 0.10408168055555554
traffic sign 0.5870654640625 0.48396269861111113 0.03581960703125002 0.03566040972222224
drivable area 0 0 0 0
drivable area 0 0 0 0
drivable area 0 0 0 0
lane 0 0 0 0
lane 0 0 0 0
lane 0 0 0 0
lane 0 0 0 0