0 0.40746359062500004 0.2182887861111111 0.006675810937499982 0.02331239444444447
0 0.53144314375 0.2288853277777778 0.007152666406250052 0.016954469444444422
0 0.5157072625 0.264913575 0.007152667968750049 0.016954468055555536
0 0.5002098187499999 0.28398735138888886 0.005960555468750073 0.019073777777777797
0 0.4751754859375 0.28822596944444445 0.004768444531250004 0.016954468055555574
0 0.4382200421875 0.2988225125 0.009536889062500008 0.016954468055555574
0 0.53239681796875 0.2924645861111111 0.008344777343749943 0.01695446944444446
0 0.4143778203125 0.2182887861111111 0.007152667968750049 0.02331239444444447
0 0.31233310468750003 0.26279426666666666 0.01430533281249997 0.010596540277777795
0 0.58294232109375 0.2776294263888889 0.015497443749999996 0.010596543055555527
0 0.7069218734375 0.010596543055555555 0.05602922109374999 0.09748819583333333
0 0.7283798734375 0.22676601944444444 0.01668955546874997 0.016954469444444422
1 0.468738075 0.3157769805555556 0.011921110937499969 0.014835161111111085
1 0.45324063125 0.3178962888888889 0.013113221875000036 0.01695446944444446
1 0.4389352984375 0.3157769805555556 0.015497443749999996 0.025431704166666652
1 0.41866940937499997 0.3221349069444444 0.015497444531249993 0.021193086111111134
1 0.40555618750000005 0.3221349069444444 0.01668955546874997 0.021193086111111134
1 0.3888666328125 0.3221349069444444 0.020265888281249998 0.02755101111111114
1 0.3740844625 0.33061214166666664 0.01788166640625004 0.02967031944444444
1 0.35501068515625 0.33273145 0.022650110156250004 0.03178962916666666
1 0.33355268515625 0.33061214166666664 0.021458000000000022 0.03814755416666667
1 0.19574464140625 0.339089375 0.05602922109374997 0.06569856666666665
1 0.5011634929687501 0.30306112916666667 0.011921110937499969 0.016954469444444422
1 0.51070038203125 0.3051804375 0.01668955546874997 0.02331239444444443
1 0.5250057148437499 0.3051804375 0.01788166640625004 0.02755101249999999
1 0.53215838125 0.30729974722222225 0.025034332812500004 0.03602824583333333
1 0.5588616984375 0.3115383638888889 0.03814755624999995 0.05510202361111113
1 0.57674336484375 0.32425421527777776 0.02741855468750005 0.05510202361111109
1 0.59343291953125 0.30941905555555554 0.06437399921874994 0.0826530347222222
1 0.65828375546875 0.2521977236111111 0.18954566406250004 0.20557293333333335
1 0.6311036015625 0.32425421527777776 0.04291599921875004 0.09536888749999999
1 0.13470855234375 0.34332799305555556 0.06795033203124998 0.08477234305555553
1 0.29468985703125 0.32849283194444445 0.04530022109375 0.05722133472222224
1 0.48995765625 0.31365767222222224 0.01907377734375002 0.01907377777777776
1 0.47684443437499996 0.3157769805555556 0.014305332812500016 0.021193086111111092
1 0 0.3581631527777778 0.10490577578125 0.11020404722222218
1 0.7643816421875 0.2521977236111111 0.23484588437500004 0.30729974583333336
