car 0.48570672734375 0.5206453194444444 0.030047236718750002 0.0437050708333334
car 0.4690100453125 0.5244608541666667 0.017755185156249985 0.02428059583333335
car 0.44169437578125 0.5196047347222222 0.024584102343750035 0.043705072222222204
car 0.684803834375 0.5026083180555556 0.042339287500000024 0.019424476388888855
car 0.70938793671875 0.49046802083333335 0.08058122499999998 0.11169073749999998
car 0.0577043515625 0.45161906944444447 0.23218319062499998 0.23066565277777779
car 0.50294976484375 0.4419068305555555 0.11062846093749998 0.20638505833333332
car 0.62313871015625 0.4783277236111111 0.09697062656249997 0.14082745138888886
car 0.7283040375 0.4224823541666667 0.27042512812499997 0.3326441555555556
car 0.22159836875 0.4783277236111111 0.24037789140625 0.3132196763888889
traffic light 0.4606104765625 0.4382647416666667 0.012292051562500017 0.03156477361111109
traffic light 0.469829515625 0.494717125 0.009560482812499948 0.019424476388888934
traffic light 0.4616348140625 0.48986100555555556 0.010926267968750025 0.021852536111111064
traffic light 0.48621891718750004 0.5020013041666667 0.009560484374999945 0.01942447499999997
drivable area 0 0 0 0
drivable area 0 0 0 0
drivable area 0 0 0 0
lane 0 0 0 0
lane 0 0 0 0
lane 0 0 0 0
lane 0 0 0 0
lane 0 0 0 0