car 0.85422557578125 0.5336014874999999 0.08308954921874996 0.05609420833333335
car 0.87526090546875 0.5505997236111111 0.12410843906249998 0.1364959125
traffic sign 0.5229191515625 0.39540574444444443 0.09255544609375006 0.09909977083333332
traffic sign 0.5597309765625 0.48889609444444443 0.01788002890625 0.01869807222222227
traffic sign 0.570248640625 0.5113337791666667 0.008414133593749984 0.011218841666666653
traffic sign 0.5344885828125 0.49076590277777776 0.008414132812499985 0.02617729722222219
traffic sign 0.45034726796875 0.4870262875 0.011569431249999962 0.014958458333333308
car 0.0017529414062499998 0.4755542444444444 0.1051766421875 0.08975073472222227
car 0.00070117421875 0.50360135 0.014724730468749999 0.02617729722222227
truck 0.16632371015625 0.4824102027777778 0.04417419140625001 0.04487536388888884
traffic sign 0.24205089375000002 0.461842325 0.01682826249999998 0.04300556249999998
traffic sign 0.25887915625 0.4599725180555555 0.012621196093749986 0.03926594583333332
traffic sign 0.32619220859375 0.5029780791666667 0.00841413124999999 0.014958456944444422
car 0.3808840609375 0.5048478847222222 0.02103532812500002 0.024307490277777788
car 0.92376977578125 0.5909439263888889 0.07307199921875007 0.09933971249999997
drivable area 0 0 0 0
drivable area 0 0 0 0
drivable area 0 0 0 0
lane 0 0 0 0
lane 0 0 0 0
lane 0 0 0 0
lane 0 0 0 0
lane 0 0 0 0
lane 0 0 0 0
lane 0 0 0 0
lane 0 0 0 0
lane 0 0 0 0
lane 0 0 0 0
lane 0 0 0 0
lane 0 0 0 0
lane 0 0 0 0
lane 0 0 0 0
lane 0 0 0 0
lane 0 0 0 0
lane 0 0 0 0