person 0.744187490625 0.45651315972222223 0.019983553906250062 0.08348684444444443
car 0.36749752265625 0.4511842111111112 0.01698602031249998 0.03730263333333331
car 0.34151890390625 0.45828947777777784 0.02697779687499997 0.06572368472222215
car 0.27357482578125 0.4316447402777778 0.0799342109375 0.13144737083333327
car 0.47241117499999996 0.4511842111111112 0.011990131250000058 0.024868424999999975
car 0.48040459609374997 0.4529605291666666 0.01398848749999999 0.02664473750000001
car 0.50838156953125 0.45828947777777784 0.015986842187499926 0.028421051388888844
car 0.52037170234375 0.45828947777777784 0.045962171093750025 0.04973683888888887
car 0.5643355171875 0.44230263333333336 0.05195723906250001 0.07282894861111112
car 0.59331166796875 0.47250000277777776 0.02597861874999996 0.05684210555555561
car 0.65925739296875 0.46361842222222227 0.07493832343750002 0.10125000138888886
car 0.75218091171875 0.47605263333333336 0.21682154765624997 0.16697368333333332
car 0 0.4511842111111112 0.09272367265625 0.09947368611111106
car 0.03876808046875 0.42809210694444444 0.25379111875 0.2753289527777778
car 0.3924769640625 0.4351973708333333 0.06894325546874999 0.10835526388888886
drivable area 0 0 0 0
lane 0 0 0 0
lane 0 0 0 0
lane 0 0 0 0
lane 0 0 0 0
lane 0 0 0 0
lane 0 0 0 0
lane 0 0 0 0