1 0.4709299140625 0.5172753958333334 0.01765987187500002 0.04036542083333335
1 0.51623588046875 0.5152197361111112 0.01639845234374997 0.038122895833333344
1 0.52885007421875 0.5197047833333334 0.02396696796875002 0.03363785138888886
1 0.48470039531250003 0.5197047833333334 0.030274065625000013 0.0358803736111111
1 0.4014467171875 0.4995220736111111 0.07442374296874998 0.10764111805555553
1 0.6382782046875 0.5040071208333333 0.061809550781250076 0.04709299027777776
1 0.5461945906250001 0.49727954999999996 0.07820800156249996 0.06727570000000004
1 0.69094246484375 0.4613991777777778 0.19047432656250002 0.07848831805555558
1 0.2286322625 0.5152197361111112 0.20687277734375004 0.24219251805555553
0 0.11352774296874998 0.3625412833333333 0.0428882609375 0.06727570000000004
0 0.12361909921875 0.4499996958333333 0.02648980703124999 0.0650331763888889
0 0.5570067562500001 0.4837443208333333 0.010091354687499976 0.02018270972222227
0 0.60367927421875 0.45683404027777774 0.01639845234374997 0.035880374999999985
1 0.947283753125 0.4526473680555556 0.05211400546874998 0.06846535416666666
