traffic light 0.15927568125 0.2678158597222222 0.009945589843750002 0.03744221805555558
car 0.21309886953124998 0.3967834986111111 0.028666697656250007 0.027041601388888854
car 0.25697646796875 0.3999036819444445 0.023986421093749977 0.028081662499999993
car 0.18384713749999998 0.39470337499999997 0.031006835156250002 0.03016178750000004
car 0.143479746875 0.39470337499999997 0.04446263359375 0.03016178750000004
car 0.102527321875 0.3957434361111111 0.04036739062500001 0.031201847222222214
drivable area 0 0 0 0
drivable area 0 0 0 0
lane 0 0 0 0
lane 0 0 0 0
lane 0 0 0 0
lane 0 0 0 0
lane 0 0 0 0