person 0.788451959375 0.348617275 0.03277204609374999 0.14315662499999998
person 0.7575526 0.3519465 0.034644737500000036 0.12318128194444443
traffic sign 0.64131215078125 0.16051613472222223 0.04494452031250003 0.07823675972222222
traffic sign 0.07388757890625 0.0007133972222222223 0.0374537671875 0.024969176388888886
car 0 0.004042619444444445 0.30984631328125 0.5459926930555555
car 0.30150282421874997 0.3329223722222222 0.013108818750000006 0.02496918194444445
traffic light 0.32491142968750003 0.2563502277777778 0.006554410937499977 0.029963013888888904
car 0.49626241484375005 0.34956849444444443 0.01685419687499996 0.03662145972222221
car 0.53090714921875 0.3329223722222222 0.014045161718749987 0.028298406944444448
car 0.5299708046875 0.34457465555555555 0.01591785078125003 0.04161529861111109
truck 0.5412069335937499 0.26467328749999997 0.019663227343750034 0.12151666666666665
truck 0.30805723359375004 0.3196054791666667 0.013108816406249968 0.021639954166666638
truck 0.42416391171875 0.32293470138888886 0.010299785937499983 0.046609133333333316
truck 0.32482781953125 0.20474725833333332 0.10401781562500001 0.23970411388888893
drivable area 0 0 0 0
drivable area 0 0 0 0
lane 0 0 0 0
lane 0 0 0 0
lane 0 0 0 0
lane 0 0 0 0
lane 0 0 0 0
lane 0 0 0 0
lane 0 0 0 0
lane 0 0 0 0
lane 0 0 0 0
lane 0 0 0 0