car 0.5751366289062501 0.49043665833333333 0.023395388281250006 0.032926843055555585
car 0.6423983703125 0.4956356333333334 0.016571733593749992 0.027727868055555563
car 0.34995601640624996 0.5112325597222223 0.042891545312500015 0.03985880972222217
car 0.66286933515625 0.49910161666666664 0.010722886718749968 0.019062909722222247
car 0.6375243312500001 0.4956356333333334 0.005848846874999936 0.017329918055555518
car 0.6190029820312499 0.49043665833333333 0.010722886718750057 0.019062909722222247
car 0.60730528828125 0.4887036666666667 0.010722885937499971 0.015596924999999985
car 0.0019496156250000001 0.5094995680555556 0.0467907765625 0.04159180138888882
car 0.048740392187499995 0.5112325597222223 0.02242058046875 0.02772786527777779
car 0.07993424375 0.5164315347222223 0.01949615546875 0.02079589999999993
car 0.11112809453125001 0.5164315347222223 0.0584884703125 0.024261883333333303
car 0.27099658125000003 0.5146985430555555 0.017546541406249984 0.02079590000000001
car 0.47570622890625 0.5043005916666666 0.00974807812500007 0.01386393611111111
car 0.55369085625 0.4956356333333334 0.00877327109374999 0.01386393611111111
traffic light 0.61607855859375 0.4505778486111111 0.004874039062500035 0.015596924999999985
drivable area 0 0 0 0
drivable area 0 0 0 0
drivable area 0 0 0 0
lane 0 0 0 0
lane 0 0 0 0
lane 0 0 0 0
lane 0 0 0 0
lane 0 0 0 0
lane 0 0 0 0
lane 0 0 0 0
lane 0 0 0 0