car 0.356745653125 0.6773305805555556 0.02695666406249999 0.06831570555555552
car 0.38140813359375 0.6528592833333333 0.05161914296874999 0.09278700277777771
traffic sign 0.5406627421875 0.48194863194444443 0.02294184218749997 0.036706945833333296
traffic sign 0.5457290546875 0.5169561625 0.0166328359375 0.027530208333333344
traffic sign 0.54515550859375 0.5424470972222223 0.021221204687499995 0.01631419722222221
traffic sign 0.5566264296875 0.5485649222222222 0.025809571875000083 0.04282477222222225
traffic sign 0.5652296203125 0.5913896944444444 0.013191558593749963 0.0224320222222222
traffic sign 0.557773521875 0.6005664291666667 0.006882552343749992 0.01325528472222225
traffic sign 0.850855546875 0.18149545833333333 0.09922346562499999 0.16212234583333335
traffic sign 0.8839912742187501 0.3232648861111111 0.051619143749999985 0.08564954027777777
drivable area 0 0 0 0
drivable area 0 0 0 0
lane 0 0 0 0
lane 0 0 0 0
lane 0 0 0 0
lane 0 0 0 0
lane 0 0 0 0
lane 0 0 0 0