truck 0.20876292109375 0.386156175 0.08118558124999997 0.1257732125
car 0.43028357578125 0.43976442916666664 0.044072172656249985 0.06597939305555561
car 0.45231966171875 0.4521355694444444 0.07074743437500004 0.09072166111111117
car 0.519355759375 0.45525780555555556 0.019716498437500007 0.03505155138888891
car 0.04608731640625 0.3505155222222222 0.1809278640625 0.2247423
car 0.25137085703125 0.3649485152777778 0.185567040625 0.3092784
car 0.5111647140625 0.41030934583333334 0.17048972031250004 0.23505158472222223
car 0.8556235335937499 0.6412372166666667 0.14265466328125012 0.334020676388889
car 0.0013192625 0.5154640027777777 0.011597940625 0.11958764861111114
car 0 0.40058916666666666 0.02667526328125 0.03711340694444445
traffic sign 0 0 0.15889177890625 0.17938144166666667
traffic sign 0.4198454296875 0.3511046208333333 0.03711340859375003 0.03711340694444445
drivable area 0 0 0 0
drivable area 0 0 0 0
drivable area 0 0 0 0
lane 0 0 0 0
lane 0 0 0 0
lane 0 0 0 0
lane 0 0 0 0
lane 0 0 0 0
lane 0 0 0 0
lane 0 0 0 0
lane 0 0 0 0
lane 0 0 0 0