truck 0.4580746515625 0.35110891666666666 0.03750945625000002 0.07348791111111114
truck 0.5148747164062499 0.3238911708333333 0.05741243203125004 0.1183971930555556
car 0.35810048828125 0.3633569013888889 0.05511593593749997 0.07620968750000007
car 0.46220836484375 0.38240932361111113 0.06659842109375003 0.06260081388888888
person 0.72071739375 0.3500882513888889 0.03527886484374996 0.1202401125
traffic sign 0.61871463984375 0.3079007458333333 0.01071698750000003 0.02585685833333334
traffic sign 0.5773776890625 0.3351184902777778 0.008420489843750012 0.021774198611111118
drivable area 0 0 0 0
lane 0 0 0 0
lane 0 0 0 0
lane 0 0 0 0
lane 0 0 0 0
lane 0 0 0 0