traffic light 0.4607424953125 0.3784369930555555 0.011462274218749968 0.033113237500000045
traffic light 0.38910327968749997 0.3711593486111111 0.0128950578125 0.025471723611111073
car 0.2192159984375 0.4941513875 0.0458490984375 0.05349061666666665
car 0.15903905625 0.48650986805555557 0.061609724218749974 0.07641516527777775
car 0.5329957601562499 0.4432079458333333 0.03438682500000008 0.07641516527777784
car 0.55592031171875 0.4432079458333333 0.07307199843749998 0.10952840000000003
car 0.58887435078125 0.4635853222222222 0.09456376328124998 0.09169819583333332
car 0.6734086234375 0.43811360138888894 0.19056031171875007 0.23688700277777772
car 0 0.4775947680555555 0.15044235234375 0.14264164027777784
car 0.46064015390625 0.4419343597222222 0.030088471874999988 0.05349061388888888
car 0.49072862578125004 0.449575875 0.03868517656249999 0.048396270833333296
car 0.25008368046874996 0.4572174194444445 0.05263688593750002 0.06862290555555552
car 0.29991326796875 0.47593275416666664 0.030178480468750025 0.039926056944444434
car 0.4051870375 0.45222666111111115 0.022458405468749998 0.01871533749999996
car 0.42483814531249997 0.4472359083333334 0.014036503906249997 0.017467649999999994
car 0.44098012109375 0.4434928361111111 0.010527377343750022 0.02245840694444444
car 0.455016621875 0.4472359083333334 0.011931029687499973 0.023706090277777748
drivable area 0 0 0 0
lane 0 0 0 0
lane 0 0 0 0
lane 0 0 0 0