0 0.69991203359375 0.3015405597222222 0.03021904296875002 0.06585368750000001
0 0.4698573828125 0.3985880986111111 0.005848847656249934 0.02252889027777777
0 0.57221220546875 0.3899231375 0.00974807812500007 0.02079590000000001
0 0.46498334296875 0.3985880986111111 0.0048740398437500335 0.020795898611111124
0 0.56733816640625 0.3899231375 0.004874039062499946 0.02079590000000001
1 0.0009748078125000001 0.45924280694444447 0.1754654125 0.2616817513888889
1 0.15109521640625 0.47483973333333335 0.11307771015624998 0.16290122222222223
1 0.24955080859374998 0.4731067430555556 0.08188385937500002 0.1265083944444444
1 0.32851024375 0.476572725 0.06433731718749999 0.08838257777777775
1 0.3850490984375 0.4817717 0.02826942812500004 0.0606547083333333
1 0.6823654929687499 0.37086022916666667 0.2895179296875 0.298074575
1 0.65409606484375 0.42631596388888887 0.06726174140624996 0.16636720555555554
1 0.61705336640625 0.43324793055555555 0.06238770234375002 0.13170737222222217
1 0.58293509296875 0.46097579722222226 0.030219042187500024 0.03985880972222217
1 0.49617719375 0.4228499805555555 0.08285866640624998 0.1490372888888889
1 0.4240414140625 0.455776825 0.07506020390624997 0.05718872638888889
0 0.8435419976562499 0.19285728472222224 0.038241937499999955 0.04613313055555557
