0 0.647467275 0.5556317236111111 0.012789476562500023 0.02842106111111112
0 0.6626547781250001 0.46184222500000005 0.022381584374999975 0.03126316666666666
0 0.699424525 0.4675264361111111 0.007993422656250004 0.029842112499999966
0 0.798542971875 0.3836843111111111 0.049559223437499966 0.07673686111111111
0 0.41645734531249995 0.5300527694444445 0.011990135937500045 0.025578954166666692
3 0.5811218625000001 0.5471054041666666 0.008792764843749978 0.034105272222222205
1 0.5643356734375 0.5513685666666667 0.018384872656250016 0.02842105833333335
1 0.37089483359375 0.49168434027777774 0.05035856562499998 0.06110527916666671
0 0.3541086453125 0.5286317166666668 0.024779611718749983 0.045473695833333334
1 0.22621387421875 0.49026328611111114 0.175855309375 0.1179473986111111
