traffic sign 0.23748579453125 0.5114058916666667 0.025048811718749998 0.0374999736111111
traffic sign 0.32186073671875 0.5442183694444445 0.009228508593750018 0.0515624638888889
traffic sign 0.1860698140625 0.4481246847222222 0.02768552812499998 0.03515622638888895
traffic sign 0.14256398515625 0.4692184208333333 0.03955075390625 0.03281247638888887
traffic sign 0.7318702203125 0.5559371111111111 0.014501943749999935 0.02109373472222218
traffic sign 0.5301613749999999 0.5864058402777778 0.011865225781250021 0.011718741666666688
traffic light 0.5591652609375 0.5629683555555556 0.007910150000000015 0.023437484722222183
traffic light 0.6132179585937501 0.5676558527777777 0.006591791406250014 0.018749987499999954
traffic sign 0.8847998031250001 0.5629683555555556 0.02109373515624995 0.0539062138888889
traffic sign 0.9718114617187499 0.4645309236111111 0.027685528125000046 0.04687496666666667
car 0.53411645 0.6426558013888889 0.032958961718750054 0.04453122083333333
car 0.6092628828125 0.6192183166666667 0.018457018750000033 0.03515622638888887
car 0.6145363164062501 0.628593311111111 0.014501943750000024 0.023437483333333377
car 0.61717303359375 0.6239058138888889 0.03427732031249997 0.053906212500000016
car 0.47215360234375003 0.6426558013888889 0.07119135703124994 0.10781242500000003
car 0.9045751796875001 0.6567182916666667 0.0949218101562499 0.12656241249999992
drivable area 0 0 0 0
drivable area 0 0 0 0
drivable area 0 0 0 0
lane 0 0 0 0
lane 0 0 0 0
lane 0 0 0 0
lane 0 0 0 0
lane 0 0 0 0
lane 0 0 0 0
lane 0 0 0 0
lane 0 0 0 0
lane 0 0 0 0
lane 0 0 0 0
lane 0 0 0 0
lane 0 0 0 0
lane 0 0 0 0
lane 0 0 0 0