0 0.3177873578125 0.5060335833333334 0.011697692968750006 0.017329916666666712
0 0.29829120078125004 0.5597563291666667 0.007798462499999959 0.017329916666666632
0 0.494227578125 0.5250964930555556 0.00974807890624998 0.015596924999999985
1 0.48155507578125 0.5961491541666667 0.01949615703125005 0.027727866666666677
1 0.49910161718749996 0.6030811222222222 0.027294618750000055 0.04332479166666666
1 0.32851024375 0.6013481291666667 0.020470964843749995 0.04852376666666661
1 0.06823654921875 0.4644417833333333 0.17254098906249998 0.2443518319444445
3 0.257349271875 0.6013481291666667 0.0068236554687500115 0.04852376666666661
3 0.24955080859374998 0.6048141125 0.008773270312500036 0.05718872638888889
1 0.3538552484375 0.5250964930555556 0.13159905703125005 0.22355593194444448
1 0.51469854296875 0.5718872694444445 0.10527924687499998 0.15250327361111116
1 0.61802817421875 0.6048141125 0.017546541406249984 0.0415918013888889
3 0.63265029140625 0.6013481291666667 0.012672501562500039 0.04852376666666661
3 0.6453227929687501 0.6030811222222222 0.011697694531249959 0.046790776388888844
3 0.65799529609375 0.6013481291666667 0.008773270312499993 0.046790776388888844
3 0.8792766773437499 0.6082800958333333 0.02047096171875005 0.07625163472222225
3 0.8968232171875 0.5857512013888889 0.016571733593750082 0.1091784805555556
3 0.9094957203125 0.5926831708333333 0.016571732812499997 0.10224651111111116
3 0.8588057125 0.5996151375 0.023395389062499918 0.1039795041666667
3 0.93386591640625 0.5996151375 0.022420580468750017 0.11437745416666666
3 0.7584005046875 0.5978821458333333 0.014622117187500016 0.0693196652777778
3 0.6921135710937499 0.6013481291666667 0.015596925781250003 0.060654709722222186
3 0.04289154453125 0.5736202611111112 0.017546542187499996 0.06931966944444438
1 0 0.5996151375 0.08285866796875 0.1732991722222222
1 0.27392100468749997 0.5996151375 0.06726174062500001 0.09011556944444447
0 0.29926600937500003 0.5822852208333333 0.009748078124999981 0.015596926388888871
1 0.7340303085937501 0.6030811222222222 0.028269427343749952 0.05025675972222222
1 0.7886195476562501 0.6065471055555556 0.01364730859374994 0.03812581805555561
3 0.23882792109375 0.5718872694444445 0.010722887499999967 0.07798462916666667
3 0.85393167265625 0.6152120624999999 0.013647310156249936 0.08145061250000005
