0 0.1193304640625 0.2765501097222222 0.022924548437500004 0.07132081805555555
0 0.74402442109375 0.2936525513888889 0.015760627343749965 0.048396269444444445
0 0.75118834296875 0.3751620583333334 0.03581960703125002 0.022924548611111106
0 0.5090477953125 0.4541243944444444 0.011462274218749968 0.04330192500000002
0 0.75118834296875 0.4413885333333333 0.015760627343749965 0.06113213055555562
0 0.735427715625 0.5065233666666666 0.017193411718749996 0.033113237500000045
1 0.8228275578125 0.5931272180555556 0.14614399765624989 0.10188688333333329
1 0.8930339890625 0.6004048444444444 0.10602603828125012 0.10225077638888883
1 0.40875289375 0.5461864708333333 0.017193411718749996 0.017830204166666717
1 0.401588971875 0.5512808152777778 0.014327842968750027 0.028018893055555574
1 0.38582834453125 0.5589223305555555 0.017193411718749996 0.03566040972222224
1 0.37150050156250003 0.5589223305555555 0.017193411718749996 0.053490615277777764
1 0.35573987421875 0.5640166750000001 0.02865568593750001 0.06113213055555554
1 0.29269736484375 0.5600139833333333 0.063042509375 0.08405667916666673
1 0.4359757953125 0.5396366041666667 0.012895058593749998 0.0254717208333333
1 0.4460052859375 0.5421837763888889 0.022924548437500025 0.04330192500000002
1 0.46176591328125005 0.5574668111111111 0.024357332812499966 0.04075475277777774
1 0.47609375624999994 0.5752970125 0.025790117187499996 0.043301926388888905
1 0.48325767734375 0.5800274680555556 0.06734086249999996 0.07132081944444447
1 0.00184215078125 0.5640166750000001 0.13754729375 0.10952839999999994
