1 0.50755926171875 0.5272357763888889 0.07921544140625007 0.09955044027777775
1 0.3829656859375 0.5813468097222222 0.007136196874999978 0.02913671111111111
1 0.37644405000000003 0.5862029263888888 0.054631339843749946 0.10683461805555557
1 0.332738978125 0.5764906875 0.04097350468749998 0.0728417833333334
1 0.3928334515625 0.5692065097222222 0.23218319062499998 0.29136714027777777
3 0.589198990625 0.5837055069444445 0.010926267968750025 0.06312954722222225
3 0.60012525859375 0.5909896819444445 0.009560482812499948 0.06070148888888893
3 0.6110515265625 0.6079860986111112 0.010926268750000023 0.06070148611111108
3 0.623343578125 0.5909896819444445 0.010926268750000023 0.07526984583333338
3 0.6342698453125 0.5764213222222222 0.012292050000000021 0.07526984861111113
3 0.67387756796875 0.5764213222222222 0.009560482812500038 0.08012596666666667
3 0.70392480390625 0.5837055069444445 0.008194700781250041 0.06312954722222225
3 0.7148510703125 0.5739932680555555 0.01502361875 0.03399283611111115
3 0.73943517421875 0.5837055069444445 0.017755185156249985 0.09712237777777778
3 0.8049927796875 0.588561625 0.015023618749999912 0.10440655972222225
3 0.97708149765625 0.5739932680555555 0.017755185156249985 0.1553958083333333
3 0.98254463125 0.5934177388888888 0.01638940234374999 0.17724834444444454
3 0.65065924765625 0.5812774472222222 0.01912096796874998 0.09712238055555554
3 0.68070648359375 0.5788493847222221 0.02321832031249995 0.14082745694444448
3 0.71348528828125 0.588561625 0.03141301875 0.11654685972222226
3 0.8200163984375 0.5739932680555555 0.017755185156250165 0.13597133333333333
3 0.84460049921875 0.5812774472222222 0.03277880312499999 0.13111521250000002
3 0.8787450890624999 0.5837055069444445 0.028681453125000013 0.11897491250000003
3 0.94430269453125 0.5715652083333334 0.02731566953124993 0.1748202875
1 0.30921337968749996 0.6007019208333333 0.024584101562500037 0.031564774999999975
0 0.362478934375 0.5035795430555555 0.009560482812500038 0.01942447499999997
3 0.26414252421875 0.5948745805555556 0.008194702343749994 0.043705068055555546
3 0.14668514531250001 0.5851623416666667 0.02048675312499999 0.06555760416666669
3 0.0007922296875 0.5512330541666667 0.015210911718749998 0.23713422500000012
0 0.28357077343750003 0.5164829444444444 0.012292050781249975 0.021852536111111064
0 0.43466059062499995 0.5208187652777778 0.012292051562500017 0.024280594444444463
