1 0.78666993125 0.6013481291666667 0.20958368828125007 0.16290122222222223
1 0.6852899156250001 0.5822852194444444 0.12477540468750004 0.12650839583333334
1 0.6307006765625001 0.6065471041666667 0.06531212578124998 0.07625163611111113
1 0.593657978125 0.6082800958333333 0.039967121875 0.06065470972222226
1 0.57318701328125 0.6065471041666667 0.021445772656249938 0.04505778472222228
1 0.5507664328125 0.6100130875 0.01949615703124996 0.038125818055555524
1 0.0009748078125000001 0.6169450541666667 0.12185098046875001 0.08318360277777773
1 0.30706447109375 0.6152120624999999 0.02437019843749999 0.019062909722222247
1 0.33143466796875 0.6100130875 0.013647309374999982 0.013863933333333339
1 0.28366908281250003 0.6134790708333333 0.023395388281250006 0.02252889305555554
1 0.25832407890625003 0.6152120624999999 0.025345003906249986 0.02426188472222227
1 0.2281050359375 0.6134790708333333 0.028269427343749997 0.027727868055555563
1 0.20276003203125 0.6082800958333333 0.023395388281250006 0.03812581805555561
1 0.52834585234375 0.6065471041666667 0.023395388281250006 0.03812581805555561
0 0.39772160078124996 0.5822852194444444 0.008773271093750035 0.013863934722222224
0 0.46205891875000005 0.5788192361111111 0.003899231249999957 0.019062909722222247
1 0.43866353046875 0.6065471041666667 0.010722886718749968 0.017329916666666712
1 0.42501622109375 0.6030811208333333 0.011697693750000049 0.01906290833333328
0 0.719408190625 0.4540438319444445 0.023395388281250006 0.01386393611111111
0 0.17254098906249998 0.5337614513888889 0.017546539843750007 0.010397949999999965
0 0.02924423515625 0.5181645263888889 0.023395388281250006 0.013863933333333339
0 0.75645088828125 0.46790776666666667 0.014622117968750015 0.03812581666666664
1 0.502026040625 0.6048141125 0.023395388281250006 0.031193851388888857
1 0.48935353828125 0.5996151375 0.013647310156250026 0.032926843055555585
1 0.46595814999999996 0.5944161625000001 0.01852134921875006 0.03292684166666662
1 0.35288043984375 0.6048141125 0.019496157031250006 0.022528891666666655
1 0.38797352265625 0.6013481291666667 0.010722885937500015 0.024261883333333303
