traffic light 0.5776222796875 0.44109344027777775 0.010546868749999928 0.037499973611111174
traffic light 0.4088723953125 0.45515593055555553 0.009228509375000016 0.03515622638888887
traffic light 0.51697778984375 0.5090621430555555 0.009228509375000016 0.02343748194444441
traffic light 0.07664606171875 0.42937469722222227 0.015820301562499993 0.037499974999999984
traffic light 0.075327703125 0.4739059166666667 0.010546867968749995 0.01874998888888884
traffic light 0.6936378249999999 0.5301558791666667 0.01713866015625003 0.028124983333333298
traffic sign 0.68309095703125 0.4809371625 0.015820301562500028 0.014062488888888837
traffic sign 0.40623567890625 0.5090621430555555 0.01713866015625003 0.016406238888888917
traffic sign 0.5288430164062501 0.5395308722222222 0.011865224999999934 0.016406240277777803
car 0.48006375312499994 0.5653121055555556 0.01054686718750002 0.023437483333333297
car 0.48929226249999996 0.5606246069444445 0.021093735156250036 0.0398437236111111
car 0.50379420546875 0.5676558527777777 0.03164060390624997 0.05624996249999994
car 0.51961450703125 0.5770308458333333 0.05141598125 0.08906244027777785
car 0.26121624765624996 0.5746870986111111 0.05537105625000001 0.04921871666666659
car 0.32977088671875 0.5559371125 0.05405269765625 0.04921871527777778
car 0.1504741359375 0.5653121055555556 0.08701165781249998 0.09374993472222223
car 0.216392059375 0.5676558527777777 0.03955075468750002 0.05390621249999994
car 0.7094581265625 0.5770308458333333 0.08964837656249998 0.056249962500000014
person 0.72659678671875 0.5606246069444445 0.011865225781249933 0.035156224999999985
person 0.6778175234375 0.5653121055555556 0.013183583593749937 0.03984372222222221
person 0.64222184453125 0.5606246069444445 0.014501942968750025 0.037499974999999984
car 0 0.5934370847222222 0.11356009843749999 0.08437494027777777
car 0.43523956484375 0.5512496138888889 0.043505830468750076 0.08437494027777777
car 0.53016137421875 0.5957808347222222 0.154247940625 0.20859360555555553
car 0.8900732367187499 0.6028120791666667 0.1094237523437501 0.3187497791666667
traffic light 0.06433731796875 0.5406934180555556 0.010722885937500004 0.019062909722222247
traffic sign 0.77107300625 0.47137375 0.01949615703125005 0.013863933333333339
car 0.38602390703125 0.5614893194444445 0.02047096484375004 0.027727868055555563
car 0.4094192953125 0.5649553027777777 0.013647310156250026 0.027727868055555563
drivable area 0 0 0 0
drivable area 0 0 0 0
drivable area 0 0 0 0
lane 0 0 0 0
lane 0 0 0 0
lane 0 0 0 0
lane 0 0 0 0