traffic sign 0.597988090625 0.2979978333333333 0.05925305859375003 0.06237163611111115
traffic sign 0.6151402906250001 0.3631415430555555 0.04443979374999998 0.03742298472222221
traffic sign 0.72662959609375 0.38393209166666664 0.014033618749999999 0.03603694583333331
traffic sign 0.77028974375 0.39086227222222225 0.007796453125000014 0.012474327777777777
traffic sign 0.631512846875 0.20097528194444444 0.02494865468749996 0.018018474999999985
traffic sign 0.62761461875 0.160780225 0.01481326562499996 0.030492801388888876
traffic sign 0.6307332 0.2675050305555556 0.011694682812500013 0.0180184736111111
traffic sign 0.47948197578125 0.39502038055555555 0.02027078203124999 0.016632436111111086
traffic sign 0.48571913984375004 0.4144248916666667 0.007796453906250012 0.03880901944444446
traffic sign 0.59019163671875 0.4241271444444444 0.007016808593750046 0.004158111111111158
traffic sign 0.5933102171875 0.4255131833333333 0.013253973437499945 0.008316218055555583
traffic sign 0.5933102171875 0.39917848888888885 0.005457518749999934 0.011088293055555611
traffic sign 0.09979462265625 0.46016409305555556 0.019491138281250008 0.019404511111111116
traffic sign 0.16762378125 0.4698663472222222 0.015592909374999997 0.023562619444444502
traffic sign 0.44985544765625 0.4144248916666667 0.01559290937500002 0.012474327777777777
traffic sign 0.10603178671874999 0.5072893319444444 0.011694681249999995 0.009702256944444482
traffic light 0.10135391406250001 0.4061086722222222 0.008576099999999998 0.03603694722222228
traffic light 0.33212897890625 0.36591361666666666 0.008576098437500023 0.03465091249999996
traffic light 0.63541107421875 0.23424015416666666 0.016372553906249986 0.06098560138888891
traffic light 0.6159199359375 0.2411703375 0.009355746093750028 0.052669384722222254
traffic light 0.564463334375 0.3728437972222223 0.006237163281249991 0.027720730555555503
traffic light 0.75859506171875 0.32987666944444444 0.010135391406249994 0.036036945833333354
traffic light 0.756256125 0.4158109291666667 0.010135391406249994 0.015246398611111071
traffic light 0.57381908125 0.3728437972222223 0.006237163281249991 0.03187883888888889
traffic light 0.33914578828124997 0.36591361666666666 0.006237164843749987 0.0360369472222222
traffic light 0.10135391406250001 0.4823406763888889 0.015592909374999997 0.01940450972222223
traffic light 0.41866962812499997 0.3977924527777778 0.004677872656250059 0.012474327777777777
car 0.017931846093750002 0.4781825666666667 0.1988096 0.27166314166666666
car 0.29392634921875 0.40472263611111114 0.1902335 0.32710459583333334
car 0.5512093609375001 0.47263841944444446 0.4319236015625 0.3672996541666666
car 0.8973719585937501 0.4823406763888889 0.07094774062500005 0.08870633055555556
car 0.48727843125000003 0.4476897638888889 0.15436980781249998 0.20651942916666666
car 0.0007796453125 0.5599587166666666 0.00467787421875 0.04019505555555559
car 0.0007796453125 0.5474843888888888 0.007796453906249999 0.024948655555555553
car 0.00857609921875 0.5558006069444444 0.03742298359375 0.03880901944444438
car 0.22375825468750002 0.5100614041666667 0.031965465625 0.044353166666666666
car 0.1543698078125 0.5128334777777778 0.05535482968750001 0.04851127638888894
car 0.1949113734375 0.5183776250000001 0.02027078203124999 0.03049279999999999
car 0.2159618015625 0.5169915861111112 0.014813264062500008 0.0360369472222222
car 0.2518254921875 0.5183776250000001 0.015592910937499972 0.03326487361111106
car 0.2642998203125 0.5142195138888889 0.015592910156250018 0.026334693055555566
person 0.82174634609375 0.45877805694444446 0.011694682031249926 0.020790544444444472
traffic light 0.0007796453125 0.15523607916666665 0.0116946828125 0.08454822083333335
drivable area 0 0 0 0
drivable area 0 0 0 0
lane 0 0 0 0
lane 0 0 0 0
lane 0 0 0 0
lane 0 0 0 0
lane 0 0 0 0
lane 0 0 0 0
lane 0 0 0 0
lane 0 0 0 0
lane 0 0 0 0
lane 0 0 0 0
lane 0 0 0 0
lane 0 0 0 0
lane 0 0 0 0
lane 0 0 0 0