traffic light 0.5322450843750001 0.3656612541666666 0.007798464062499999 0.022528894444444506
traffic light 0.4952023859375 0.3656612541666666 0.005848846093750026 0.025994876388888914
traffic light 0.5049504640625 0.3639282625 0.00974807890624998 0.0259948777777778
traffic sign 0.5751366289062501 0.37779219444444445 0.008773270312499993 0.017329918055555518
traffic sign 0.599506825 0.38645715694444444 0.006823657031250008 0.013863933333333339
traffic sign 0.69113876328125 0.3968551055555556 0.012672502343750036 0.01906290833333328
traffic sign 0.68821433828125 0.3656612541666666 0.012672503125000035 0.029460859722222288
car 0.57708624375 0.4297819486111111 0.04971519999999998 0.058921718055555614
drivable area 0 0 0 0
drivable area 0 0 0 0
drivable area 0 0 0 0
drivable area 0 0 0 0
lane 0 0 0 0
lane 0 0 0 0
lane 0 0 0 0
lane 0 0 0 0
lane 0 0 0 0
lane 0 0 0 0
lane 0 0 0 0