traffic sign 0.557446953125 0.4329381027777778 0.008397506249999954 0.017061599999999937
traffic sign 0.57784089765625 0.41587650277777777 0.00959715000000001 0.03412319999999996
car 0.42668578515625005 0.4563978 0.021593586718749957 0.041883109722222166
car 0.390696471875 0.46279590000000004 0.03239038203124998 0.044786699999999985
car 0.36310466640625 0.4563978 0.03119073750000001 0.059715601388888866
car 0.309120696875 0.4478670013888889 0.061181831250000006 0.07677720138888888
car 0.23954135937499998 0.4649286013888889 0.08397506250000002 0.08744070138888883
car 0.10638090234375 0.4734594 0.1379590328125 0.11943120000000004
car 0.44228115390625 0.4606632013888889 0.041737674218749986 0.051184799999999975
car 0.557446953125 0.4563978 0.018856967968750027 0.02782061944444444
car 0.580258996875 0.4563978 0.020375132031249965 0.04052129999999994
car 0.5958355531249999 0.4457343 0.049185396093750014 0.0618483
car 0.6378230859375 0.4563978 0.050385037499999986 0.07464449999999997
car 0.6666145359375 0.4563978 0.07917648750000002 0.09810420138888887
car 0.71077648515625 0.4563978 0.17297356953125007 0.15907052916666664
traffic sign 0.76618496875 0.2900472027777778 0.00919108125000001 0.034796323611111096
drivable area 0 0 0 0
lane 0 0 0 0
lane 0 0 0 0