1 0.00124300390625 0.49076590277777776 0.06626128203125001 0.4599725180555555
1 0.0306924625 0.5319016541666667 0.113590778125 0.19819954166666665
1 0.1285067421875 0.5674279861111111 0.06626128281249999 0.06357344305555554
1 0.215803353125 0.5281620402777778 0.16092026640624998 0.1907203138888888
1 0.37146478515625 0.5468601111111111 0.05889892031250001 0.08040170000000002
1 0.42405310781249994 0.550599725 0.04101889062500001 0.054224404166666636
1 0.45770963359375 0.5337714625 0.01472472890625003 0.029916916666666696
1 0.4882108578125 0.5356412694444445 0.03365652812500004 0.06170362499999998
1 0.5523686140625 0.5449903041666666 0.031552992187500004 0.04487536805555558
1 0.52607445078125 0.5468601111111111 0.0178800296875 0.024307491666666674
0 0.52734338828125 0.3954057486111111 0.009248722656249963 0.039265948611111094
0 0.64913112421875 0.38418690000000005 0.03891535859374997 0.02617729166666665
0 0.6428205242187499 0.4197132375 0.02734592421875002 0.007479231944444425
1 0.77255806328125 0.5203121263888889 0.10019524140624991 0.0656249472222222
0 0.6092628828125 0.4921871611111111 0.01450194140625003 0.025781233333333375
0 0.403417690625 0.37968723750000005 0.009228510156250013 0.042187473611111095
0 0.39155246484375 0.3812497402777778 0.010546868749999971 0.03984371944444444
0 0.51745569921875 0.39492160277777777 0.007910150781250014 0.035156230555555605
