car 0.10148400078125 0.42783360416666666 0.026599571093749996 0.03813559027777779
car 0.14095433359375 0.4202064875 0.025741520312499988 0.06254236388888891
car 0.025117490625 0.41563021944444445 0.01201271015625 0.03355931388888891
car 0.038846301562500005 0.4141047958333334 0.025741521093750004 0.024406775000000006
car 0.038846301562500005 0.4202064875 0.0480508390625 0.057966094444444456
car 0.00023402109375 0.43393529861111113 0.031747876562500006 0.056440669444444404
car 0.15639924453125 0.40037598194444446 0.105540234375 0.15559319166666663
car 0.298835659375 0.3881725958333333 0.13471395703124997 0.13576268611111114
person 0.30484201328125 0.3729183611111111 0.03603812890625 0.14796607083333335
person 0.9500961296874999 0.2951217666666667 0.03603812812500014 0.1754236902777778
person 0.973263496875 0.29664718888888886 0.025741520312499943 0.17542369583333334
motor 0.46443944140625 0.39274886666666664 0.06521185078125002 0.08847455555555557
person 0.29368735625000003 0.4080030986111111 0.012012708593749987 0.04728813055555558
traffic sign 0.275668290625 0.31800311805555553 0.024025419531250015 0.05796608888888891
traffic sign 0.40351784296875 0.29664718888888886 0.012012709374999986 0.03355931944444445
traffic sign 0.22332719921875 0.37749463194444444 0.009438556249999985 0.021355926388888866
drivable area 0 0 0 0
lane 0 0 0 0
lane 0 0 0 0