0 0.48488962031250005 0.36777382777777773 0.005045677343749944 0.02466775694444452
0 0.5479605890625 0.37898644444444446 0.0037842578124999806 0.020182709722222192
0 0.47706880468749996 0.36777382777777773 0.006307096874999996 0.02466775694444452
0 0.5527539671875 0.37450139722222225 0.005045677343750032 0.03139532638888885
0 0.5451854507812499 0.37450139722222225 0.00126142031250005 0.026910277777777797
0 0.64584672109375 0.39244158472222224 0.005045677343750032 0.02242523333333332
0 0.65215381796875 0.38795653750000003 0.005045677343750032 0.029152802777777726
0 0.131187615625 0.39692663055555555 0.023966967968749996 0.013455140277777784
0 0.21620728281249998 0.3386210236111111 0.016398452343750015 0.01569766388888887
0 0.42434148984375 0.2870429875 0.02018271015625004 0.04709299027777776
0 0.478834803125 0.4148668180555556 0.012614193749999992 0.013455138888888898
0 0.609265559375 0.3722588736111111 0.017659871093750022 0.02242523333333332
0 0.609265559375 0.39916915416666665 0.013875613281250043 0.01121261666666666
0 0.6130498171875 0.39692663055555555 0.016398452343750057 0.013455140277777784
0 0.67107510859375 0.38347149027777777 0.012614193749999992 0.015697663888888908
0 0.6698136890625 0.4014116777777778 0.011352774999999937 0.01794018611111107
0 0.975329478125 0.33413597777777776 0.01639845156249997 0.024667755555555556
1 0.05424103359375 0.45523223749999997 0.045411096875 0.031395327777777815
1 0.36303650078125 0.44626214444444445 0.012614193750000035 0.02018270972222227
1 0.3327624359375 0.4507471902777778 0.012614193749999992 0.015697663888888908
1 0.2987041125 0.44626214444444445 0.01639845156249997 0.02018270972222227
1 0.26086153125 0.44177709722222225 0.02775122578125 0.026910279166666603
1 0.22428036875 0.4529897138888889 0.03279690390625003 0.029152804166666612
1 0.4821145015625 0.44177709722222225 0.018921289843749987 0.015697663888888828
1 0.5073428890625 0.4529897138888889 0.01135277421874994 0.020182709722222192
1 0.48842159843750005 0.45523223749999997 0.02396696796874993 0.03588037361111118
1 0.52752559921875 0.44177709722222225 0.016398451562500062 0.03139532638888885
1 0.5388783734375 0.44177709722222225 0.017659871093750022 0.03363784861111109
1 0.42585518984375004 0.4238369111111111 0.0643323875 0.09642850277777776
1 0 0.44850466805555556 0.055502452343749994 0.06279065277777779
1 0 0.40589672361111107 0.04288825859375 0.06279065416666667
1 0.11100490546875 0.4148668180555556 0.09334503359375002 0.07624579305555557
1 0.551744828125 0.39916915416666665 0.05045677499999997 0.08745840972222223
1 0.68343704140625 0.37001635 0.14380180937500012 0.1592191583333334
0 0.6886167578125 0.38996859722222227 0.021678204687500015 0.03740553055555548
