car 0.0002145125 0.38516941805555555 0.010296608593750001 0.07322032500000002
car 0.013085272656249999 0.3882202652777778 0.036896179687499996 0.07016947638888887
car 0.049981452343749996 0.3958473819444444 0.020593215625000005 0.04423728194444444
car 0.074006871875 0.40042365277777775 0.053199142187500006 0.03813558611111113
car 0.12806406484375 0.40805076944444446 0.03346397578125 0.024406775000000006
car 0.6797906546875 0.46906770694444444 0.046334739062500054 0.06254236111111114
car 0.62401736015625 0.45076262638888887 0.030889825000000037 0.053389820833333344
car 0.52362543046875 0.44466093194444445 0.02402541874999997 0.03355931944444445
car 0.53992839296875 0.44466093194444445 0.032605928125 0.047288131944444464
car 0.46098773046875 0.44161008611111113 0.009438555468750031 0.03661016111111108
car 0.43782036171875005 0.43398296805555553 0.023167368749999983 0.050338973611111094
car 0.42752375390625 0.4294066986111111 0.02316736562499999 0.06559320416666665
car 0.391485625 0.4263558513888889 0.04290253437499998 0.07016947777777784
car 0.3700343578125 0.43550839166666666 0.05577329374999995 0.07322032500000002
person 0.24390090703124997 0.40957619305555554 0.02230931796875 0.10220337222222224
traffic sign 0.223307690625 0.31347451666666665 0.028315672656249992 0.019830504166666665
traffic sign 0.22759794375000003 0.33940671527777777 0.02402542031249997 0.05186439722222218
traffic light 0.20872082890625002 0.330254175 0.018877114843750008 0.03813558611111113
traffic sign 0.37260851015625 0.36228806666666663 0.012012708593749987 0.03661016250000004
traffic sign 0.36917630703125004 0.33788129166666664 0.00943855781249998 0.02135592777777779
traffic sign 0.43438815937499997 0.3653389138888889 0.01115465859375 0.019830504166666665
traffic sign 0.6047112203125 0.43245754444444445 0.006006353906249995 0.013728811111111048
car 0.55880550859375 0.44466093194444445 0.07207625624999991 0.1052542180555556
car 0.704674125 0.46754228472222226 0.07808261015625 0.0838982875
traffic sign 0.798630675 0.38516941805555555 0.014586857812499954 0.022881352777777805
traffic light 0.630881765625 0.40652534722222217 0.010296608593750011 0.019830504166666665
bus 0.47729069296875004 0.427881275 0.027457621875000005 0.042711855555555504
car 0.50389026484375 0.43855923888888887 0.007722452343749975 0.019830504166666665
car 0.5107546703125 0.4461863555555555 0.006864404687499981 0.012203386111111157
car 0.516761025 0.44466093194444445 0.006864405468749979 0.013728811111111128
car 0.9432888265624999 0.4704841638888889 0.054915246875000004 0.07016947777777777
traffic sign 0 0.14257942222222222 0.01396283203125 0.12355929722222223
drivable area 0 0 0 0
lane 0 0 0 0
lane 0 0 0 0
lane 0 0 0 0
lane 0 0 0 0
lane 0 0 0 0
lane 0 0 0 0
lane 0 0 0 0
lane 0 0 0 0
lane 0 0 0 0
lane 0 0 0 0
lane 0 0 0 0