3 0.0048740390625 0.42631596527777776 0.07506020546875 0.38992313749999996
3 0.07895943515625001 0.41765100555555557 0.07798462890625 0.3812581819444444
1 0.0009748078125000001 0.35006432916666663 0.33630870703125 0.3812581805555555
1 0.31291331953125 0.47830571666666666 0.1530448296875 0.16810019722222225
3 0.53321989140625 0.5129655513888889 0.014622117968749926 0.10051352083333333
3 0.54394277734375 0.5094995694444445 0.014622116406250019 0.10051351944444444
3 0.5546656640625 0.5146985444444444 0.012672503125000035 0.09704753472222226
1 0.4669329578125 0.49910161666666664 0.09065712968750006 0.11437745555555555
1 0.5575900875 0.5094995694444445 0.03899231406250001 0.08491659305555556
1 0.58975874765625 0.5216305097222222 0.025345003124999987 0.055455733333333354
1 0.61510375078125 0.5250964930555556 0.01852134999999997 0.05025675972222222
1 0.6307006765625001 0.5233635013888889 0.01462211562500002 0.045057784722222195
1 0.647272409375 0.5268294847222222 0.015596926562500002 0.04505778333333331
1 0.66579375859375 0.5354944430555555 0.016571732812499997 0.03292684444444447
1 0.6804158765625 0.0017329916666666667 0.31681254999999997 0.7919772208333333
