car 0.46507438515625 0.4734594 0.013196081250000002 0.02132700000000006
car 0.44588008515625 0.47559210138888885 0.017994655468750054 0.021326998611111096
car 0.43028471640625005 0.47559210138888885 0.014395725781249969 0.01919430000000004
car 0.40029362187500006 0.47559210138888885 0.02879144999999994 0.02559239583333337
car 0.381099321875 0.4691940013888889 0.021593589062499953 0.021326998611111096
car 0.319917490625 0.45853050138888884 0.05278432578125001 0.04905209861111114
car 0.30192283359375 0.46706130277777774 0.02879145156249998 0.0447866986111111
bus 0.30792105234375 0.4180092013888889 0.06718005156250002 0.05545019861111105
car 0.2755306734375 0.45853050138888884 0.03478966875 0.04905209861111114
truck 0.16156451562500002 0.37322250138888885 0.11636544374999998 0.1535544
car 0.0008122523437499999 0.3924168027777778 0.19434228828125 0.1834122
car 0.53945229609375 0.46706130277777774 0.019194301562500016 0.03825085000000002
car 0.49026690390625005 0.4563978 0.05158468124999995 0.08957339999999997
car 0.5562473109375 0.46706130277777774 0.040787888281249976 0.061848298611111116
car 0.5994344851562501 0.4777248013888889 0.02879145078124994 0.04265400138888885
car 0.7050031359375 0.4819901986111111 0.0959715000000001 0.08957340000000005
drivable area 0 0 0 0
drivable area 0 0 0 0
lane 0 0 0 0
lane 0 0 0 0
lane 0 0 0 0
lane 0 0 0 0
lane 0 0 0 0
lane 0 0 0 0
lane 0 0 0 0