0 0.471411996875 0.19894736805555557 0.01298930937499998 0.055065790277777776
0 0.52137087890625 0.3286184222222222 0.007993421875000007 0.044407895833333356
0 0.47640788437500003 0.31263158055555557 0.006994243749999995 0.0319736861111111
0 0.40746462812499995 0.19184210555555556 0.015986842187500017 0.06394736944444443
0 0.388480253125 0.2948684222222222 0.01199013124999997 0.03552631666666666
0 0.4744095296875 0.1811842111111111 0.010990954687500044 0.014210526388888903
0 0.40846380625 0.17407894722222222 0.009991775781250035 0.015986841666666644
0 0.38947943046875 0.28065789583333334 0.010990953906249957 0.014210526388888865
0 0.4294465359375 0.21671052638888888 0.028976151562499997 0.014210527777777789
1 0.704220384375 0.4085526333333333 0.04796052656249996 0.12611842222222225
1 0.44843091093750004 0.42809210555555555 0.07993421171875 0.12434210833333334
1 0.0087927515625 0.45473684583333335 0.11190789453125001 0.06750000000000003
0 0.19064308203125 0.4014473708333333 0.007993421093750008 0.026644734722222237
0 0.20363238906249997 0.3801315805555555 0.005995067968750023 0.04263157916666671
0 0.17965212656250001 0.2842105263888889 0.015986841406249997 0.051513158333333364
1 0.300552621875 0.4174342125 0.18185032890625 0.2540131597222222
