car 0.255401509375 0.3933456402777778 0.08877592656250002 0.12140297638888889
traffic light 0.1775518515625 0.26708654583333336 0.01775518515625001 0.029136712499999995
car 0 0.29136714166666666 0.1734545015625 0.4200542930555555
traffic light 0.47365371328125 0.26465848611111115 0.012292050000000021 0.031564776388888854
car 0.332738978125 0.26951460694444446 0.25564054687500004 0.4252572805555555
bus 0.5458581359375 0.23390306944444444 0.15843088359375007 0.2937951972222222
car 0.61961044296875 0.37553987361111113 0.211696440625 0.2525181902777777
car 0.7146462015624999 0.31079161666666666 0.2827171796875 0.43219459444444447
traffic light 0.465219975 0.25113071527777775 0.009560484374999945 0.03399283194444445
drivable area 0 0 0 0
drivable area 0 0 0 0
drivable area 0 0 0 0
lane 0 0 0 0
lane 0 0 0 0
lane 0 0 0 0
lane 0 0 0 0
lane 0 0 0 0
lane 0 0 0 0
lane 0 0 0 0