traffic light 0.60423306015625 0.41445469027777776 0.007197863281249983 0.034123200000000034
traffic light 0.46987296093750003 0.46137409166666665 0.008397505468749955 0.034123200000000034
car 0.58383911640625 0.5637436916666667 0.020393943749999987 0.042654002777777734
car 0.6138302101562501 0.5552128902777778 0.020393944531249986 0.04478670138888887
car 0.63302451015625 0.5466820916666667 0.03239038203124993 0.06184830138888889
car 0.56824374765625 0.5637436916666667 0.015595368750000027 0.05545020138888882
car 0.46147545390625 0.5808052930555555 0.015595367968750029 0.06611370000000005
car 0.44228115390625 0.5957341930555556 0.020393943749999987 0.04052129999999994
car 0.39568881093749997 0.5849995972222222 0.04746090468749999 0.07499994861111116
truck 0.47227224765625 0.4763029902777778 0.10796793750000004 0.21113730000000003
person 0.9737233375000001 0.44857789027777784 0.023992875781249978 0.077828
person 0.9545290375000001 0.45284329027777775 0.016795012499999908 0.040521300000000024
person 0.94013331171875 0.45710869027777784 0.011996436718749948 0.021326998611111096
car 0.6750120421875 0.45284329027777775 0.3249879578125 0.44360160138888893
traffic sign 0.75058959921875 0.3142177888888889 0.031190738281250054 0.02345970138888889
traffic sign 0.77578211875 0.38459689027777777 0.02879145000000003 0.017061600000000017
car 0 0.58265585 0.17156787109375 0.25078107499999996
traffic light 0.684409315625 0.35437475 0.014501942968750025 0.03749997361111114
traffic sign 0.65145035390625 0.41999970416666665 0.01713866015625003 0.03515622638888887
drivable area 0 0 0 0
lane 0 0 0 0
lane 0 0 0 0
lane 0 0 0 0
lane 0 0 0 0
lane 0 0 0 0
lane 0 0 0 0
lane 0 0 0 0