traffic light 0.19325565546875 0.2954750888888889 0.014622117968749992 0.05372274722222221
traffic light 0.33947683203125 0.38559066111111107 0.00974807890624998 0.034659830555555576
traffic light 0.1796083453125 0.2954750888888889 0.011697694531250002 0.05718872916666666
traffic light 0.2078777734375 0.3024070555555556 0.00584884687499998 0.045057788888888894
traffic light 0.328753946875 0.38732365138888886 0.008773270312499993 0.039858809722222256
traffic light 0.48082396953125006 0.5484918819444444 0.015596924218749919 0.024261883333333303
traffic sign 0.46522704453125 0.5017011027777778 0.021445773437499937 0.017329916666666712
traffic sign 0.47205069921875 0.5311619638888889 0.011697694531250047 0.019062911111111053
traffic sign 0.43793242578124997 0.5328949569444444 0.01657173125 0.03639282638888888
traffic sign 0.627045146875 0.16030173472222223 0.04289154609374997 0.08838258055555556
traffic sign 0.65531457421875 0.26254824583333336 0.04094192968749999 0.025994876388888876
traffic sign 0.61534745234375 0.2954750888888889 0.071160975 0.11957643055555553
traffic sign 0.6426420726562501 0.42025049166666667 0.026319810937499976 0.031193852777777743
traffic sign 0.10259852578124999 0.4653082777777777 0.018521348437499995 0.015596926388888951
traffic sign 0.11039698906249999 0.4895701625 0.024370196093749998 0.015596927777777757
traffic sign 0.4389072328125 0.4514443444444444 0.016571732031249998 0.06238770138888891
traffic light 0.66701226875 0.4185175013888889 0.024370196874999993 0.038125818055555524
car 0.388217225 0.6039476180555555 0.013647308593750029 0.0398588069444444
car 0.3891920328125 0.5987486416666666 0.03314346562499999 0.051989751388888866
car 0.40478895859374997 0.6004816319444444 0.04776558359375001 0.06238770138888891
car 0.28586240078124997 0.6143455652777777 0.007798462500000003 0.02252889305555554
car 0.27903874609375 0.6074136 0.011697692968750006 0.034659834722222234
car 0.264416628125 0.6091465902777778 0.018521349218750018 0.038125818055555524
car 0.2507693171875 0.5970156472222222 0.017546541406249984 0.04852377083333334
car 0.23224796953125 0.5935496666666666 0.025345003906249986 0.057188725
car 0.18545719296875002 0.5900836819444445 0.052639624218750014 0.06758667499999997
car 0.00024370234375000003 0.48350469166666665 0.1043044390625 0.2278884125
car 0.49447127890625 0.5415599138888889 0.12477540468750004 0.20276003194444442
car 0.5627078296875 0.4479783597222222 0.43647021171875 0.49130315277777775
car 0.29268605546875 0.5415599138888889 0.09845559375000001 0.13690634999999998
person 0.48318990624999997 0.6030811194444444 0.012672501562500039 0.051989751388888866
person 0.46369374687500003 0.5996151375 0.010722887499999967 0.055455736111111126
drivable area 0 0 0 0
lane 0 0 0 0
lane 0 0 0 0