0 0.34284923984375004 0.5966188944444445 0.003294467187499972 0.0161062847222222
0 0.318140734375 0.6010115180555555 0.003294467187499972 0.01464207777777773
0 0.37167582890625 0.6068683500000001 0.008236168749999972 0.00732104027777775
1 0.250604153125 0.6581156208333334 0.023061271874999976 0.023427323611111068
1 0.31072818281250003 0.6537229958333334 0.01976680312500001 0.016106286111111087
1 0.06693759453125 0.6581156208333334 0.0551823296875 0.06588934444444447
1 0.0002246296875 0.6800787361111111 0.02223765625 0.08492404861111108
1 0.016696965624999997 0.6873997736111112 0.0115306359375 0.0468546486111111
1 0.358497959375 0.6288314638888889 0.03541552499999998 0.08053142916666671
1 0.33728351484374997 0.6550708722222223 0.009748078125000026 0.013863933333333339
1 0.42599102890624996 0.6429399305555555 0.028269427343750042 0.027727868055555563
