1 0.41243246328125 0.4970326708333333 0.004677873437500058 0.011088291666666647
1 0.40073778125 0.491488525 0.004677873437500058 0.011088291666666647
1 0.38826345390625 0.4956466347222222 0.0062371640624999895 0.011088288888888955
1 0.3695519609375 0.4956466347222222 0.010135391406250038 0.013860363888888906
1 0.26663875703125 0.49841870694444446 0.009355743749999989 0.008316218055555583
1 0.24324939296874998 0.4970326708333333 0.012474326562500027 0.009702252777777826
1 0.22063967343750002 0.5011907805555555 0.017152199999999996 0.009702249999999977
1 0.1980299546875 0.4970326708333333 0.022609717187500024 0.013860363888888906
1 0.18087775390625 0.5039628527777777 0.014813264062499987 0.006930181944444453
1 0.15826803359375 0.5025768166666666 0.02027078281250001 0.008316218055555583
1 0.1450140609375 0.4873304152777778 0.031185818749999993 0.026334697222222224
1 0.1309804421875 0.4970326708333333 0.019491138281249997 0.0180184736111111
1 0.11070966015624999 0.5081209624999999 0.017931845312500007 0.008316218055555583
1 0.07406632109375 0.4637677972222223 0.024169010156250004 0.029106763888888863
1 0.037422984375 0.4637677972222223 0.038982273437500006 0.03049279999999999
1 0.07874419453125 0.4956466347222222 0.024169009375000005 0.022176579166666717
1 0.028846882812500002 0.49426059722222226 0.05067695703124999 0.02910676527777775
1 0 0.460995725 0.02572830078125 0.05544145555555555
1 0.32682738671875 0.4975870763888889 0.01637255468750003 0.019404513888888884
1 0.353335334375 0.4975870763888889 0.02027078203124999 0.026334695833333338
1 0.37750434374999997 0.4975870763888889 0.013253973437499988 0.016632436111111086
1 0.40557159374999996 0.4962010402777778 0.00623716328125008 0.012474327777777777
1 0.39543620078125 0.4975870763888889 0.006237164062499944 0.009702254166666632
1 0.44221493046875004 0.4948150041666666 0.014033618749999999 0.018018472222222214
1 0.416330690625 0.46931194305555557 0.017931846093750002 0.04296712777777777
0 0.27911308515625 0.45461994722222226 0.010135390624999996 0.012474327777777777
0 0.3017228046875 0.4712523847222222 0.005457516406249985 0.01940450972222223
0 0.48649878515625 0.467094275 0.010135390624999996 0.0207905513888889
0 0.50131205 0.4615501305555556 0.014813264062499965 0.027720729166666618
0 0.43348289296875003 0.4698663486111111 0.0054575179687499364 0.011088290277777762
0 0.9454176226562501 0.2936417236111111 0.05379553906249992 0.1483059
1 0.561188825 0.23875865694444443 0.31905256328125003 0.4328070041666666
1 0.87267287265625 0.0032937055555555556 0.1261419374999999 0.8970093361111111
