traffic light 0.41050540078125 0.023921418055555553 0.026911593749999962 0.09464560416666666
traffic light 0.165375884375 0.29433743055555556 0.02164628203125001 0.029121723611111133
traffic sign 0.02998302578125 0.5007896569444444 0.0245714546875 0.04680277083333332
traffic light 0.0042415015625 0.3333397388888889 0.009360553125 0.02808166388888888
traffic light 0.45003790156249995 0.4300654666666667 0.011115657812500058 0.015600924999999993
traffic light 0.46349369765625 0.4019838069444444 0.009360554687499967 0.0364021555555556
traffic light 0.49742570625000004 0.40510399027777777 0.009360554687499967 0.027041601388888933
traffic light 0.5050311578125 0.3843027583333333 0.008775520312499997 0.019761170833333352
traffic sign 0.10391677109375 0.4892746916666667 0.015210900781250003 0.020801230555555526
traffic sign 0.11247291015625001 0.37806238888888893 0.008775520312499997 0.013520799999999946
car 0.00073129296875 0.4789483611111111 0.06961912421875001 0.06552388055555554
car 0.2019832109375 0.44358626944444446 0.011115658593750011 0.011440676388888862
car 0.21309886953124998 0.44462633055555556 0.025156489843750008 0.026001540277777718
car 0.21017369531250002 0.46958780972222225 0.021061247656249994 0.03536209444444446
car 0.22362949296874998 0.47686824166666664 0.02925173281250002 0.04368258472222229
car 0.395629678125 0.4602272555555556 0.056163324999999986 0.05096301666666668
car 0.4599834890625 0.45710706805555557 0.039782357031250014 0.04264252499999996
car 0.5044461234375001 0.45710706805555557 0.05382318671874993 0.038482279166666605
car 0.572310140625 0.4550269458333333 0.05967353515625007 0.04368258749999999
car 0.35382895546875004 0.48217255694444444 0.03217690546874996 0.027041598611111085
traffic sign 0.6899898656250001 0.16016948472222223 0.022816351562499993 0.11024653055555557
traffic sign 0.6905749015625 0.01664098611111111 0.027496628125000023 0.1268875125
drivable area 0 0 0 0
drivable area 0 0 0 0
lane 0 0 0 0
lane 0 0 0 0
lane 0 0 0 0
lane 0 0 0 0
lane 0 0 0 0
lane 0 0 0 0
lane 0 0 0 0
lane 0 0 0 0
lane 0 0 0 0