1 0.46465794843749997 0.48991941805555556 0.006123990624999997 0.020413309722222234
1 0.47001644140625 0.4940020805555555 0.006889492187500057 0.02041330833333335
1 0.47307843984375 0.4940020805555555 0.006123990624999997 0.03266129444444448
1 0.47843693203125 0.49264119305555554 0.009185989062499988 0.039465730555555543
1 0.48379542421875 0.48855853194444443 0.025261470312499944 0.0489919402777778
1 0.49221591640625 0.49740429861111113 0.031002713281249948 0.051033272222222176
1 0.39729402812500003 0.49672385277777775 0.010716986718749988 0.04627016944444446
1 0.37050156015625 0.49196074861111116 0.015309981249999983 0.07893146111111109
1 0.38198404531249996 0.4940020805555555 0.018754728906250052 0.06736391944444446
1 0.3299301078125 0.48583675555555556 0.03980595234374999 0.08301412222222224
1 0.30696513515625 0.4803932083333333 0.03750945625000002 0.1231602986111111
1 0.18525077968749998 0.45725812083333334 0.13740708828125 0.17895668055555558
1 0.5140326390625 0.489238975 0.08190840390625001 0.1007056569444444
3 0.39609109921874996 0.45550841249999996 0.022199473437499995 0.1755544569444445
3 0.40469385156250004 0.45000006527777775 0.05052293906249998 0.20141131805555554
3 0.40910458437499997 0.4468852263888889 0.06640953671875005 0.2272681736111111
0 0.27590774296875 0.4129320791666667 0.009951487500000012 0.046270165277777726
0 0.22385380390625 0.41429296666666665 0.009951487500000012 0.02857863194444445
0 0.49948815703125 0.4674647763888889 0.01071698750000003 0.019052425000000046
0 0.94271213046875 0.18644155694444445 0.055115934375000106 0.040372997222222214
0 0.9701425218749999 0.22409277916666667 0.028323466406249942 0.1265625152777778
3 0.38785287109375 0.6323589625 0.003827495312499973 0.016330643055555545
0 0.5418640015625 0.4757273097222222 0.005358493750000015 0.016330647222222203
