1 0.23527247812500002 0.4934983694444445 0.022953412499999982 0.03230480277777777
1 0.1979731828125 0.4934983694444445 0.030604549999999998 0.040806066666666634
1 0.22379577187500002 0.4934983694444445 0.016258667187499975 0.028904297222222257
1 0.43970130859375 0.4815966 0.01530227421874999 0.01870278055555556
1 0.44543966171875005 0.4951986222222222 0.018171451562499996 0.02210328611111115
1 0.5238638210937501 0.496898875 0.014345882031249957 0.02040303194444443
1 0.42344264140625 0.4900978625 0.023909804687500015 0.02890429583333337
1 0.40240201328124997 0.4951986222222222 0.021040628125000006 0.03400505555555561
1 0.41196593515625 0.47989634722222224 0.021040628124999915 0.02550379027777778
1 0.35075683515625 0.4747955888888889 0.03921208046875 0.06971036527777777
1 0.38136138515625 0.4866973597222222 0.02677898046874998 0.04760707638888885
1 0.53725331171875 0.4985991277777778 0.01434588124999996 0.017002526388888838
1 0.1960603984375 0.4781960944444445 0.02390980625000001 0.02380353888888883
1 0.2324033015625 0.4781960944444445 0.0210406296875 0.025503791666666664
1 0 0.44589129166666663 0.066947453125 0.1768262888888889
1 0.511478559375 0.47777102916666664 0.02390980625000001 0.027204044444444422
1 0.02677898125 0.4322042527777778 0.19892957421875 0.2261336180555555
1 0.45581652265625 0.48321183472222223 0.02964815781250003 0.05270783611111109
1 0.51415644609375 0.4985141097222222 0.014345882031249957 0.02210328472222219
1 0.2473230265625 0.3709951513888889 0.10807231562500004 0.2040303347222222
0 0.197016790625 0.40125965555555554 0.029648157812499985 0.040806068055555596
0 0.71193836796875 0.3689548527777778 0.01817145390624999 0.045906824999999984
1 0.719972028125 0.260138675 0.08703168984374994 0.05780859305555555
