traffic sign 0.0767368625 0.3723158861111111 0.04955922421874999 0.08810528611111113
traffic sign 0.8385100874999999 0.2529474347222222 0.02557895546875013 0.025578956944444464
traffic sign 0.81532916015625 0.2984211305555556 0.04236514453124993 0.031263165277777775
car 0.6011054203125 0.5286317152777779 0.018384874218750014 0.028421059722222156
car 0.62028963515625 0.5044738152777778 0.04955922421874996 0.09521055138888891
car 0.12549674296875 0.5229475055555556 0.08952634062500002 0.09805265694444446
car 0.4963915765625 0.5101580277777777 0.02158224296875 0.0412105361111111
car 0.46761525390625 0.5144211847222222 0.02877632187500003 0.05968422777777778
car 0.40047049843750004 0.5243685583333334 0.053555935937499924 0.07957896944444443
truck 0.161467146875 0.5030527625 0.10631252812500003 0.10089476527777777
car 0.29495731406250003 0.5286317152777779 0.0999177890625 0.10942108472222216
car 0.645069246875 0.5272106638888889 0.08792765625000003 0.09521055138888891
drivable area 0 0 0 0
lane 0 0 0 0
lane 0 0 0 0
lane 0 0 0 0
lane 0 0 0 0
lane 0 0 0 0
lane 0 0 0 0
lane 0 0 0 0