traffic sign 0.6443497734375 0.4307144944444445 0.011192606250000025 0.01224490277777777
traffic sign 0.7778000890625 0.4506124597222222 0.010331636718750037 0.012244901388888884
traffic sign 0.701173778125 0.4567349083333333 0.015497455468749966 0.021428584722222234
traffic sign 0.7028957171875 0.47816349305555556 0.010331637500000036 0.010714290277777788
traffic sign 0.7046176578125001 0.49040839722222224 0.009470667968749957 0.009183677777777809
person 0.67637786015625 0.5158165583333333 0.006026787500000008 0.01989796527777775
person 0.66862913203125 0.5081634902777779 0.006887757812499995 0.02908164722222221
person 0.6608804046875 0.5066328791666667 0.007748727343749984 0.03214287222222225
person 0.58597603359375 0.5081634902777779 0.006026787500000008 0.02755103333333327
person 0.5756443960937501 0.5081634902777779 0.0060267898437500024 0.02755103333333327
person 0.35265322578124997 0.48520430000000003 0.016358425 0.08418371249999994
person 0.21231515234375 0.4515308152777778 0.03616073046874999 0.15765313055555552
person 0.1639286453125 0.4714287861111111 0.03185588125000001 0.1377551625
person 0.13379470234375 0.45765326666666667 0.030133942968750004 0.14387761666666665
motor 0.7189097624999999 0.5219390069444445 0.01808036406250002 0.04897961388888884
motor 0.83479632421875 0.5311226888888889 0.08695794687500005 0.12397964583333329
car 0.7287248125 0.5204083958333333 0.025829092968750002 0.06428574444444443
car 0.7485271164062499 0.5158165583333333 0.03702170078125002 0.08112248749999998
car 0.76626309921875 0.523469623611111 0.05165818515624991 0.08265309861111116
car 0.79123122265625 0.5250002375 0.0774872804687499 0.11632658333333332
car 0.88817645078125 0.5311226888888889 0.11020413046875 0.1836735513888888
car 0.63487910625 0.5096941069444445 0.012914547656249997 0.013775513888888863
car 0.6054339546875 0.5005104277777778 0.016358424999999954 0.022959195833333328
car 0.59338037890625 0.5035716555555556 0.022385214843750046 0.03214287361111106
car 0.51503213125 0.5066328791666667 0.04993624531250003 0.061224516666666694
drivable area 0 0 0 0
lane 0 0 0 0
lane 0 0 0 0
lane 0 0 0 0
lane 0 0 0 0