0 0.00584884765625 0.46097579861111115 0.027294619531249998 0.027727868055555563
0 0.008773270312500001 0.4956356347222223 0.025345003124999998 0.04505778333333331
0 0.24955080859374998 0.42631596527777776 0.03509308281250001 0.017329916666666632
0 0.79934243359375 0.36739424583333335 0.0331434656249999 0.020795902777777778
0 0.5341946992187501 0.5268294847222222 0.012672502343749947 0.027727866666666677
0 0.5644137437500001 0.49910161666666664 0.01364730859374994 0.02426188472222227
0 0.284643890625 0.4887036666666667 0.009748078906250023 0.020795901388888892
0 0.33923313046875003 0.47657272361111114 0.004874039062499991 0.01906290833333336
0 0.6706677976562501 0.5146985416666666 0.01754654218749998 0.012130943055555576
0 0.2037348390625 0.49043665833333333 0.020470965624999993 0.029460858333333326
0 0.2320042671875 0.4037870736111111 0.011697694531250002 0.0779846263888889
0 0.7934935859375 0.47483973194444445 0.016571733593749992 0.02946085972222221
0 0.2745886484375 0.5345920583333333 0.009080434374999991 0.01649931250000007
0 0.288543121875 0.5354944430555555 0.004874039843749988 0.01386393611111111
0 0.81298974375 0.47483973194444445 0.015596925000000006 0.027727868055555563
0 0.5965824015625001 0.5233635013888889 0.010722886718749968 0.01906290833333328
0 0.34313236171875 0.3951221138888889 0.009748078124999981 0.04332479166666666
0 0.540043546875 0.4193839986111111 0.009748077343750073 0.03985880833333337
0 0.36000377031249997 0.405624325 0.00819049140625001 0.03536211944444448
0 0.55174124140625 0.42631596527777776 0.00974807890624998 0.027727868055555563
0 0.57903586015625 0.4661747736111111 0.007798463281250001 0.04679077638888892
0 0.581960284375 0.5233635013888889 0.010722885156249973 0.008664959722222202
0 0.468882575 0.5389604263888889 0.004874039062499946 0.019062909722222167
0 0.47570622890625 0.5424264097222222 0.005848846875000024 0.013863934722222224
1 0.376275828125 0.5770862444444445 0.07895943515625001 0.07798462777777779
1 0.66189452734375 0.5614893194444445 0.10430443984375 0.06585368472222221
1 0.5127489265625 0.5736202611111112 0.01949615703124996 0.025994876388888834
1 0.56928778203125 0.5597563277777778 0.03899231406250001 0.03292684444444439
1 0.64337317734375 0.5701542791666666 0.030219044531250017 0.031193851388888937
1 0.50007642578125 0.5701542791666666 0.02047096484375004 0.024261883333333383
1 0.46693295859374995 0.5649553027777777 0.026319811718750065 0.032926843055555585
1 0.45913449531249995 0.5597563277777778 0.011697694531250047 0.03292684444444439
1 0.12715980703125002 0.5657939291666666 0.05382322734375 0.024961497222222247
1 0.097908053125 0.5741144291666667 0.023401403124999998 0.014560872222222245
1 0.05227531640625001 0.5741144291666667 0.02457147343749999 0.016640997222222214
1 0 0.5865951763888889 0.01834328125 0.03744224583333333
0 0.2722485078125 0.5096305611111112 0.014040842187500013 0.010400623611111114
0 0.2851192796875 0.5158709361111111 0.011700701562500004 0.008320498611111067
