car 0.49175265859375 0.5346098055555556 0.02319587968750003 0.016494848611111085
car 0.51262895078125 0.5428572291666667 0.017396909374999936 0.01030928055555549
car 0.53582483046875 0.5387335180555556 0.026675262500000053 0.014432991666666655
car 0.5717784445312499 0.5346098055555556 0.03711340859375003 0.026804130555555538
traffic sign 0.47203616015625 0.36111934166666665 0.024355674218749977 0.06391753888888888
traffic sign 0.77540515078125 0.4106038888888889 0.04407217343749999 0.08865980833333333
drivable area 0 0 0 0
lane 0 0 0 0
lane 0 0 0 0
lane 0 0 0 0
lane 0 0 0 0
lane 0 0 0 0
lane 0 0 0 0