1 0.41945724531249995 0.324604825 0.05702817656250003 0.08715417083333334
1 0.396445875 0.3423913902777778 0.02101038203125003 0.046245070833333284
1 0.36943252890625 0.3299407944444444 0.029014335937500003 0.0640316375
1 0.35442511484375 0.3317194513888889 0.023011369531249982 0.07648223472222221
1 0.3154058359375 0.3281621388888889 0.04902422187500002 0.1013834263888889
1 0.2783875453125 0.3281621388888889 0.06303114218750001 0.14051386944444447
1 0.13231537499999999 0.31571154166666665 0.16208008046875003 0.25434789305555555
1 0.00125061796875 0.2605731875 0.14907365390625 0.3112649013888889
1 0.472633528125 0.3308301236111111 0.023011369531250027 0.04268775694444449
1 0.49264341328125 0.33616609305555556 0.013006427343750016 0.033794474999999956
1 0.50064736953125 0.3343874361111111 0.012005932031250045 0.04268775972222226
1 0.50965181875 0.3343874361111111 0.019009391406249954 0.04980238472222223
1 0.5236587375 0.3343874361111111 0.019009392187499953 0.056917011111111096
1 0.53966664765625 0.33260877916666665 0.033016313281249945 0.07292492083333334
1 0.56968147734375 0.2632411736111111 0.18509145 0.2507905777777778
1 0.69802195703125 0.03675889722222222 0.30114879062499994 0.7043480041666665
