0 0.5181284125000001 0.3852797888888889 0.06335777265624998 0.10937122638888887
0 0.336319153125 0.4032362583333333 0.023873942968750006 0.07182587916666666
0 0.091152121875 0.4930186083333333 0.025710400781249986 0.05550181666666671
0 0.2141947515625 0.5713741138888889 0.014691657812499991 0.0212212833333333
0 0.33907383984375 0.5468880194444444 0.020201028906249974 0.03264812777777782
3 0.3264302625 0.592563513888889 0.011018742968750005 0.035912941666666615
3 0.33836723359375 0.592563513888889 0.011018742968750005 0.03917775416666668
3 0.11431945859374999 0.5909311083333333 0.014691657031250017 0.04407497083333338
1 0.17789531328125 0.5886457347222223 0.02020102890625002 0.03917775416666668
1 0.19625988515624998 0.5951753611111111 0.021119257812499993 0.029383315277777832
1 0.226561428125 0.5935429541666667 0.022955715624999984 0.035912941666666615
1 0.2412530859375 0.5935429541666667 0.028465085937500013 0.03754534583333332
1 0.3633774875 0.5919105625000001 0.014691657031249994 0.019588874999999936
1 0.3532769734375 0.589298701388889 0.010100514062499987 0.02285368888888889
1 0.38908788828124996 0.5909311083333333 0.022037486718750054 0.019588877777777784
1 0.581697809375 0.5795042625 0.018364571093749938 0.03428053472222222
0 0.75713046953125 0.4732448 0.018364571093750025 0.07672309861111104
