2 0.75450127265625 0.3899231388888889 0.03021904296875002 0.11957642916666668
2 0.7554760804687499 0.44364588194444443 0.02924423515625003 0.07278565416666673
0 0.7739974296875001 0.2582157666666667 0.02242058046874993 0.04332479305555555
0 0 0.14210532083333333 0.05751366328125 0.0415918013888889
0 0.083833475 0.22182294027777777 0.03996712031250001 0.057188727777777774
0 0.07603501093750001 0.049922994444444445 0.015596925781249993 0.08005138472222223
0 0.647272409375 0.3084725263888889 0.007798464062499999 0.016026933333333323
3 0.39187275312500003 0.3483313388888889 0.009748079687499977 0.05025675972222222
1 0.5566152796875 0.37086022916666667 0.013647310156249936 0.020795901388888892
1 0.540043546875 0.37086022916666667 0.009748076562500074 0.012130943055555576
1 0.51372373515625 0.3691272375 0.012672501562500039 0.01386393611111111
