traffic sign 0.06433731796875 0.1473042972222222 0.085783090625 0.12650839583333334
traffic sign 0.31681254999999997 0.27034670972222224 0.042891545312500015 0.05892171805555557
traffic sign 0.39577198515625 0.3639282625 0.042891545312500015 0.06412069444444445
traffic sign 0.593657978125 0.3847241625 0.02047096484375004 0.04505778749999997
car 0.16571733359375002 0.4297819486111111 0.09260674531250002 0.06758667500000004
car 0.53321989140625 0.42804895694444445 0.023395388281250006 0.03465983194444446
traffic sign 0.56441374296875 0.41245203055555557 0.012672501562499949 0.031193851388888857
drivable area 0 0 0 0
drivable area 0 0 0 0
lane 0 0 0 0
lane 0 0 0 0
lane 0 0 0 0
lane 0 0 0 0
lane 0 0 0 0
lane 0 0 0 0
lane 0 0 0 0
lane 0 0 0 0