car 0.226740828125 0.47767143194444445 0.09248319140625001 0.07893146249999998
car 0.4617490609375 0.49672385416666665 0.02219947343749995 0.027217745833333376
car 0.48779263359374997 0.4906246527777778 0.021093735156250036 0.02106896111111109
car 0.5160994960937499 0.49765589583333336 0.013778983593750026 0.019481268055555508
car 0.5392086132812499 0.49999964444444445 0.01822783359375002 0.01849840694444443
car 0.44033172890624994 0.4906246527777778 0.021093735156250036 0.016986300000000024
traffic sign 0.9704931046875 0.4382809486111111 0.01845701953124994 0.03984372361111118
car 0.5666224359375 0.5062500652777777 0.009185989062499988 0.010887098611111097
car 0.58040141953125 0.5089718402777778 0.0076549914062500335 0.0068044361111111425
drivable area 0 0 0 0
drivable area 0 0 0 0
drivable area 0 0 0 0
lane 0 0 0 0
lane 0 0 0 0
lane 0 0 0 0
lane 0 0 0 0
lane 0 0 0 0
lane 0 0 0 0
lane 0 0 0 0
lane 0 0 0 0
lane 0 0 0 0
lane 0 0 0 0
lane 0 0 0 0
lane 0 0 0 0
lane 0 0 0 0
lane 0 0 0 0