0 0.38894833046875 0.3625418638888889 0.012672501562499994 0.008664956944444432
1 0.40746967968750003 0.3937357166666666 0.007798461718750005 0.017329916666666712
1 0.3938223703125 0.3937357166666666 0.009748078124999981 0.019062906944444475
1 0.38407429140625 0.3937357166666666 0.00877327109374999 0.019062906944444475
1 0.35483005703125003 0.3850707569444444 0.028269427343749997 0.03985880833333337
1 0.32656062812500003 0.3920027222222222 0.03021904453124997 0.03292684166666662
1 0.30608966406250004 0.3677408388888889 0.026319814062499967 0.05892171944444442
1 0.25637446328125 0.36947383055555555 0.05946327890625001 0.07105266111111111
1 0.11795175 0.36427485555555555 0.10430443984375001 0.11784343611111114
1 0.11795175 0.37293981527777775 0.036067890625 0.046790775000000034
1 0.0809090515625 0.3989346916666667 0.031193850781249997 0.03465983333333335
1 0.04874039140625 0.3920027222222222 0.030219042187499996 0.04332479444444443
1 0.0001812703125 0.3902697319444445 0.0495339296875 0.05372274166666663
1 0.12964944453125 0.3764057972222222 0.19203714453124998 0.18196413194444438
1 0.42209179765625005 0.35560989722222225 0.07700982109374994 0.1282413875
1 0.49520238515625004 0.3920027222222222 0.016571732031249998 0.03985880972222217
1 0.5176229671875 0.2966881777777778 0.10527924609374999 0.19062908888888888
0 0.50397565625 0.36080887361111114 0.007798462500000003 0.02426188472222219
1 0.6921135703125 0.3937357166666666 0.025345003906250073 0.03465983333333335
1 0.7077104960937499 0.3954687069444444 0.04289154531250006 0.02946085694444444
1 0.75157684921875 0.38853674027777774 0.05458923828124993 0.04505778472222228
1 0.80909051171875 0.3764057972222222 0.06043808671874995 0.05198975277777775
1 0.8558812890624999 0.38853674027777774 0.1121029015625 0.07971761944444451
0 0.402595640625 0.3504109222222222 0.004874039062500035 0.020795898611111124
