0 0.21446761484375002 0.43574375416666666 0.0202707953125 0.028644774999999987
0 0.53672132109375 0.37291006111111114 0.025468436718750008 0.02310062222222224
0 0.542438725 0.3960106833333334 0.014553392968750068 0.027720747222222206
0 0.5419189624999999 0.42373143055555557 0.009355752343750013 0.02032854722222221
0 0.35427114921874997 0.4294867763888889 0.005717403906250018 0.01755646805555552
1 0.25873851640625 0.4564682986111111 0.018191739062500024 0.05082136805555556
1 0.33046594765625004 0.46663257222222226 0.0202707953125 0.02864477222222222
0 0.32394291640625 0.4356777402777778 0.016632448437500003 0.012012323611111084
1 0.2661245875 0.42135535555555553 0.07900412734374998 0.11457909027777775
1 0.3679983328125 0.45092415 0.02962654921875001 0.04620124305555551
1 0.4168561484375 0.4176592541666666 0.08264247578125002 0.1312115361111111
