1 0.12630256953125002 0.29383972222222227 0.108370721875 0.12058516944444442
1 0.52704035078125 0.28829557638888886 0.06471057578124997 0.10118065972222223
1 0.43504218281249996 0.28829557638888886 0.014813265625000049 0.02217658472222222
1 0.2331140015625 0.28275143055555557 0.04210085546875 0.09009236944444446
1 0.275994503125 0.28690954027777776 0.02572830156250001 0.08454822222222222
1 0.30016351328125 0.28413746805555556 0.028846884375000003 0.07900407499999997
1 0.3219935875 0.28275143055555557 0.02260971718749998 0.059599566666666666
1 0.3422643703125 0.2924536861111111 0.02260971796875002 0.047125238888888886
1 0.3648740890625 0.29938386805555556 0.014813264062500008 0.0360369472222222
1 0.37890770703125 0.3049280138888889 0.014813264062500008 0.020790544444444434
1 0.38748380859375 0.3035419791666667 0.013253973437499988 0.022176580555555523
1 0.393720971875 0.29799783194444446 0.014033620312499995 0.018018472222222214
1 0.5137863765625 0.2896816125 0.01949113828125002 0.07484597083333332
1 0.5005324046874999 0.30076990416666666 0.014813264062500053 0.049897311111111106
1 0.4880580765625 0.3049280138888889 0.01325397421875003 0.04435316527777778
1 0.47714303984375006 0.3077000861111111 0.008576099999999975 0.02772072916666666
1 0.45843154765625 0.30076990416666666 0.020270783593749987 0.026334691666666684
0 0.71805349609375 0.11226895 0.03274510937499997 0.030492802777777762
0 0.7289685328125 0.14830589722222223 0.026507946093750068 0.04158109305555557
