0 0.40989077265624996 0.26729838888888885 0.011996437500000035 0.061848302777777774
0 0.42548614140624996 0.2694310888888889 0.014395725781250058 0.06398100138888888
0 0.8441618109375 0.46990489027777776 0.014395726562499966 0.02985779999999999
0 0.8249675109375 0.47417029027777774 0.011996436718750125 0.02559240138888891
0 0.347509296875 0.43578169027777774 0.016795014062500037 0.027725100000000048
0 0.349908584375 0.3654025902777777 0.02759180703124997 0.023459700000000003
0 0.8225682234375 0.3696679902777778 0.02279323125000001 0.017061600000000017
0 0.8393632359375 0.40379119027777777 0.026392163281250092 0.01919430000000004
1 0.165163446875 0.4763029902777778 0.13915867421875 0.0917061
1 0.56584446015625 0.5338858902777778 0.010796793750000066 0.01919429999999996
1 0.55384802265625 0.5317531902777778 0.011996437499999946 0.02345970138888889
1 0.5406519414062501 0.5253550902777778 0.01919430000000002 0.031990499999999936
1 0.50226334140625 0.5253550902777778 0.039588245312500006 0.05331750277777777
1 0.5790405414062499 0.5402839902777778 0.01319608203125 0.019194298611111073
1 0.58983733515625 0.5402839902777778 0.011996436718749948 0.014928899999999995
1 0.60063412890625 0.5424166902777777 0.010796794531249976 0.012796200000000053
1 0.6102312796875 0.5381512902777777 0.01919430000000002 0.021326998611111096
1 0.6258266484375 0.5381512902777777 0.021593588281249954 0.03199050000000001
1 0.6426216609375001 0.5338858902777778 0.045586463281249934 0.06611370416666662
0 0.48306904140625007 0.46137409027777776 0.010796793749999978 0.017061600000000017
3 0.02338936484375 0.43382940138888887 0.019491136718750003 0.041581093055555525
