0 0.552721934375 0.4378659375 0.010530621875000002 0.018721106944444444
0 0.646494634375 0.39834359722222223 0.014040831249999997 0.009360554166666665
1 0.39568452578125 0.5068566847222222 0.02164628203125001 0.02912172500000002
1 0.3828137640625 0.5130970541666667 0.01696600390624998 0.035362093055555495
1 0.3676028640625 0.5214175472222222 0.022231316406250024 0.03536209305555557
1 0.34888175390625 0.5307781027777778 0.024571454687499994 0.032241911111111125
1 0.3231402296875 0.5172573027777777 0.02983676562500004 0.056163322222222214
1 0.28920822031250004 0.5234976708333333 0.03978235859374997 0.06552388055555554
1 0.21432378671875002 0.546379025 0.07956471093749999 0.07696455972222224
1 0.11428286171874999 0.5640600722222222 0.09887085468749998 0.09776578888888889
1 0.000786140625 0.5872881347222223 0.1228572765625 0.14352849861111114
1 0.609027171875 0.4628274097222222 0.022816350781249994 0.04576270972222226
1 0.62950338359375 0.46594759305555555 0.021061248437499992 0.04992295555555562
1 0.64061904296875 0.4628274097222222 0.023401384374999966 0.05928351250000006
1 0.65875511640625 0.44930660694444446 0.04972794531250004 0.07592449444444445
1 0.67806126015625 0.4586671625 0.06669394843749998 0.09256548194444439
1 0.72915427421875 0.46178734722222226 0.09360554453125003 0.11648689722222222
1 0.8215897476562499 0.36298149583333333 0.17726549765624994 0.2745762583333333
1 0.5031358921875 0.46178734722222226 0.06844905312499998 0.10088597361111111
1 0.5737841546875 0.48364895555555554 0.017551040624999993 0.016640981944444473
1 0.4544370875 0.49196944861111114 0.022231317187499933 0.015600924999999993
