1 0.34898120859375 0.37779219583333334 0.017546541406250026 0.017329918055555598
1 0.37042698125 0.37952518749999997 0.01949615781249996 0.02426188611111115
1 0.39284756171875 0.37605920416666666 0.01852134999999997 0.020795901388888892
1 0.30511485546875 0.37779219583333334 0.018521350000000013 0.034659834722222234
1 0.25150042421875 0.3569962958333333 0.052639622656249996 0.06412069444444445
1 0.17059137265625 0.3465983458333333 0.08870751406250002 0.11611044305555558
1 0.055564046874999995 0.33966637777777775 0.12672502031250002 0.16290122222222228
1 0 0.32580244444444445 0.10332963203125001 0.2361050847222222
1 0.4152681421875 0.37432621250000003 0.015596925781250003 0.02252889305555554
1 0.42989026015625004 0.37086022916666667 0.012672501562499949 0.031193851388888937
1 0.43963833828125 0.3691272375 0.02826942890624995 0.04505778333333331
1 0.450361225 0.37086022916666667 0.048740392187499995 0.06758667777777781
0 0.40746967968750003 0.32580244444444445 0.007798462500000003 0.02426188472222219
0 0.37048554921875 0.3286092125 0.005790278906250013 0.016256140277777772
0 0.54012472109375 0.24183361944444443 0.028188253124999996 0.022760812500000012
0 0.5478420093749999 0.21662396527777777 0.011697695312500044 0.02252889305555554
0 0.5371191234375 0.14037232916666667 0.02144577109375003 0.062387702777777776
