car 0.11997062031250001 0.4601559402777778 0.18852526171875 0.19296862222222222
car 0.6007320359375 0.37578099722222225 0.22675765624999994 0.3093747861111111
car 0.5189938109375001 0.4453121944444444 0.06723628124999995 0.09140618611111112
car 0.3928708234375 0.4464840666666667 0.04218747031249994 0.06093745972222225
car 0.44033172890624994 0.4511715652777778 0.04614254609374999 0.06093745833333336
car 0.49438442499999996 0.4652340555555556 0.02241209375000004 0.04921871527777778
car 0.8312250148437499 0.44882781666666666 0.04877926171875 0.06796870277777782
traffic sign 0.932738615625 0.28945292638888886 0.03295896171874997 0.058593706944444476
traffic sign 0.9274651828125 0.3527341319444444 0.04086911250000007 0.04453121944444444
traffic light 0.45889688984375 0.40195285138888887 0.007802006250000026 0.02202693055555558
traffic light 0.5269135015625 0.4066403458333333 0.010331637499999945 0.02343747916666664
traffic sign 0.234008628125 0.3386716416666667 0.01977537734374999 0.05156246527777775
car 0.48515591718750006 0.4535153138888889 0.013183583593749937 0.035156224999999985
traffic light 0.42531906875000003 0.4316328472222222 0.009470667187499959 0.01224490277777777
traffic sign 0.354719546875 0.3642858777777778 0.02066327499999998 0.015306129166666614
traffic sign 0.3926022171875 0.3750001680555555 0.006887757812499995 0.0244898069444445
drivable area 0 0 0 0
drivable area 0 0 0 0
drivable area 0 0 0 0
lane 0 0 0 0
lane 0 0 0 0
lane 0 0 0 0
lane 0 0 0 0
lane 0 0 0 0
lane 0 0 0 0
lane 0 0 0 0
lane 0 0 0 0
lane 0 0 0 0
lane 0 0 0 0
lane 0 0 0 0
lane 0 0 0 0
lane 0 0 0 0