car 0.33380379296874996 0.8106117319444445 0.04588368359375004 0.07137461805555555
car 0.44018225 0.8148942236111111 0.09979700859375003 0.1794561819444444
car 0.13734993984375 0.8312084180555556 0.05391332890625 0.04078549999999995
car 0 0.8034742722222222 0.0880249828125 0.19373110694444445
car 0.4860659328125 0.7577945291666667 0.44507172421875 0.24014732777777775
traffic sign 0.54227344375 0.6721449861111111 0.03326566953125001 0.06117824305555549
traffic sign 0.55259727265625 0.7361782041666667 0.016059288281249983 0.0407854944444444
car 0.30107006484375 0.8417652805555556 0.011911773437500005 0.021176484722222236
car 0.25937886015625 0.8497064624999999 0.019356631250000023 0.021176484722222236
drivable area 0 0 0 0
lane 0 0 0 0
lane 0 0 0 0