0 0.00045075546875000003 0.39586483749999996 0.026294160937499998 0.043005561111111174
0 0.034107281249999996 0.405213875 0.0631059859375 0.05796401388888894
0 0.02358961640625 0.46504769583333333 0.037863592187499996 0.031786719444444445
0 0.71114436953125 0.3456471722222222 0.04207065859374994 0.08601112083333334
0 0.6501419171875 0.3325585236111111 0.05679538671874997 0.09722996249999996
0 0.56705236875 0.3157302597222222 0.06310598593750001 0.1028393847222222
0 0.44069013281249997 0.5132620180555556 0.014724731250000022 0.014958454166666652
0 0.52588321484375 0.4609074222222222 0.021035328125000065 0.031786719444444445
0 0.531142046875 0.5020431750000001 0.00946589765625001 0.014958458333333308
0 0.762004778125 0.4777356847222222 0.016828263281249978 0.028047104166666673
0 0.76516007734375 0.5113922111111111 0.010517664062500032 0.01682826527777779
