car 0.41695877421875 0.49464580277777775 0.01315453203125001 0.02338583194444447
car 0.35238198593750003 0.5031497388888889 0.01674213046874997 0.03401575833333336
car 0.34281505156250003 0.5010237541666667 0.011958665625000009 0.03188977222222225
car 0.30813492421875 0.5010237541666667 0.013154532031249966 0.027637801388888918
car 0.29019692890625 0.4988977694444444 0.026309061718750026 0.05314962083333338
car 0.25910439921875 0.5144883305555555 0.03587599609374999 0.0467716694444444
car 0.16343508203124998 0.5074017097222222 0.062185056249999995 0.08929136388888889
truck 0.09885829140624999 0.5159056513888889 0.07414372109375 0.08716537777777779
car 0.02710630390625 0.5329135305555556 0.08131892031250001 0.09354333333333334
car 0.0007972414062500001 0.5137796638888888 0.043051192187500004 0.12755909027777781
car 0.18854827734375 0.5074017097222222 0.0872982546875 0.09566931805555556
car 0.36075305 0.4882678472222222 0.07055612187499997 0.10417325555555558
car 0.4265257046875 0.4988977694444444 0.016742132031250013 0.02338583472222224
bus 0.4384843703125 0.47551193750000004 0.025113195312500024 0.04464568333333329
truck 0.46000996640625 0.4223623180555555 0.07773132187499998 0.14669295416666664
traffic sign 0.906684225 0.194461175 0.04903052499999987 0.05740158888888891
traffic sign 0.33205225546875 0.46700799861111114 0.010762796875000013 0.01700787777777772
traffic sign 0.6764617976562499 0.37559065 0.019133864062500016 0.03826772499999996
car 0.9467810226562501 0.6347410416666667 0.05153655468749996 0.21502780277777778
car 0.31203089375 0.4992299375 0.03510210468750001 0.05408324305555554
drivable area 0 0 0 0
drivable area 0 0 0 0
drivable area 0 0 0 0
lane 0 0 0 0
lane 0 0 0 0
lane 0 0 0 0
lane 0 0 0 0
lane 0 0 0 0
lane 0 0 0 0
lane 0 0 0 0
lane 0 0 0 0
lane 0 0 0 0
lane 0 0 0 0