car 0.457764375 0.4635172375 0.014983721093750013 0.02344119861111109
car 0.46735395546875 0.46564825555555556 0.023374603906249992 0.02663772499999995
car 0.497321396875 0.46138622222222225 0.014384372656250033 0.04262036111111114
car 0.5033148859375001 0.46138622222222225 0.023374603906249992 0.05007892222222223
car 0.5165005593750001 0.4539276555555556 0.05274269765624995 0.07565114166666666
car 0.5296862328125 0.47204131111111114 0.046749207812499985 0.07245461249999995
car 0.557855628125 0.46671376527777775 0.056338790625 0.09802682916666668
car 0.59355511171875 0.4641068736111111 0.13185674218749996 0.16195737222222223
car 0.65348999453125 0.4747619638888889 0.28708808984375 0.2695737833333333
car 0.42274069531249997 0.45025525555555557 0.020377860156250004 0.05220994305555556
car 0.405359578125 0.44705873055555556 0.020377860156250004 0.060734012499999955
car 0.3873791140625 0.4427966930555556 0.025172650781249972 0.07565114166666666
car 0.36580255625 0.4438622 0.035361581249999975 0.08843725000000001
car 0.34602404453125 0.4374691486111111 0.04435181328125002 0.1054853944444445
car 0.31485790625 0.41828998472222223 0.05034530234374999 0.1353196472222222
car 0.21057120937499998 0.4161589666666667 0.13904892890625004 0.17687449861111115
car 0.00079911953125 0.41828998472222223 0.25891869453125 0.27063929166666667
traffic sign 0.0799131640625 0.23608794027777777 0.031166139843750006 0.03303077916666667
traffic sign 0.0843749921875 0.27231524583333333 0.03416288359374999 0.028768745833333317
drivable area 0 0 0 0
lane 0 0 0 0