0 0.249550809375 0.5164315347222223 0.04874039140625004 0.08491659305555549
0 0.25052561640625004 0.6048141125 0.04776558359374996 0.04852376805555557
0 0.25150042421875 0.6481389055555555 0.04679077656250001 0.03639282777777776
0 0.3090140875 0.5788192361111111 0.027294620312500007 0.05198975277777783
0 0.33728351484374997 0.6134790694444444 0.020470964843749995 0.048523769444444455
0 0.310963703125 0.6290759972222222 0.02729461953125001 0.06238770138888891
1 0.42891545234375006 0.6758667736111111 0.018521349218749972 0.03119384999999997
1 0.50397565625 0.6620028388888889 0.02924423515625003 0.05198975277777775
1 0.44353756874999994 0.6689348055555555 0.034118275000000066 0.04505778611111108
1 0.3616537109375 0.6724007902777778 0.07506020390625005 0.10571249583333334
1 0.50690007890625 0.6568038638888889 0.11892655781250001 0.13690634722222228
