person 0.8246874375000001 0.37779219583333334 0.055564047656249824 0.17503216527777782
traffic sign 0.6375243312500001 0.04852376805555555 0.08090905078124999 0.10224651250000001
traffic sign 0.32071178125 0.15077028055555555 0.04484116093749999 0.046790777777777785
traffic sign 0.3324094765625 0.20622601527777779 0.021445772656249983 0.03639282638888888
traffic sign 0.32948505234375 0.24261884166666667 0.02631981171875002 0.05718872638888889
traffic light 0.68162480078125 0.2202255111111111 0.013413192968750032 0.05550399027777778
traffic light 0.22640255546875002 0.17503216388888887 0.013400174999999992 0.04340289583333335
traffic light 0.67456702890625 0.3102055180555556 0.017546540624999985 0.03639282638888888
traffic light 0.69503799375 0.3084725277777778 0.011697695312499956 0.04159180138888886
traffic light 0.88804994765625 0.1230424125 0.024370196093749998 0.09531454444444444
person 0.11892655703124999 0.3465983472222222 0.017546541406250005 0.0779846263888889
person 0.0994304 0.35006432916666663 0.017546541406249994 0.07278565277777777
traffic light 0.44451237734375004 0.33620039444444444 0.005848847656249934 0.022528891666666655
traffic light 0.40746967968750003 0.3413993708333333 0.007798462500000003 0.017329916666666632
car 0.45815968749999997 0.36739424583333335 0.014622117968750015 0.020795901388888892
car 0.47960546015625 0.37086022916666667 0.012672502343750036 0.020795902777777778
car 0.4952023859375 0.3656612541666666 0.008773270312499993 0.034659834722222234
car 0.49910161718749996 0.37086022916666667 0.013647308593750029 0.0415918013888889
car 0.50592527109375 0.37779219583333334 0.01949615703125005 0.046790777777777806
car 0.51664815859375 0.3881901472222223 0.021445772656249938 0.055455734722222164
car 0.5244466210937501 0.3951221138888889 0.07798462734374993 0.09878052777777771
car 0.37530102109375 0.3639282625 0.016571732812499997 0.02426188472222227
car 0.36652775000000004 0.3656612541666666 0.010722886718749968 0.02252889305555562
car 0.3558048640625 0.3656612541666666 0.012672502343749992 0.02772786944444445
car 0.34605678515625 0.37086022916666667 0.010722886718750014 0.020795902777777778
car 0.32071178125 0.3691272375 0.017546541406250026 0.025994876388888914
car 0.30803927890625 0.37086022916666667 0.013647309374999982 0.02772786944444445
car 0.29049273750000004 0.37779219583333334 0.017546541406249984 0.02772786944444445
car 0.26709735 0.3725932222222222 0.02339538750000001 0.036392825
car 0.20178522421874998 0.3656612541666666 0.06531212578125004 0.05372274305555559
car 0.41272139453124995 0.36167116388888887 0.030213866406250033 0.030437672222222212
drivable area 0 0 0 0
lane 0 0 0 0
lane 0 0 0 0
lane 0 0 0 0
lane 0 0 0 0