traffic light 0.328042521875 0.3757558638888889 0.010520313281250004 0.027204044444444422
traffic light 0.47437052656249995 0.3698049791666667 0.00669474531250005 0.017002526388888838
traffic light 0.46767578046875 0.41571180416666664 0.0038255687500000413 0.013602023611111097
traffic sign 0.7158595531249999 0.2286839986111111 0.034430118750000016 0.07141061805555557
traffic sign 0.5140608015625 0.4259133208333334 0.00860752890624994 0.017002526388888838
traffic sign 0.32852071796875004 0.4038100347222222 0.014345882031250002 0.018702779166666676
traffic sign 0.21231906562499997 0.3630039666666667 0.021040628125000006 0.01190177083333334
traffic sign 0.21231906562499997 0.3766059902777778 0.025822589062500033 0.02380353888888891
traffic sign 0.21805741953125 0.40891079305555555 0.018171451562499996 0.025503791666666664
bus 0.48297805546875 0.4344145847222222 0.020084235937499972 0.02380353888888891
car 0.47341413359375 0.4488667319444445 0.018171452343749995 0.03400505694444441
car 0.40742307265625 0.4488667319444445 0.02008423671874997 0.03910581527777776
car 0.1750197703125 0.4607685027777778 0.06312188437500002 0.11051643194444441
car 0.1252873765625 0.47437052638888894 0.049732393750000006 0.07821162777777775
car 0.076511375 0.47097001944444444 0.047819609375 0.08671289444444447
car 0.2381416546875 0.44376597500000003 0.07842416015625 0.13261971805555556
car 0.5301600796875 0.41316142499999997 0.11476706249999999 0.1734257861111111
car 0.761766378125 0.43866521666666664 0.19032204609375009 0.14112098194444442
car 0.30349513125 0.4409322388888889 0.12050541640624997 0.1955290680555556
car 0.43802762265624995 0.43923198472222225 0.04399404062499999 0.09011339861111109
car 0.49413598359375 0.44773324999999997 0.01912784375000003 0.03400505555555561
car 0 0.4573679972222222 0.070773021875 0.13602022361111107
car 0.9359891749999999 0.49307330555555556 0.06312188437500002 0.17682629166666666
car 0.6309000664062501 0.46246875555555556 0.30604550156249993 0.3071790374999999
drivable area 0 0 0 0
lane 0 0 0 0