traffic sign 0.0647064265625 0.27170150416666666 0.027530209375000003 0.055060418055555574
traffic sign 0.22415222421875 0.25538730416666666 0.022941841406249976 0.06015860972222223
traffic sign 0.216418034375 0.1699395638888889 0.016632833593750007 0.058119331944444436
traffic sign 0.365157646875 0.256948625 0.015485743750000003 0.02447129583333335
traffic sign 0.40874714687499997 0.31914650694444446 0.017779927343750047 0.019373113888888897
traffic sign 0.40989423828125 0.3374999791666667 0.016632833593750007 0.009176737499999987
traffic sign 0.55519256484375 0.28345919722222224 0.014912196875000028 0.023451659722222237
traffic sign 0.47604321171875 0.32424469166666664 0.01835347265624998 0.009176737500000027
traffic sign 0.67850496328125 0.2961728027777778 0.016059288281249983 0.013255284722222212
traffic sign 0.593046603125 0.3746848819444445 0.021221203124999997 0.033648033333333334
traffic sign 0.8207443796874999 0.25844621944444446 0.013765104687499984 0.040785494444444445
car 0.8224650179687499 0.3022906263888889 0.008603190625000146 0.0275302125
car 0.311626678125 0.3374999791666667 0.012618010937500035 0.017333837499999977
car 0.30130284921875 0.33648034444444447 0.01032382968750003 0.012235648611111098
car 0.27950810000000004 0.3385196180555556 0.03154502968749999 0.019373111111111126
car 0.22330058749999998 0.32424469166666664 0.04932495937499999 0.05608005694444446
car 0.547545296875 0.35687309027777775 0.018927018750000003 0.014274923611111094
car 0.57163422890625 0.36299091666666666 0.013765104687499984 0.01325528194444448
car 0.55442784765625 0.35891236388888886 0.015485745312500044 0.018353474999999973
car 0.444133196875 0.3290817791666667 0.07570807734375 0.11567288055555558
car 0.42681500703125 0.33061239305555556 0.036160730468749944 0.07500003333333337
traffic sign 0.9034728460937499 0.2619948458333333 0.024357332812500056 0.03056606527777777
drivable area 0 0 0 0
drivable area 0 0 0 0
drivable area 0 0 0 0
lane 0 0 0 0
lane 0 0 0 0
lane 0 0 0 0
lane 0 0 0 0
lane 0 0 0 0
lane 0 0 0 0
lane 0 0 0 0
lane 0 0 0 0
lane 0 0 0 0
lane 0 0 0 0
lane 0 0 0 0
lane 0 0 0 0
lane 0 0 0 0