traffic light 0.41526814140625 0.6013481291666667 0.006823656250000009 0.013863934722222224
traffic light 0.38992313749999996 0.6030811222222222 0.005848846875000024 0.013863931944444453
car 0.4240414125 0.633841725 0.00877327109374999 0.015596926388888871
car 0.43573910781249997 0.633841725 0.00877327109375008 0.020795902777777778
car 0.44548718750000005 0.6321087319444445 0.009748078124999981 0.025994876388888914
car 0.46985738046875003 0.6217107847222222 0.016571732031249998 0.025994876388888914
car 0.48447949687499997 0.6217107847222222 0.029244238281250022 0.060654708333333376
car 0.5088496953125 0.6286427499999999 0.027294618749999965 0.05198975138888894
car 0.64239837109375 0.6217107847222222 0.08188385937500006 0.11957642916666676
car 0.40454525625000004 0.6301158013888889 0.00877327109374999 0.019062909722222247
car 0.3363087078125 0.6124392930555556 0.04581596796874998 0.06446728611111105
car 0.33728351484374997 0.6266498194444444 0.04094192812499999 0.07278565138888896
car 0.29731639453125 0.6266498194444444 0.06433731796875 0.11437745694444443
car 0.246626384375 0.6315022013888889 0.07506020468749997 0.15111687083333333
car 0 0.6006549430555556 0.27392100546875 0.3396663791666666
car 0.513967434375 0.6105082416666667 0.126725021875 0.15070837499999995
car 0.828391725 0.6297692111111111 0.17059137109374997 0.2617410236111112
traffic sign 0 0.162901225 0.07993424296875 0.0987805277777778
car 0.44808538515625 0.6240571666666667 0.03581960937500002 0.05349061388888888
car 0.38284169921875 0.6271655277777778 0.025113196093750022 0.040393712499999956
drivable area 0 0 0 0
drivable area 0 0 0 0
lane 0 0 0 0
lane 0 0 0 0
lane 0 0 0 0
lane 0 0 0 0
lane 0 0 0 0
lane 0 0 0 0