0 0.36932164140625 0.5887495888888888 0.010546867968750017 0.03046872638888887
0 0.4365579234375 0.5957808319444444 0.01186522656250002 0.023437483333333297
0 0.44446807421875 0.6426558013888889 0.009228509375000016 0.02578123194444441
0 0.5644386945312501 0.5582808597222222 0.021093735937499948 0.042187469444444445
1 0.36009313203125004 0.6426558013888889 0.01977537734374999 0.05624996111111113
1 0.342954471875 0.64499955 0.023730453124999995 0.06796870277777774
1 0.32186073671875 0.64499955 0.02636716953125 0.07734369583333331
1 0.279673265625 0.6356245555555555 0.055371055468750006 0.11015617361111114
1 0.2506693796875 0.64499955 0.05668941484375001 0.12890616111111117
1 0.1043315890625 0.6356245555555555 0.16743152578125 0.21562485138888896
1 0.44183135703125 0.6684370333333333 0.019775377343750032 0.028124980555555606
1 0.5143410734375 0.6543745430555555 0.07250971562499994 0.08203119305555553
1 0.580258996875 0.6239058138888889 0.13710928046874998 0.14999989722222232
1 0.67518080625 0.64499955 0.2491697499999999 0.20390610972222226
1 0.9045751796875001 0.6637495375 0.0949218101562499 0.2976560458333334
1 0 0.7270307430555556 0.12015189140625 0.2718748125
1 0.46292509296875 0.6567182916666667 0.025048810937499954 0.042187469444444445
1 0.37195835859375 0.6520307944444445 0.07778314921875 0.11249992222222226
