0 0.44228115390625 0.43720350138888886 0.007197862499999985 0.036255901388888866
0 0.2755306734375 0.4265400013888889 0.008397506249999997 0.036255901388888866
0 0.19635418359375 0.4947864013888889 0.011996437500000012 0.029857801388888876
0 0.34630965390625 0.48838830138888883 0.007197862499999985 0.02132700000000006
0 0.37030252890625 0.48412290277777775 0.007197863281249983 0.023459700000000003
0 0.52985514921875 0.516113401388889 0.010796793749999978 0.02559240138888891
0 0.46867331640625 0.5075826 0.011996437500000035 0.02559240138888891
0 0.34990858515625 0.5075826 0.005998219531249971 0.017061600000000017
0 0.35110822812500003 0.5182461027777778 0.008397508593749992 0.017061599999999937
0 0.371502171875 0.5097153013888889 0.004798575781250003 0.017061599999999937
1 0.358306090625 0.5118480013888889 0.013196081250000002 0.027725100000000048
1 0.36670359765625 0.5246442 0.016795013281249993 0.02132699999999998
1 0.35950573515625 0.5310423 0.023992875781249978 0.027725099999999968
1 0.325915709375 0.5267769013888889 0.015595368750000027 0.017061600000000017
1 0.31151998359375 0.533175001388889 0.023992875781249978 0.02559240138888883
1 0.2875271109375 0.5395731013888889 0.03119073671875001 0.036255901388888866
1 0.2659335234375 0.5374404013888889 0.026392163281250002 0.05971559999999998
1 0.24673922187500003 0.533175001388889 0.03598931484374997 0.07251179999999996
1 0.181958459375 0.5459712013888889 0.08637435000000002 0.08104260138888884
1 0.075190165625 0.5139807 0.14635653828125 0.14502360138888887
1 0 0.5203788013888888 0.14836843359375002 0.21327
1 0.38469825390625 0.533175001388889 0.020393943749999987 0.02132699999999998
1 0.39909397890625 0.5417058 0.01319608203125 0.029857801388888956
1 0.40989077187499995 0.5481039 0.026392163281250002 0.031990499999999936
1 0.54305122890625 0.5246442 0.19074335624999997 0.23672970138888888
1 0.65461809921875 0.5075826 0.3442977562499999 0.3454974013888888
0 0.5314797328124999 0.4856246583333333 0.014501943750000024 0.02343748472222226
