1 0.49977971328125 0.40591828055555557 0.034094379687499995 0.062448963888888896
1 0.5349072546875 0.4206121541666667 0.02686223984374996 0.04775509027777779
1 0.55557051640625 0.4151019541666666 0.03202805546874998 0.05877549583333332
1 0.57416745234375 0.41877542083333336 0.058890292968749945 0.06061223055555555
1 0.6113613203125 0.4114284847222222 0.1219132390625 0.08632651250000005
1 0.6917414015625 0.4040815472222222 0.19320148749999994 0.1506122111111111
1 0.45853655390625 0.3957588458333333 0.040293359375000025 0.05877549583333332
1 0.408944728125 0.3957588458333333 0.03616070625000001 0.05877549583333332
1 0.21627545937499998 0.40653052777777776 0.04029335859375003 0.0440816236111111
1 0.31132646015625 0.40102032222222217 0.04442601015625001 0.05142856111111113
1 0.36091828515625 0.37714277916666666 0.014464282812499984 0.025714280555555528
1 0.0852359515625 0.4022448125 0.06818876171875 0.07897957361111112
1 0.0010730812500000001 0.4114284847222222 0.09656082656250001 0.09551018472222224
1 0.27843743984375 0.380204 0.016530609374999995 0.02387754722222226
0 0.2143813328125 0.31959176944444445 0.024795912500000038 0.016530609722222225
0 0.4222924828125 0.3214285041666667 0.023762750000000034 0.018367341666666644
0 0.44088941875 0.34897951944444444 0.012397956250000064 0.029387748611111143
0 0.36753484296875 0.33979584583333333 0.013431120312500022 0.012857140277777764
0 0.26525170078125 0.33979584583333333 0.01136479453125001 0.009183673611111113
0 0.25801955859375003 0.3177550347222222 0.006198978124999988 0.02755101249999999
0 0.41196085312499997 0.3177550347222222 0.009298467187500048 0.025714280555555566
0 0.27661649453125003 0.32326523888888886 0.009298467187500003 0.025714280555555566
0 0.1970629390625 0.3581631888888889 0.012397957031249972 0.025714280555555528
1 0.38139249921874996 0.38238342777777773 0.019672927343750014 0.02564766944444451
1 0.394507784375 0.39404145833333337 0.017049870312500028 0.0279792763888889
1 0.30663537343749997 0.3520725458333333 0.014426813281250039 0.020984456944444455
