traffic light 0.38109932265625 0.3028434013888889 0.005998219531249971 0.029857798611111104
traffic light 0.3870975421875 0.3028434013888889 0.0071978617187500316 0.03199050000000001
traffic light 0.37390146015625 0.3028434013888889 0.0071978617187500316 0.02772510000000001
traffic sign 0.6858088359375001 0.3454974013888889 0.01799465703124996 0.051184799999999975
traffic sign 0.7529888859375 0.149289 0.03359002578124999 0.06398100138888892
traffic sign 0.7445913796875 0.2260662 0.022793233593750007 0.0191943
traffic sign 0.77098354375 0.2473932013888889 0.031190737499999965 0.02132699999999998
traffic sign 0.774582475 0.2175354 0.02879145000000003 0.02772510277777778
traffic sign 0.30672140937500003 0.4052130013888889 0.00959715000000001 0.02559240138888891
car 0.233543140625 0.44573430138888886 0.04678610859374999 0.044786699999999985
car 0.22034705859375 0.45426510000000003 0.029991094531249995 0.040521300000000024
car 0.87775183671875 0.4862556013888889 0.12045139765624988 0.07869970138888883
person 0.7289960109375 0.46706130138888885 0.014395725781249969 0.0917061
person 0.6930066984375001 0.4691940013888889 0.01439572499999997 0.08317529999999998
person 0.7217981484375 0.4883883027777777 0.011996437500000035 0.07037910000000001
person 0.7098017117187501 0.47985750138888894 0.01439572499999997 0.07890989999999995
car 0.7397928046875 0.4777248013888889 0.10916758125 0.08530800000000001
car 0.368477365625 0.2946085930555556 0.29829120078125 0.5580233361111111
traffic sign 0.38504909921874997 0.4055200638888889 0.011697693750000005 0.013863933333333339
traffic light 0.376275828125 0.4228499805555555 0.011697694531250002 0.017329918055555598
traffic light 0.24662638515625002 0.4020540805555556 0.008773270312499993 0.015596924999999985
traffic light 0.25637446328125 0.40032108888888884 0.012672502343749992 0.024261883333333383
drivable area 0 0 0 0
lane 0 0 0 0
lane 0 0 0 0