car 0.6697751203125 0.4586167388888889 0.32985782109374995 0.42920506944444453
car 0.587661578125 0.5147627486111112 0.0645679125 0.06987059305555555
car 0.61011998359375 0.5210011958333334 0.13685590234375003 0.1222735375
car 0.28096398749999996 0.4997904805555556 0.01403650859375003 0.019963023611111116
car 0.2599092328125 0.5022858583333334 0.023160228906250024 0.03743067638888888
car 0.27956033671874997 0.5060289277777777 0.02245840390625 0.047412183333333344
car 0.29289501484375 0.4823228319444445 0.040004033593749974 0.09357668749999995
car 0.3167570703125 0.4498829138888889 0.11439749843749998 0.05240294722222221
car 0.2879822390625 0.48856127916666664 0.2786245828125001 0.39926052916666677
traffic sign 0.8585660859375001 0.41993837500000003 0.03158213124999989 0.024953787499999987
traffic sign 0.84663505859375 0.3612969861111111 0.016843803906250086 0.03368760833333337
traffic sign 0.45220932265625 0.3812600111111111 0.021054755468749953 0.016219958333333374
traffic sign 0.00795400390625 0.3525631611111111 0.038600385937499995 0.08733824444444448
traffic sign 0.21499242265625 0.4411490875 0.022458407031250037 0.04990757083333332
traffic light 0.20306139609375 0.24027113611111112 0.018247450781250008 0.06363214722222223
traffic light 0.07252191796875 0.23902344583333332 0.01754562734374999 0.06363214583333333
traffic light 0.6339820375 0.24526189305555554 0.012632852343749956 0.062384459722222216
traffic light 0.70837550390625 0.3687831166666667 0.009825552343750044 0.05864138888888893
traffic light 0.5602903953125 0.4361583333333333 0.00912372656249998 0.0486598791666667
traffic light 0.40378338828125004 0.34133395694444446 0.008421900781249913 0.041173743055555594
traffic light 0.33219722265625 0.32885706666666664 0.00912372656249998 0.042421427777777784
traffic light 0.10129674921875001 0.44863522499999997 0.007720078906249994 0.028696854166666695
traffic light 0.10901682578125 0.4523782916666667 0.004210951562499998 0.02620147222222218
traffic sign 0.21499242265625 0.49479972361111113 0.02035292968750002 0.027449159722222227
car 0.21639607421874998 0.512267375 0.02877483203125002 0.03243991805555556
car 0.20657052187499997 0.5060289277777777 0.011931026562500025 0.022458404166666668
car 0.1862175921875 0.5072766152777778 0.027371180468749978 0.03243991944444444
rider 0.0690127921875 0.5035335486111111 0.02175657890624999 0.04491680972222222
motor 0.07041644296875 0.5309827097222222 0.02596753046875 0.05365063750000003
car 0.00023392734375 0.5135150625 0.021054753906249998 0.03743067361111111
car 0.0949803234375 0.4997904805555556 0.09123726875 0.05864139027777774
traffic light 0.72171018203125 0.35630622777777776 0.015440153124999956 0.07610903472222227
traffic sign 0.60450538046875 0.4873135888888889 0.014036503124999999 0.011229202777777737
traffic sign 0.63374811015625 0.49408490555555556 0.013334678906250019 0.013724580555555595
drivable area 0 0 0 0
lane 0 0 0 0
lane 0 0 0 0
lane 0 0 0 0
lane 0 0 0 0
lane 0 0 0 0
lane 0 0 0 0
lane 0 0 0 0
lane 0 0 0 0
lane 0 0 0 0
lane 0 0 0 0
lane 0 0 0 0
lane 0 0 0 0