0 0.305423309375 0.3968142833333333 0.024584101562499995 0.024280594444444463
1 0.27810763984375 0.41866682083333334 0.010926267187499982 0.019424476388888855
1 0.291765475 0.42109488055555555 0.012292050781249975 0.019424476388888934
1 0.28083920625 0.42837905694444445 0.010926268750000023 0.016996413888888878
1 0.28220498984375003 0.4380912958333333 0.01229205312499997 0.031564773611111166
1 0.26991293828125 0.4259509972222222 0.012292050781249975 0.03156477500000005
1 0.24259726874999998 0.41138264166666666 0.008194701562499995 0.0388489513888889
1 0.19083047265625 0.43080711805555555 0.01762220937500001 0.01456835694444444
1 0.1376313296875 0.41491517499999997 0.024384715624999997 0.028032241666666697
1 0.3504941640625 0.45751577083333334 0.015023617968750003 0.029136712499999995
1 0.40102815234375006 0.4720841291666667 0.009560483593749947 0.026708654166666672
1 0.3590084140625 0.45994383055555554 0.047482871875 0.05717471527777778
1 0.41468598671874995 0.4720841291666667 0.11199424765625006 0.14568356944444438
1 0.27537607109375 0.43323517638888887 0.08058122499999998 0.12868715555555552
1 0.73154775390625 0.5234202513888888 0.26632777656249995 0.23552177361111118
1 0 0.3947330986111111 0.00720762578125 0.026283770833333303
