traffic light 0 0.2772552013888889 0.02379885234375 0.05773196805555555
traffic light 0.0469947359375 0.29787376111111113 0.013917527343750003 0.03505154999999998
car 0.34390199921875003 0.46282224166666663 0.07886599374999995 0.10927836805555557
car 0.3844947890625 0.4690078083333334 0.04523196562500002 0.07422681527777779
car 0.42276799296874995 0.5308634902777778 0.032474232031250064 0.0494845416666666
car 0.48191748749999996 0.5452964819444445 0.026675262500000053 0.02886598333333331
car 0.5143917179687499 0.5452964819444445 0.020876292968750043 0.0329896944444444
car 0.5387473929687501 0.5123067861111111 0.04755155468750001 0.06597939305555553
car 0.59209791796875 0.44426553750000003 0.11481960703124994 0.1505154875
traffic sign 0.020319471875 0.029832477777777776 0.051030937500000005 0.02886598472222222
traffic sign 0.00060297421875 0.09993558194444445 0.04407217265625 0.03505155277777777
traffic sign 0.043515353125 0 0.053350525 0.050451037500000004
traffic sign 0.32302570703125 0.34323459444444443 0.015077322656249992 0.02061855972222221
drivable area 0 0 0 0
lane 0 0 0 0
lane 0 0 0 0
lane 0 0 0 0
lane 0 0 0 0
lane 0 0 0 0