car 0.6641281203125 0.40055345555555555 0.01100543750000007 0.023122534722222258
car 0.672132075 0.41478270833333336 0.009004448437499946 0.014229252777777803
car 0.6725440890625001 0.4236759902777778 0.020598366406249992 0.039448691666666647
car 0.68813998359375 0.4236759902777778 0.02501235859375006 0.046245072222222204
car 0.71115135234375 0.4254546472222222 0.030014829687500022 0.05691701111111114
car 0.73116123984375 0.40055345555555555 0.06503213203125 0.12628461527777782
car 0.7701805187499999 0.3916601722222222 0.16308057500000003 0.18853759583333335
bus 0.5450692945312501 0.28138346527777774 0.11805832968749996 0.25079057777777775
person 0.959273946875 0.39699614166666664 0.016007907812499944 0.04090909999999997
traffic sign 0.18471624921875002 0.09223604305555556 0.07403658046874999 0.04268775555555554
traffic sign 0.21673206796875003 0.03887634583333333 0.02901433515624996 0.05335969722222223
traffic light 0.24374541484374998 0.2238566277777778 0.05002471484375 0.0640316375
traffic light 0.24874788671874998 0 0.028013839843750034 0.03176172083333333
person 0.24974838046875 0.24901191250000002 0.10805338828125 0.5300396597222222
person 0.46885663828124996 0.38774712777777776 0.04001977343750003 0.21699610277777776
person 0.1677078453125 0.373517875 0.07303608515624997 0.28458505138888895
person 0.03764358359375 0.346838025 0.0460227390625 0.21521744583333333
person 0.35680127265625 0.3913044402777778 0.043021256249999994 0.19743087916666668
person 0.34579583671875 0.38063250138888893 0.02101038046874999 0.1476284958333333
person 0.36880720390625 0.3930830986111111 0.0240118625 0.17075103055555554
person 0.39882203515625003 0.3717392152777778 0.025012357812499976 0.16185775
person 0.42183340312500006 0.3717392152777778 0.021010381249999988 0.17964431527777777
person 0.4378413140625 0.3913044402777778 0.023011369531250027 0.17075103055555554
person 0.45284872890625005 0.3699605611111111 0.0240118640625 0.22233207222222223
person 0.4808625703125 0.3646245916666666 0.023011369531250027 0.15296446388888896
traffic sign 0.8913915953125 0.3215622722222222 0.014501942968749936 0.0374999736111111
drivable area 0 0 0 0
drivable area 0 0 0 0
drivable area 0 0 0 0
lane 0 0 0 0
lane 0 0 0 0
lane 0 0 0 0
lane 0 0 0 0
lane 0 0 0 0
lane 0 0 0 0
lane 0 0 0 0
lane 0 0 0 0
lane 0 0 0 0
lane 0 0 0 0
lane 0 0 0 0
lane 0 0 0 0