1 0.0008122523437499999 0.5289096013888889 0.025192520312500005 0.24739320138888898
0 0.41941926328125 0.3369666 0.010546867968749929 0.036255901388888866
0 0.40509219765625 0.3390993013888889 0.00959715000000001 0.031990498611111126
0 0.78657891015625 0.2644548013888889 0.011996437499999946 0.03412319999999999
0 0.8623877085937499 0.2644548013888889 0.01176519765625006 0.04265400138888889
0 0.51066084921875 0.3881514 0.03838859999999995 0.014928900000000075
0 0.5082615609375 0.3497628013888889 0.04198753125000003 0.038388598611111074
0 0.5130601359375 0.3156396013888889 0.03718895624999998 0.03412319999999999
0 0.563445171875 0.3796206013888889 0.011996437499999946 0.027725099999999968
0 0.8465674070312501 0.3305685027777778 0.02758549921874991 0.06833746527777775
0 0.8753525492187499 0.319905 0.019194298437500024 0.014928899999999995
0 0.57064303515625 0.33270120138888887 0.011996436718749948 0.03412319999999999
0 0.55144873515625 0.30710880277777775 0.011996436718750036 0.025592400000000026
1 0.31526894453125 0.4387496916666667 0.04086911250000003 0.05390621249999994
