traffic sign 0.48715236093750003 0.37098665416666665 0.014636486718749975 0.029081644444444443
traffic sign 0.43549417421875003 0.3755784916666667 0.014636485937499976 0.013775516666666635
traffic sign 0.47165490390625 0.3740478791666667 0.008609698437500058 0.019897966666666635
traffic light 0.381253078125 0.3679254277777778 0.009470667187500004 0.019897968055555517
traffic light 0.42257962734375 0.3740478791666667 0.007748728124999982 0.016836743055555558
traffic light 0.38641889687500003 0.39088462222222226 0.01033163828124999 0.015306129166666614
traffic light 0.39244568515625 0.4046601388888889 0.008609699218750055 0.010714291666666674
car 0.444103871875 0.39700707500000004 0.022385214062500047 0.04438777499999994
car 0.45960132812500004 0.40159891249999996 0.03960460859374999 0.0627890513888889
car 0.4923181796875 0.40312952500000004 0.04046557890624998 0.06887758194444445
car 0.50344131640625 0.4046940611111111 0.05079721640625001 0.08418371250000002
car 0.524104590625 0.39704099722222225 0.09728958437499999 0.12489801111111108
car 0.394556215625 0.3918668069444444 0.05251915625000003 0.09997014166666673
car 0.5762208375 0.3796517972222222 0.16358425703124996 0.18823549722222224
car 0.77603865859375 0.34489810694444445 0.22213020156249996 0.3459185222222222
drivable area 0 0 0 0
drivable area 0 0 0 0
lane 0 0 0 0
lane 0 0 0 0
lane 0 0 0 0
lane 0 0 0 0
lane 0 0 0 0