0 0.5273238046875 0.39522370138888885 0.05031301718750001 0.08736523472222228
0 0.8420726796875 0.13312798333333334 0.08775526171875007 0.15392923333333333
0 0.60805864609375 0.31825908472222225 0.05031301718750001 0.02912174861111111
0 0.44892910312499995 0.44306656805555555 0.015210910937499999 0.0249615013888889
0 0.491051628125 0.4763485666666667 0.023401404687500005 0.03328199444444443
0 0.44658896171875 0.49714981388888885 0.01638098281250002 0.03120187222222223
0 0.268738296875 0.5033901861111112 0.01638098203124998 0.02496149999999994
1 0.31079986875 0.5345920597222222 0.01059158281250001 0.01545234444444448
1 0.3154801515625 0.5396437833333333 0.009360561718749993 0.016640995833333328
1 0.322500571875 0.5354835291666666 0.01053063203125002 0.024961498611111133
1 0.32835092265625 0.5292431541666667 0.024571471874999994 0.05200311666666669
1 0.302609378125 0.5375636541666667 0.015210913281249993 0.0332819972222222
1 0.279207975 0.5354835291666666 0.03510210468750001 0.04992299444444449
1 0.412595975 0.5271630277777778 0.042122525781249996 0.06032361805555553
1 0.17039145078125 0.5438040263888889 0.028081684375000006 0.07904474166666667
1 0.337711484375 0.5292431541666667 0.08073484296875004 0.0998459888888889
1 0.19379285390625 0.5146822819444444 0.0969784203125 0.1320307486111111
1 0.0007312765625 0.4564387916666666 0.191891509375 0.34738083055555563
1 0.5533077843750001 0.4751599125 0.21215071484374998 0.20385222638888886
