car 0.16263975390625002 0.6219572972222223 0.015210911718749998 0.020801248611111114
car 0.18253094609375 0.6219572972222223 0.017551053125000004 0.018721123611111067
car 0.2012520671875 0.619877173611111 0.00819049218750001 0.018721123611111147
car 0.20710242031249998 0.6157169236111112 0.019891192968750016 0.020801248611111114
car 0.1872112265625 0.6115566736111111 0.017551053906249982 0.012480748611111083
car 0.239864384375 0.6656399152777778 0.026911613281250003 0.03120187222222223
car 0.20710242031249998 0.6760405416666667 0.042122525 0.02080124722222223
car 0.16732003359375 0.6947616624999999 0.06903414062499999 0.03536212083333336
car 0.3287897171875 0.60115605 0.01638098203124998 0.01872112222222218
car 0.30421824296875 0.6281976722222222 0.01755105312499996 0.029121744444444413
traffic sign 0.4294157515625 0.393975625 0.028081684375000027 0.011648700000000014
traffic sign 0.4621777171875 0.39106345138888887 0.016380982812499934 0.016640995833333408
traffic sign 0.71491287265625 0.17473047777777778 0.030421823437499995 0.049922993055555545
traffic sign 0.7465047664062501 0.16849010555555555 0.03978238515624995 0.04784287083333331
traffic sign 0.786287153125 0.17057022916666667 0.02925175234375006 0.022881373611111124
traffic sign 0.8155389062499999 0.2184130972222222 0.03861231718750009 0.0665639888888889
traffic sign 0.29602775234375 0.5587215027777778 0.007020420312499986 0.016640997222222294
traffic sign 0.22582354296874999 0.5940836402777778 0.01287077187500003 0.016640997222222214
traffic sign 0.250395015625 0.6190451361111111 0.011700702343750003 0.008320498611111147
truck 0.2438800078125 0.6299436555555555 0.023909804687500015 0.04250631944444439
drivable area 0 0 0 0
lane 0 0 0 0
lane 0 0 0 0
lane 0 0 0 0
lane 0 0 0 0
lane 0 0 0 0
lane 0 0 0 0
lane 0 0 0 0
lane 0 0 0 0