0 0.36142043125 0.3166883194444444 0.015023619531249999 0.021852536111111102
0 0.360054646875 0.3482530930555556 0.013657835156249964 0.01942447777777774
0 0.29996017421875 0.35553727222222226 0.010926268749999978 0.021852536111111102
0 0.29996017421875 0.2802674277777778 0.03687615390625001 0.0631295486111111
0 0.3136180109375 0.3409689152777778 0.021852535937500008 0.04127701111111111
0 0.51985131484375 0.3045480236111111 0.025949886718750027 0.031564773611111124
0 0.52121709765625 0.35553727222222226 0.017755185937499984 0.02670865416666663
0 0.38327296718750004 0.3652495097222222 0.021852535937500008 0.02185253611111114
0 0.3928334515625 0.3361127944444445 0.00819470156250004 0.021852536111111064
0 0.4228806875 0.3385408555555556 0.008194702343749949 0.02428059583333335
1 0.42151490390625 0.394386225 0.021852535937499962 0.03399283194444449
1 0.3696151328125 0.37981786805555556 0.06419182265625004 0.08983820138888893
1 0.4693173265625 0.3822459263888889 0.13248099687500003 0.1602519277777778
1 0.6523323117187501 0.41381070000000003 0.09287327578125 0.08741014305555553
0 0.92822057421875 0.19771340277777777 0.027315667968749936 0.06798566805555556
1 0.79918690078125 0.4288238222222222 0.13549641640624993 0.13764715277777778
