1 0.26823987421875 0.5035795416666666 0.01365783437500001 0.012140294444444462
1 0.25867938984375 0.4890111861111111 0.01502361875 0.029136712499999995
1 0.2395584203125 0.49872342222222227 0.017755187500000026 0.01942447777777774
1 0.21907166953125 0.4890111861111111 0.023218320312499995 0.03156477361111109
1 0.05244608515625 0.4744428277777778 0.06828917421875 0.05098925000000002
1 0.016935714843749998 0.4623025277777778 0.060094473437500004 0.06312955000000002
1 0.4212076234375 0.5060076013888889 0.01365783515625001 0.016996416666666646
1 0.4075497890625 0.4841550652777778 0.017755185156249985 0.01942447777777774
1 0.39389195390625 0.5035795416666666 0.010926269531250022 0.01456835694444444
1 0.40208665546875 0.5011514819444445 0.024584103906249943 0.03642089444444447
1 0.43759702421875 0.49872342222222227 0.02731566953125002 0.038848952777777786
1 0.5031546312499999 0.5060076013888889 0.03824193906250004 0.04370507083333332
1 0.27370300859375 0.4768708875 0.11472581171875 0.11654685555555559
1 0.59906675546875 0.4768708875 0.07071346093750001 0.08990756111111115
