car 0 0.40443567083333337 0.1692213796875 0.2766565902777778
car 0.1633710296875 0.45643878888888884 0.054993298437500025 0.07280436527777781
car 0.19235953515624998 0.46178769305555556 0.11934715703124998 0.1123267361111111
car 0.29558895859375 0.46059903888888887 0.02457147500000003 0.03536211805555559
car 0.30845973046875 0.46059903888888887 0.07254435078124999 0.07904474027777779
car 0.3751537296875 0.4626791625 0.042122525781249996 0.06032361805555553
car 0.3611128875 0.44603816527777773 0.02457147343749999 0.016640997222222294
car 0.40674562421875005 0.4626791625 0.011700701562500004 0.027041622222222214
car 0.41844632578125 0.4481182902777778 0.03510210468750001 0.05824349305555556
car 0.45003822031249996 0.45643878888888884 0.01755105234375005 0.01872112222222226
car 0.498011096875 0.4585189138888889 0.01287077187500003 0.016640997222222214
car 0.54130369296875 0.4543586638888889 0.015210912499999996 0.027041622222222214
car 0.50503151796875 0.4626791625 0.043292596093750024 0.0665639944444444
car 0.5202424289062499 0.4522785388888889 0.01287077187500003 0.010400626388888886
traffic sign 0.49567095546875006 0.40651579444444447 0.033932035156249984 0.027041622222222214
traffic sign 0.53311320078125 0.41067604444444444 0.01638098281250002 0.01872112222222218
traffic sign 0.57757586875 0.3981952958333333 0.011700701562500004 0.024961497222222247
car 0.6291199093750001 0.46386781666666665 0.017551052343749964 0.01456087083333336
car 0.7086846796875 0.46386781666666665 0.024571473437499946 0.0228813722222222
car 0.754317415625 0.4555473166666667 0.04563273593749999 0.0228813722222222
car 0.8350522578125 0.45138706944444446 0.042122525781249996 0.0395223708333333
car 0.8128209242187501 0.4555473166666667 0.02223133359374998 0.024961497222222167
car 0.872494503125 0.4493069444444444 0.0655239281250001 0.06240374305555558
car 0.9567395554687501 0.4493069444444444 0.042122525781249996 0.06448386944444451
traffic sign 0.8116508539062499 0.42850569722222226 0.025741542968750152 0.010400623611111036
drivable area 0 0 0 0
drivable area 0 0 0 0
drivable area 0 0 0 0
lane 0 0 0 0
lane 0 0 0 0
lane 0 0 0 0
lane 0 0 0 0
lane 0 0 0 0
lane 0 0 0 0
lane 0 0 0 0
lane 0 0 0 0
lane 0 0 0 0
lane 0 0 0 0