1 0.18716310625000002 0.3795251861111111 0.056538855468749996 0.05718872916666666
1 0.26612254218750003 0.3136715027777778 0.07506020390624997 0.1039795041666667
1 0.34118274609375 0.37086022916666667 0.013647310156250026 0.031193851388888937
0 0.53614431484375 0.08318360277777778 0.014622117968750015 0.060654711111111106
0 0.5244466210937501 0.09011556944444445 0.015596925781249915 0.05718872916666666
0 0.549791625 0.08838257777777778 0.013647310156249936 0.058921718055555565
0 0.38309948359375 0.2946085930555556 0.005848846093749982 0.020795902777777778
0 0.5078748875 0.29980756805555553 0.003899231250000046 0.013863934722222224
0 0.450361225 0.32060346944444446 0.004874039062500035 0.015596926388888911
0 0.5390687390625 0.30500654444444447 0.002924423437500057 0.017329915277777788
0 0.5010512328125001 0.32233646250000003 0.005848846874999936 0.015596924999999985
0 0.5419931625000001 0.33620039444444444 0.004874039062499946 0.017329916666666674
0 0.41136891093749994 0.3465983472222222 0.005848846093750026 0.013863933333333339
0 0.6989372265625 0.27381269305555556 0.015596925000000006 0.02946085694444444
0 0.56246412734375 0.31887047777777777 0.008773270312499993 0.02252889305555554
0 0.55369085625 0.32926842638888887 0.0068236554687500115 0.01732991805555556
1 0.51177411875 0.3517973208333333 0.017546541406249984 0.029460858333333364
1 0.40746967968750003 0.3639282625 0.016571732812499997 0.01906290833333336
1 0.42599102890624996 0.3639282625 0.012672502343750036 0.02079590000000001
1 0.46205891875000005 0.3569962958333333 0.013647310156249936 0.02252889305555554
1 0.7398791546875 0.33620039444444444 0.08968232265624998 0.0623877027777778
1 0.8090905109375001 0.5528243611111111 0.00779846406249991 0.0051989749999999425
0 0.6901639546875 0.24435183333333335 0.017546541406249984 0.017329916666666674
0 0.6181756828125 0.3204907847222222 0.011078417187500023 0.026856769444444435
0 0.638318259375 0.3187003333333333 0.007049902343749981 0.01969496388888889
0 0.6342897445312501 0.3061671736111111 0.015106932812499974 0.010742708333333321
1 0.6101186515625 0.3473475541666667 0.030213865625000037 0.03580902638888893
1 0.646375290625 0.3437666513888889 0.04330654140624999 0.048342184722222195
0 0.35531505 0.3437666513888889 0.009064159375000002 0.016114061111111078
