1 0.5845295226562499 0.5958854666666666 0.06694745468750005 0.09181365277777781
1 0.5414918734375 0.5907847083333333 0.03538651093749996 0.05950884861111116
1 0.51758206875 0.5873842 0.01338949140625001 0.023803540277777795
1 0.5300151679687499 0.5890844555555556 0.014345882812500044 0.03230480277777777
1 0.32630363046875 0.5856839500000001 0.03729929687499998 0.03230480277777777
1 0.355951790625 0.5856839500000001 0.04590682265624997 0.03570530555555551
1 0.40377139765625003 0.5992859736111111 0.021997021874999946 0.02210328472222219
0 0.47454442031250005 0.5516788944444444 0.00860752890624994 0.015302273611111162
0 0.48697752109375003 0.5635806638888888 0.008607527343750032 0.015302273611111082
1 0.45828575312500003 0.5805831930555556 0.02486619609374996 0.030604550000000015
1 0.48315194921875 0.5856839500000001 0.012433099218750066 0.022103287499999957
1 0.49271587187500004 0.5856839500000001 0.008607529687499938 0.018702779166666596
1 0.50132340234375 0.5839836972222222 0.013389489843750014 0.018702781944444444
0 0.53097156015625 0.5652809152777778 0.008607528906250028 0.015302277777777817
0 0.55583775625 0.5533791472222223 0.010520313281250004 0.015302270833333312
0 0.5740092078125001 0.5601801611111111 0.018171452343749995 0.008501262499999976
0 0.5816603453125 0.5771826875 0.01052031484375 0.017002523611111146
1 0.42708875859375006 0.5633859833333333 0.019133864843749925 0.031889770833333365
0 0.5287374093749999 0.5365985791666666 0.02750492812500003 0.01488189305555557
0 0.45220195468749996 0.5527560583333333 0.019133864062500016 0.010629925000000009
