traffic light 0.22310210859375 0.4820338069444445 0.01406310234374999 0.018305079166666616
traffic light 0.44893212890624995 0.5308473555555556 0.007722456250000054 0.0167796583333333
traffic light 0.44893212890624995 0.6193219152777778 0.007722456250000054 0.009152544444444447
traffic light 0.44389822187499994 0.6315253027777777 0.007722455468750056 0.009152543055555561
truck 0.23749286640624998 0.3325423083333333 0.19640369687500003 0.40271178750000003
truck 0.48537960390625 0.5750846388888889 0.06606990234375001 0.12203387361111105
car 0.48033678984375 0.6406778444444444 0.006864405468749979 0.02898304305555557
car 0.4700401796875 0.636101575 0.009438558593750025 0.024406772222222234
car 0.4606016234375 0.6406778444444444 0.0077224570312500514 0.0167796583333333
car 0.44000840781250006 0.6345761555555556 0.006864404687499981 0.016779654166666644
traffic sign 0.64150013125 0.47876504166666667 0.013728809374999961 0.027457622222222255
traffic sign 0.64664843515625 0.5062226666666667 0.014586860937499946 0.027457622222222176
traffic sign 0.71847954765625 0.5291040152777777 0.03260592656250001 0.0411864319444445
traffic sign 0.568320678125 0.5931717986111111 0.01544491171875002 0.021355926388888946
traffic sign 0.140096284375 0.44918953472222223 0.013728809375000007 0.051864398611111064
person 0.74036189765625 0.6354781097222222 0.018721122656249988 0.1435286041666666
person 0.7590830203125 0.6458787333333333 0.02106126328125004 0.13936835694444452
person 0.8058858273437499 0.6770806 0.019891193750000015 0.11648698611111104
person 0.825691696875 0.6656399194444445 0.022231332031249985 0.13312798333333334
bike 0.7989252312499999 0.7382807250000001 0.08437494218749997 0.13828115555555548
drivable area 0 0 0 0
drivable area 0 0 0 0
lane 0 0 0 0
lane 0 0 0 0
lane 0 0 0 0
lane 0 0 0 0
lane 0 0 0 0