1 0.412118865625 0.6046870847222222 0.017138658593749946 0.0374999736111111
1 0.38970677109374996 0.6046870847222222 0.025048810937500044 0.042187473611111095
1 0.3725681109375 0.6070308319444445 0.023730452343749996 0.042187473611111095
1 0.41739229921875004 0.5859370972222222 0.025048810937499954 0.04921871666666667
1 0.46089812890625004 0.5976558388888888 0.026367169531249957 0.042187473611111095
1 0.44375946796875 0.6070308319444445 0.015820302343750026 0.03046872916666664
1 0.516269184375 0.5953120902777778 0.019511689062500004 0.04031246527777776
1 0.48331022265624995 0.5882808458333333 0.03955075390625007 0.053906212500000016
1 0.34013648515625 0.6070308319444445 0.035595678124999974 0.049218718055555555
0 0.19511705234375 0.5882808458333333 0.02241209453124997 0.03984372222222221
2 0.83768496328125 0.5742183541666667 0.03928710625000011 0.05859371111111113
1 0.5666304945312499 0.5929683416666667 0.011865225781250021 0.016406238888888917
