0 0.01634350546875 0.24661424305555554 0.027504931249999996 0.02551181805555558
0 0.05341536484375 0.27425204305555556 0.037071860156250004 0.029763787500000027
0 0.057002965625 0.31677174305555555 0.029896661718749995 0.046771665277777784
1 0.2411664015625 0.4315749208333334 0.20927663125 0.18708666527777779
1 0.48392729531249995 0.5017324263888889 0.10523625 0.06590552777777776
3 0.6274312734375 0.5187403013888889 0.011958664843750012 0.05314962222222219
3 0.63938993671875 0.5187403013888889 0.010762798437500009 0.0510236347222222
0 0.5054528921875 0.4124410611111111 0.01435039921875001 0.029763787500000027
0 0.5526547390625 0.39585836944444447 0.014350397656250014 0.0255118180555555
0 0.5502630046875 0.4277481444444444 0.022721464843750018 0.010629926388888893
