1 0 0.5011082722222222 0.07362365 0.09722996250000003
1 0.04417418984375 0.48988943055555556 0.10202134374999998 0.14584494305555554
1 0.41124067265625 0.4711913583333333 0.024190628906250032 0.03552633472222229
1 0.44594896562499997 0.4790445444444445 0.016828264062500063 0.026177298611111077
0 0.41860303906249996 0.3743353541666667 0.013672963281250006 0.020567876388888903
0 0.44700073281249997 0.3724655458333333 0.013672964062500004 0.029916911111111152
0 0.46803606093749994 0.38555419444444444 0.03470829296875007 0.014958456944444422
0 0.51221025078125 0.33319961388888886 0.011569431249999962 0.024307490277777826
0 0.55953973984375 0.37246555833333334 0.012621196874999985 0.02243768472222219
0 0.5616432734375 0.3949032430555555 0.01051766484375003 0.018698069444444423
0 0.6110762953125 0.16678678333333333 0.02734592812500001 0.04861498333333333
0 0.61317982734375 0.2771054027777778 0.02839769375000003 0.04487536805555554
0 0.621593959375 0.3257203833333333 0.015776496875000046 0.02430749305555556
3 0.57531623671875 0.4431442555555556 0.013672963281250006 0.07292247361111105
3 0.5868856664062501 0.44501406388888887 0.014724730468750025 0.09536015555555556
3 0.6100245281250001 0.4375348347222222 0.023138862500000013 0.09909976805555555
3 0.6478881203125 0.43192541388888883 0.021035328124999975 0.10283938472222229
3 0.6647163828125 0.4356650277777777 0.023138861718750015 0.09536015555555556
3 0.68890701171875 0.43379521944444444 0.03681182500000002 0.11779784027777775
3 0.7341329671875 0.44501406388888887 0.02524239374999997 0.11966764722222223
3 0.7583235953125 0.4824102027777778 0.016828264062499976 0.07292247222222217
1 0 0.4431442555555556 0.475963740625 0.5141969208333333
1 0.44651428046874997 0.42631599444444446 0.14514376718750005 0.1981995388888889
1 0.41033352109375 0.4412744486111111 0.025242394531250056 0.028047102777777787
1 0.397712325 0.4637121333333333 0.013672963281250006 0.03739613888888892
