0 0.27960060546875 0.4187122361111111 0.01652811249999999 0.02285368888888889
0 0.37325991953125 0.4627872055555556 0.006427600781249998 0.013059252777777728
0 0.47151037812499996 0.43340389305555554 0.0064276000000000446 0.026118501388888958
0 0.50732129375 0.44483073749999996 0.0128552 0.03264812777777782
0 0.6533196375 0.3925937333333333 0.019282800781249953 0.021221283333333375
0 0.44717732109375 0.45625758194444443 0.009182285937500012 0.006529626388888943
0 0.42207909140625005 0.45435312361111113 0.008264057812499993 0.004897219444444466
0 0.42116086328125 0.4723095944444444 0.008264057031249994 0.003264812499999989
0 0.42116086328125 0.4608827472222222 0.0128552 0.006529626388888864
0 0.38596209140625 0.42605806388888884 0.004591143750000004 0.0195888763888889
0 0.3437235765625 0.42605806388888884 0.008264057812499993 0.01632406388888891
0 0.31434026171874996 0.46523581805555553 0.008264057031250039 0.01142684305555556
1 0 0.4739420013888889 0.042238514843750005 0.032648127777777744
1 0.04132028671875 0.4698065611111111 0.043156743750000004 0.03264812500000005
1 0.08264057265625 0.4763361833333334 0.021119257812499993 0.019588874999999936
1 0.10559628750000001 0.4747037791666667 0.028465085156249993 0.02448609722222225
1 0.13038845937500002 0.4828658111111111 0.02203748515624999 0.027750908333333355
1 0.1533441734375 0.4730713722222222 0.014691658593750012 0.014691656944444513
1 0.23323006093749998 0.47960099722222227 0.01928279921875 0.019588877777777784
1 0.27234659765624997 0.4730713722222222 0.015609885937500012 0.01632406388888891
1 0.28795648203125 0.47796859027777777 0.013773429687500015 0.016324065277777796
1 0.2980569984375 0.4828658111111111 0.01010051328124999 0.013059251388888842
1 0.3118304265625 0.48613062222222225 0.018364571093750025 0.022853690277777776
1 0.35866008359375 0.4828658111111111 0.011018742968750005 0.009794437499999968
1 0.3696788265625 0.4828658111111111 0.00918228671875001 0.011426844444444445
1 0.431200140625 0.4910278430555556 0.009182287500000007 0.01142684583333333
1 0.44405534218750004 0.4893954361111111 0.00826405859374999 0.013059252777777806
1 0.42293608515625003 0.4926602486111111 0.008264057812499993 0.008162033333333341
1 0.41191734375 0.4910278430555556 0.013773428906250018 0.016324062499999945
1 0.40916265703125 0.49429265555555557 0.0128552 0.027750908333333355
1 0.376106428125 0.4893954361111111 0.018364571093750025 0.029383315277777752
1 0.36508768515625 0.49429265555555557 0.013773429687500015 0.019588875000000013
1 0.36325122734375 0.5008222819444444 0.011936971875000025 0.026118502777777764
1 0.44405535 0.4893954361111111 0.018364571875000023 0.04244256805555556
3 0.5239412359375 0.4877630291666667 0.013773429687500015 0.03428053611111111
1 0.49382333515625004 0.4910278430555556 0.046829657812499995 0.06529625416666668
1 0.51953373671875 0.5040870916666667 0.028465085937499968 0.06692865972222227
1 0.45066659140625004 0.48613062222222225 0.04774788671875001 0.07509069305555553
1 0.64312729609375 0.48449821805555554 0.06703068828124996 0.05876662638888893
1 0.8572582414062501 0.5057195027777778 0.03581091406250003 0.01795646805555554
3 0.5024546937500001 0.4893954361111111 0.013773428906250018 0.0767231
3 0.4822536640625 0.4828658111111111 0.016528114843750073 0.0767231
1 0.33460250468749997 0.4877630291666667 0.030301543750000003 0.04897219166666665
1 0.3841868484375 0.499189875 0.029383314062500034 0.03591294027777773
1 0.5404693515625001 0.4632769347222222 0.10375983124999992 0.13059251111111111
1 0.65800263828125 0.4763361833333334 0.23690297499999993 0.21058042361111104
