traffic light 0.31681254999999997 0.28594363472222223 0.006823654687500014 0.02599487500000003
traffic light 0.3236362046875 0.28594363472222223 0.0068236554687500115 0.02426188333333334
traffic light 0.31193851171875 0.28074465972222223 0.004874039062499991 0.029460858333333326
traffic light 0.181314259375 0.37779219444444445 0.009748078124999981 0.020795902777777778
traffic light 0.45815968828125 0.28940961944444443 0.005848846875000024 0.02599487500000003
traffic light 0.4532856484375 0.28940961944444443 0.004874039843749944 0.02599487500000003
traffic light 0.464008534375 0.287676625 0.004874040625000031 0.027727868055555563
traffic light 0.43086506796875 0.3639282611111111 0.005848847656250022 0.015596924999999985
traffic light 0.38212467578125 0.3691272375 0.004874039062500035 0.013863934722222224
car 0.41819256562499996 0.41245203055555557 0.010722886718750057 0.020795901388888892
car 0.38797352265625 0.4055200638888889 0.009748078124999981 0.01906290833333336
car 0.37237659765625 0.4107190388888889 0.010722886718750014 0.02252889305555554
car 0.360678903125 0.4159180125 0.008773270312499993 0.017329919444444484
car 0.34898120859375 0.4159180125 0.014622117187500016 0.02426188472222227
car 0.34313236171875 0.4176510041666667 0.009748078124999981 0.02426188472222219
car 0.33435909140625003 0.4159180125 0.01169769374999996 0.029460859722222288
car 0.3236362046875 0.4159180125 0.014622117968750015 0.03292684444444447
car 0.288543121875 0.4141850222222222 0.03314346640624999 0.04332479166666666
car 0.20081041640625 0.4193839986111111 0.056538855468749996 0.06412069305555555
car 0.1286746359375 0.43324793194444444 0.07506020312500002 0.06758667499999997
car 0.1286746359375 0.4159180125 0.054589238281249994 0.02426188472222227
car 0.3996712171875 0.41245203055555557 0.01949615468749997 0.027727866666666677
car 0.42891545234375006 0.41245203055555557 0.007798463281250001 0.020795901388888892
car 0.4347642984375 0.4072530555555555 0.02047096484375004 0.03292684444444447
car 0.45913449531249995 0.4055200638888889 0.023395388281250006 0.02946085972222221
car 0.478630653125 0.41245203055555557 0.014622117187500016 0.029460858333333326
car 0.49325277031250003 0.4055200638888889 0.03119385078125001 0.04332479305555555
car 0.53127027578125 0.4107190388888889 0.02826942890625004 0.060654711111111065
car 0.5478420093749999 0.4003210875 0.05848847031250006 0.07798462777777779
car 0.5780610523437499 0.3847241625 0.06726174062500005 0.1039795041666667
car 0.6307006765625001 0.3968551055555556 0.119901365625 0.10744548333333334
car 0.6355747148437499 0.39165613055555554 0.044841160937500034 0.024261881944444418
person 0.92021860625 0.3552633041666667 0.03704269843750012 0.13170737083333328
traffic sign 0.7330555000000001 0.2668807263888889 0.021445772656249938 0.020795898611111124
traffic sign 0.5127489265625 0.37086022916666667 0.008773271874999988 0.020795901388888892
traffic sign 0.53321989140625 0.3535303125 0.011697694531249959 0.012130943055555538
drivable area 0 0 0 0
drivable area 0 0 0 0
lane 0 0 0 0
lane 0 0 0 0
lane 0 0 0 0
lane 0 0 0 0
lane 0 0 0 0
lane 0 0 0 0
lane 0 0 0 0
lane 0 0 0 0
lane 0 0 0 0
lane 0 0 0 0
lane 0 0 0 0