traffic sign 0.71940818984375 0.28074465972222223 0.015596925781250003 0.032926843055555544
traffic sign 0.7242822296875 0.3067395361111111 0.03021904296875002 0.029460858333333326
traffic sign 0.3830994828125 0.5476253861111111 0.009748078124999981 0.017329916666666632
car 0.0019496156250000001 0.5528243597222222 0.15212180546875 0.3985880972222222
car 0.1969111859375 0.5909501805555556 0.13842271328125 0.1421053208333334
car 0.35288043984375 0.5788192361111111 0.036067890625 0.05025675972222222
car 0.89682321875 0.598382551388889 0.10203886250000008 0.35996187361111104
car 0.67164260546875 0.5580233361111111 0.23590349843749997 0.23048789999999997
car 0.5907335546875 0.5666882930555556 0.10722886328124996 0.13863933888888885
car 0.540043546875 0.5736202611111112 0.06628693281250006 0.08838257916666663
car 0.52249700546875 0.5614893194444445 0.04679077656250001 0.07971761944444443
car 0.50397565625 0.5649553027777777 0.032168658593749996 0.06238770138888891
car 0.494227578125 0.5684212847222222 0.017546540624999985 0.05198975277777775
car 0.48252988359375 0.5701542791666666 0.01852134921875006 0.04332479166666666
car 0.47180699765625 0.5718872694444445 0.012672501562500039 0.03292684444444447
car 0.45718488046875 0.5510913680555555 0.035093082031250056 0.048523769444444455
car 0.43963833828125 0.5666882930555556 0.01949615703124996 0.027727868055555563
car 0.42891545234375006 0.5649553027777777 0.01754654218749998 0.034659834722222234
car 0.41526814296875003 0.5718872694444445 0.014622117187500016 0.020795902777777778
car 0.40454525546875003 0.5632223111111111 0.012672501562499949 0.031193851388888937
car 0.39674679296875 0.5701542791666666 0.005848847656249978 0.027727866666666677
truck 0.35415341953125 0.5491529319444445 0.02106126328125 0.033281995833333314
drivable area 0 0 0 0