car 0.10233154062500001 0.38655108194444443 0.012479453906250004 0.0499178152777778
car 0.10857126718750001 0.3843325125 0.04367808828124999 0.06988494166666667
car 0.11356305 0.3932067916666666 0.04804589687500001 0.07764993472222224
car 0.11481099453125002 0.40429964027777776 0.048669869531249986 0.07764993472222224
car 0.13665003828125 0.4120646333333333 0.02745479765625001 0.12423989583333331
car 0.147881546875 0.36547467083333335 0.1447616640625 0.21631053333333333
car 0.0399342703125 0.3854417958333334 0.02246301796875 0.05435495416666664
car 0.02932673515625 0.3843325125 0.01934315390625 0.06655708888888891
car 0.05865345234375 0.3932067916666666 0.041806171875000006 0.0565735222222223
traffic light 0.10719850156249999 0.3560804152777778 0.003743835156250008 0.009983562499999958
traffic light 0.111566309375 0.35829898472222227 0.004991782812499989 0.012202131944444418
traffic light 0.06664027578125001 0.35497113194444446 0.00436780859375 0.014420699999999955
traffic light 0.071008084375 0.35497113194444446 0.004367809374999998 0.014420699999999955
traffic sign 0.14713275312500002 0.3472061361111111 0.014351371093749999 0.01885784166666665
traffic sign 0.1315334359375 0.3571897 0.009359589843750005 0.016639272222222227
person 0.29002249921875 0.36717326388888893 0.01934315390625003 0.09207063472222217
person 0.28877455390625 0.3871403902777778 0.04118219609375 0.1564091541666667
person 0.5258841765625 0.37604754166666665 0.019967127343749967 0.1952341222222222
person 0.5084129421875 0.3616268402777778 0.037438361718750014 0.22851266527777775
person 0.46723074296875 0.3571897 0.06239726953125002 0.2673376333333333
person 0.460991015625 0.35386184583333335 0.017471237500000035 0.056573524999999986
person 0.45724718046875 0.35053399166666666 0.03993425234375003 0.24182408472222222
person 0.386738265625 0.3438782833333333 0.06239726953125002 0.2662283472222222
drivable area 0 0 0 0
lane 0 0 0 0