traffic sign 0.0191873125 0.2542565027777778 0.02892856640625 0.02020407777777776
traffic sign 0.56100755 0.4654809472222222 0.007232142968750033 0.01469387638888888
traffic sign 0 0.2707871125 0.0181541484375 0.018367341666666644
traffic sign 0.001623540625 0.3020115944444445 0.0371938703125 0.02938774722222222
traffic sign 0.0088556828125 0.3334984736111111 0.027895404687500003 0.04959182500000002
traffic light 0.54403414140625 0.44553926666666666 0.005165816406250023 0.016530612499999996
traffic light 0.53886832578125 0.4437025305555556 0.005165814843750028 0.01653061111111111
car 0.4718111453125 0.49959173194444445 0.00619897890625003 0.020204076388888836
car 0.47904328828125 0.4977549958333333 0.011364794531250055 0.011020406944444418
car 0.48937491796875 0.49959173194444445 0.016530607812499997 0.01469387361111111
car 0.5069386890625001 0.5032652000000001 0.011364793749999968 0.011020405555555533
car 0.51313766796875 0.5032652000000001 0.009298468749999955 0.01469387361111111
car 0.5420662328125 0.4977549958333333 0.018596934375000006 0.03122448472222222
car 0.4759437984375 0.5087754027777778 0.03616070546875001 0.02204080972222226
car 0.06302294609375 0.4561223680555555 0.1487754796875 0.15979588611111112
car 0.25002545781249996 0.4928570569444444 0.023762750000000034 0.03306121944444445
car 0.10021681640624999 0.4928570569444444 0.16014027109375 0.13959180694444445
car 0.0010331625 0.4359182930555556 0.04029336015625 0.2608162722222222
truck 0.254158109375 0.3783672666666667 0.11778058828124997 0.20387750972222216
car 0.5200254109375 0.4983672611111111 0.023762750000000034 0.036734687499999946
car 0.5641070234375001 0.5020407291666668 0.021007658593749933 0.03489795277777771
car 0.65984682109375 0.3961223736111111 0.2944514671875001 0.3306121722222223
bus 0.34404329609375 0.3884693041666667 0.13017854375 0.2020407736111111
drivable area 0 0 0 0
lane 0 0 0 0
lane 0 0 0 0
lane 0 0 0 0
lane 0 0 0 0
lane 0 0 0 0
lane 0 0 0 0
lane 0 0 0 0
lane 0 0 0 0
lane 0 0 0 0
lane 0 0 0 0
lane 0 0 0 0
lane 0 0 0 0
lane 0 0 0 0