traffic sign 0.10258833281249999 0.4097845736111111 0.03159189531249999 0.03536212083333336
car 0.288629490625 0.4784286902777778 0.12285736796874999 0.18929134999999997
car 0.40446643671875 0.5200311861111111 0.03393203359374999 0.058243491666666675
car 0 0.4825889402777778 0.0733365796875 0.049922993055555524
car 0.1248196671875 0.4888293125 0.038612315625000004 0.039522372222222185
car 0.221935490625 0.4929895652777778 0.0210612625 0.03120186944444438
person 0.45594952343750006 0.4992299375 0.011700701562500004 0.04784287083333333
traffic sign 0.23948654375 0.46178769305555556 0.012870771874999987 0.02496149583333328
traffic sign 0.38574531328125 0.4576274430555556 0.011700703125 0.008320498611111147
traffic sign 0.66071180390625 0.29953796250000003 0.04563273671874999 0.03952237222222222
traffic sign 0.667732225 0.24545471944444444 0.021061262500000046 0.045762744444444434
traffic light 0.21257492890625002 0.39730382500000005 0.007020421093749984 0.03536212083333328
traffic light 0.33075201640624996 0.4097845736111111 0.008190490625000013 0.0291217458333333
traffic light 0.40446643671875 0.48466906666666665 0.011700701562500004 0.018721120833333375
drivable area 0 0 0 0
lane 0 0 0 0