car 0.2734176109375 0.5329955680555555 0.050316434374999996 0.0647136541666667
car 0.42025300000000004 0.5046411472222222 0.04082276796874993 0.07088604722222216
car 0.34683531328125 0.5282698291666666 0.022784799999999984 0.035443022222222155
car 0.3914555484375 0.5232065375 0.02848099999999998 0.04894513055555557
car 0.36772137968749996 0.5299575930555556 0.014240500781250009 0.02700420555555559
car 0.38145554296875 0.5313078069444445 0.007594934374999962 0.020253156944444427
traffic sign 0.5012656203125 0.502615836111111 0.026582267968750007 0.02025315555555554
car 0.46095313437499996 0.5130799611111111 0.014810120312499998 0.04219407499999998
drivable area 0 0 0 0
drivable area 0 0 0 0
lane 0 0 0 0
lane 0 0 0 0
lane 0 0 0 0
lane 0 0 0 0
lane 0 0 0 0