traffic sign 0.215255965625 0.2125984861111111 0.023917329687500023 0.03614173888888889
traffic light 0.215255965625 0.2629134583333333 0.03228839375000003 0.12968507777777782
traffic sign 0.6405858320312501 0.4025198013888889 0.01913386328124993 0.023385833333333356
car 0.6322147664062501 0.4833072263888889 0.013154530468750014 0.034015756944444475
car 0.6393899656250001 0.48401589305555553 0.01435039921875001 0.034015756944444475
car 0.6465651640625001 0.4861418777777778 0.015546264062499926 0.0340157569444444
car 0.6549362296875 0.4797639236111111 0.03707186171875003 0.04039371111111107
car 0.51940468359375 0.4946458166666667 0.019133863281250017 0.034015761111111056
car 0.4978790875 0.49677180138888893 0.021525596093750023 0.03826772777777773
car 0.45203752656249996 0.4861418777777778 0.026309062500000025 0.021259848611111132
car 0.458016859375 0.5074017263888889 0.021525596093750023 0.034015758333333285
car 0.42931606406249995 0.4946458166666667 0.038267726562500035 0.06590553055555554
car 0.524586765625 0.4457481652777778 0.11719491406250002 0.1892126513888889
car 0.24116641171875003 0.4457481652777778 0.07294785546874998 0.07653545833333339
car 0.29019693671875 0.48685052916666666 0.052618124218749965 0.08503939166666667
car 0.16104335859375002 0.49748045416666664 0.0693602546875 0.055275604166666645
car 0.26030027499999997 0.5123623472222222 0.060989189843750014 0.0744094722222222
car 0.17379926484375 0.5208662861111111 0.0920817171875 0.07866143611111111
car 0.04942915078125 0.5194489847222222 0.13752464296875 0.09992128611111113
drivable area 0 0 0 0
drivable area 0 0 0 0
lane 0 0 0 0
lane 0 0 0 0
lane 0 0 0 0
lane 0 0 0 0
lane 0 0 0 0