car 0.00546313359375 0.48864697638888893 0.058728689843749994 0.0801259638888889
car 0.0259498859375 0.47650667916666667 0.1188231625 0.12140297500000001
car 0.416563959375 0.4255174291666667 0.010926267968750025 0.026708654166666672
car 0.42066131015624997 0.41823325000000006 0.016389401562499996 0.0461331333333333
car 0.43022179453125 0.42066130972222227 0.024584102343750035 0.05584536944444444
car 0.44114806250000005 0.42066130972222227 0.04370507109375001 0.07284178611111108
car 0.30320393125 0.4394787708333333 0.019120968750000022 0.02185253611111114
car 0.255401509375 0.4321945930555556 0.02731566953125002 0.038848951388888824
car 0.13691979296875 0.4236963847222222 0.1447730484375 0.2039569986111111
truck 0.44558685859375 0.43098056250000005 0.05599712265625003 0.07769790694444438
car 0.3895897359375 0.4261244444444444 0.020486752343750015 0.026708654166666672
car 0.8553219007812499 0.37392116527777775 0.11472581171875014 0.09712237777777778
car 0.81571418046875 0.45768921805555557 0.18164920156250003 0.39820175972222216
person 0.95775566171875 0.2877250513888889 0.040973503906249854 0.18696058333333335
person 0.756985490625 0.38484743194444443 0.025949885937500028 0.09469432083333335
traffic light 0.2571087390625 0.33021609305555555 0.01365783515625001 0.0461331305555556
traffic light 0.3609082828125 0.4054859388888889 0.010926267968749981 0.026708654166666672
traffic light 0.5304703015625 0.3020506027777778 0.017755185156249985 0.05827342916666668
traffic sign 0.5408502562499999 0.37634922361111117 0.030047235937500007 0.016996416666666646
drivable area 0 0 0 0
drivable area 0 0 0 0
lane 0 0 0 0
lane 0 0 0 0
lane 0 0 0 0
lane 0 0 0 0
lane 0 0 0 0
lane 0 0 0 0
lane 0 0 0 0
lane 0 0 0 0
lane 0 0 0 0
lane 0 0 0 0
lane 0 0 0 0
lane 0 0 0 0
lane 0 0 0 0
lane 0 0 0 0
lane 0 0 0 0
lane 0 0 0 0
lane 0 0 0 0
lane 0 0 0 0
lane 0 0 0 0