traffic sign 0.28979956015625 0.2870572125 0.02457147421874999 0.027041622222222214
traffic sign 0.2909696296875 0.3244994597222222 0.022231333593750024 0.05408324166666666
traffic sign 0.8163311359375 0.25793546666666667 0.03276196406250005 0.08112486388888887
traffic sign 0.5331741546875 0.3681820791666667 0.02574154375000006 0.014560875000000017
traffic light 0.36702419140625003 0.3203392097222222 0.01170070156249996 0.022881372222222238
traffic light 0.4091467171875 0.35154108194444444 0.009360560937499951 0.018721123611111147
traffic light 0.44424882187500003 0.39106345138888887 0.0058503523437499535 0.01872112222222226
traffic light 0.46765022500000003 0.39938395 0.007020420312499986 0.016640997222222214
traffic light 0.5050924703125 0.36194170555555555 0.009360561718749948 0.0166409986111111
traffic light 0.5940178046875 0.35362120555555554 0.009360561718749948 0.029121745833333337
traffic light 0.49105162890625 0.40146407638888887 0.009360561718750039 0.018721120833333375
traffic light 0.40212629609375006 0.39106345138888887 0.007020421093749984 0.020801248611111114
traffic sign 0.2734185765625 0.2995379638888889 0.011700702343750003 0.016640997222222214
traffic sign 0.2757587171875 0.33281995694444444 0.00819049218750001 0.022881372222222238
traffic sign 0.732086084375 0.4326659458333333 0.010530631249999978 0.024961498611111133
traffic sign 0.5975280140625 0.39106345138888887 0.012870771874999942 0.014560875000000017
traffic sign 0.5015822601562501 0.40770444722222227 0.01755105312499996 0.010400626388888886
traffic sign 0.541364646875 0.40770444722222227 0.008190489843750015 0.020801251388888886
traffic sign 0.44190868125 0.4118646972222222 0.00936056093750004 0.014560875000000017
traffic sign 0.4395685421875 0.4243454486111111 0.009360560937499951 0.016640997222222214
traffic light 0.57295654140625 0.41810507361111116 0.011700702343750003 0.01872112222222218
traffic light 0.66188187265625 0.4243454486111111 0.009360561718750039 0.018721120833333296
traffic light 0.45945973437500004 0.4160249472222222 0.009360561718749948 0.0166409986111111
traffic sign 0.30735061171875 0.4160249472222222 0.014040842968749967 0.012480748611111083
traffic light 0.3576636296875 0.3785827041666667 0.009360561718750039 0.016640997222222214
car 0.5050924703125 0.4472268208333333 0.015210912499999996 0.016640997222222214
car 0.49339176796875 0.4472268208333333 0.014040841406249971 0.01456087361111113
car 0.63146004765625 0.4659479416666667 0.021061264062499953 0.04160249444444438
car 0.5612558375 0.45346719444444444 0.025741543749999974 0.03536211944444448
car 0.5846572421875 0.45346719444444444 0.011700702343750003 0.020801248611111114
car 0.5846572421875 0.45346719444444444 0.05265315624999998 0.05408324166666666
car 0.634970259375 0.45346719444444444 0.07605456171874998 0.08736524027777783
car 0.3249016671875 0.42018519722222225 0.028081683593749983 0.0332819972222222
car 0.4009562265625 0.4326659458333333 0.016380982031250026 0.018721125000000033
car 0.3857453140625 0.4326659458333333 0.011700702343750003 0.020801248611111114
car 0.2558675265625 0.4222653222222222 0.026911613281250003 0.03536211944444448
car 0.221935490625 0.4243454486111111 0.02457147421874999 0.0291217458333333
car 0.24533689375 0.4222653222222222 0.02223133359374998 0.03120186944444446
car 0.176302753125 0.4222653222222222 0.04563273671875001 0.03744224583333333
car 0.06514608828125 0.4097845736111111 0.05265315703124999 0.052003118055555575
car 0.108438684375 0.41810507361111116 0.015210910937499999 0.02912174722222218
car 0.42084741875000004 0.4347460694444445 0.032761964843749956 0.04368262083333331
car 0.6817730656250001 0.4576274444444444 0.12987778906249997 0.12064723472222225
car 0.84236707734375 0.5782746791666666 0.15649500468749994 0.35613772361111107
rider 0.898236046875 0.42850569861111115 0.045632735937499905 0.19761184999999998
bike 0.8643040125000001 0.5283516847222222 0.08541512265625002 0.10816648611111117
person 0.86781422265625 0.4326659458333333 0.03042182421875008 0.13312798194444445
bike 0.79761001328125 0.47218831666666666 0.03276196406249996 0.09776586111111109
car 0.46414001406249994 0.4389063194444444 0.017551053906250048 0.022881372222222276
drivable area 0 0 0 0
lane 0 0 0 0
lane 0 0 0 0
lane 0 0 0 0
lane 0 0 0 0
lane 0 0 0 0
lane 0 0 0 0
lane 0 0 0 0