traffic sign 0.16742130625 0.47494503194444443 0.009566932031250008 0.025511819444444465
traffic sign 0.17818410468749998 0.48685053055555555 0.009566932031250008 0.02551181805555558
car 0.18535930390625 0.5314962125 0.025113195312500024 0.02763780416666661
car 0.165029571875 0.5166143152777778 0.025113196875 0.0340157569444444
car 0.14111224375 0.5272442388888889 0.025113195312500003 0.029763788888888833
traffic sign 0.30135835078125 0.46984265 0.008371064062499966 0.03826772638888893
traffic light 0.3312550140625 0.45070878611111115 0.009566932031250008 0.02763780138888884
traffic sign 0.8112758445312499 0.4315749222222222 0.015546264062500014 0.04677166527777775
traffic sign 0.6493554953125 0.44220484722222225 0.016742129687500017 0.03826772777777773
traffic sign 0.6290257632812499 0.47196863472222217 0.017937997656250017 0.02551182083333335
car 0.57569011328125 0.5251182555555556 0.010762797656250012 0.014881895833333342
truck 0.55488204453125 0.5123623472222222 0.02032972968750002 0.03401575555555551
car 0.58358283984375 0.5272442388888889 0.011958664062500013 0.014881895833333342
car 0.5393357796875 0.5251182555555556 0.01793799609375002 0.023385833333333276
person 0.48432592109375 0.5081103763888889 0.016742130468750015 0.08716537916666667
car 0.36713100781249997 0.5187403013888889 0.06936025546874998 0.09141734861111112
person 0.33005914765625 0.5123623472222222 0.014350397656250014 0.07653545277777778
car 0.21406009843749998 0.5123623472222222 0.11958664843750003 0.12118113611111106
rider 0.09686518359375 0.4687796569444444 0.032288394531249986 0.2168504541666667
motor 0.10882384921874999 0.5601970055555555 0.026309061718750006 0.09354333333333334
car 0 0.4475198083333334 0.11121558281249999 0.28063000000000005
drivable area 0 0 0 0
drivable area 0 0 0 0
lane 0 0 0 0
lane 0 0 0 0
lane 0 0 0 0
lane 0 0 0 0
lane 0 0 0 0
lane 0 0 0 0
lane 0 0 0 0
lane 0 0 0 0
lane 0 0 0 0
lane 0 0 0 0
lane 0 0 0 0
lane 0 0 0 0