traffic sign 0.35757667265625004 0.6549013444444445 0.041020266406250006 0.04980238611111108
traffic sign 0.33956777265625 0.6815811944444444 0.013006426562500017 0.02845850416666672
traffic sign 0.32456035859375 0.6726879111111111 0.007003460937499995 0.0160079097222222
car 0.20750252265625 0.6563242763888889 0.011005436718749984 0.012450595833333328
car 0.20550153515625 0.6652175597222222 0.009004449218749988 0.01067193888888893
car 0.214505984375 0.6723321861111111 0.011005436718750029 0.008893283333333338
car 0.2095035125 0.6794468125 0.014006920312499994 0.0160079097222222
car 0.1764871984375 0.6741108430555556 0.015007415624999987 0.023122536111111144
car 0.18649214218750002 0.6741108430555556 0.019009392968749993 0.03735178750000006
car 0.1984980734375 0.6830041236111111 0.030014829687499977 0.04446641666666661
car 0.1644812671875 0.6812254694444445 0.01600790859375001 0.023122536111111064
car 0.12045951640625 0.6705535291666667 0.01800889843750002 0.02134387777777778
car 0.1124555625 0.6741108430555556 0.01200593125 0.0160079097222222
car 0.09544715859375 0.6741108430555556 0.018008898437499987 0.0160079097222222
car 0.08144023828125 0.6723321861111111 0.01200593125 0.014229252777777725
car 0.05842886796875 0.6669962166666666 0.022010875000000006 0.0160079097222222
car 0.03841898203125 0.6634389027777778 0.02401186484375 0.023122536111111064
car 0.0004001984375 0.5994072652777778 0.04102026640625 0.20276684861111116
car 0.12246050703125 0.6741108430555556 0.0550271875 0.06936760694444447
car 0.25212456953125 0.6610673680555555 0.01200593203125 0.012450598611111098
car 0.26112901875 0.6646246833333334 0.009004449218750033 0.010671937500000044
car 0.26813247890624997 0.6664033402777778 0.009004448437500034 0.010671937499999966
car 0.27513593984375 0.6681819944444444 0.009004449218749988 0.010671940277777816
car 0.28213939921875003 0.6699606513888889 0.00800395468749997 0.014229252777777803
car 0.28514088203125 0.6752966236111111 0.011005438281250024 0.008893283333333338
car 0.29014335390625 0.6752966236111111 0.011005436718750029 0.012450594444444442
car 0.29714681328125 0.6717393083333334 0.01400692109374999 0.017786566666666677
car 0.30615126406250004 0.68241125 0.009004449218749988 0.010671940277777816
car 0.28714187109375 0.6841899069444445 0.010004943750000005 0.010671937499999966
car 0.2711339609375 0.6895258750000001 0.011005436718749984 0.01956522222222219
car 0.24211962578125 0.6806325916666667 0.013006426562500017 0.014229252777777725
car 0.2371171546875 0.6895258750000001 0.015007414843750011 0.023122536111111064
car 0.24812259296875 0.6913045333333333 0.011005436718749984 0.02667984861111113
car 0.25212456953125 0.6930831902777778 0.022010875781250005 0.03557313055555558
car 0.301148790625 0.7001978152777778 0.011005436718749984 0.01956522222222219
car 0.29714681328125 0.6984191583333333 0.010004943750000005 0.0160079097222222
car 0.29014335390625 0.6966405013888889 0.011005436718750029 0.021343879166666666
car 0.28013841171875 0.7019764708333334 0.01500741562500001 0.02134387777777778
drivable area 0 0 0 0
drivable area 0 0 0 0
lane 0 0 0 0
lane 0 0 0 0
lane 0 0 0 0
lane 0 0 0 0
lane 0 0 0 0
lane 0 0 0 0
lane 0 0 0 0
lane 0 0 0 0
lane 0 0 0 0