traffic sign 0.32298835390625 0.29249026666666667 0.04817786718749999 0.061178243055555526
traffic sign 0.41704990468750003 0.27151861666666666 0.01875800078124996 0.014853829166666681
traffic sign 0.47899287656249995 0.26394041944444446 0.02179475000000002 0.01835347361111109
traffic sign 0.44749323203125 0.3805512833333333 0.015546267187500008 0.017007880555555566
car 0.43198880859375005 0.4130463416666667 0.019110100781249972 0.02682119166666668
car 0.4118729140625 0.40947018055555556 0.015086920312500052 0.012516556944444406
traffic sign 0.37690168203124996 0.28841171805555554 0.061942971874999975 0.05709969444444442
traffic sign 0.44343302187500006 0.27821534305555556 0.06194297187499993 0.06525679305555557
drivable area 0 0 0 0
drivable area 0 0 0 0
lane 0 0 0 0
lane 0 0 0 0
lane 0 0 0 0
lane 0 0 0 0