traffic light 0.4886150359375 0.35225164444444446 0.007040563281250023 0.021456952777777812
traffic light 0.38602397890625 0.3433112472222222 0.009052152343749986 0.025033109722222235
traffic light 0.5610322515624999 0.3361589277777778 0.007040564062500021 0.025033112500000006
traffic light 0.6274146984375 0.3433112472222222 0.010057946874999946 0.025033109722222235
traffic light 0.7571622101562501 0.3236423722222222 0.00704056484374993 0.023245031944444446
traffic light 0.8667938304687499 0.3182781347222222 0.00704056406250011 0.032185427777777775
traffic light 0.10440147421874998 0.3111258152777778 0.008046357031250007 0.03397350972222226
traffic sign 0.43530791953125 0.38980130972222227 0.008046357031250029 0.010728476388888847
traffic sign 0.29751404765625 0.3594039597222222 0.01609271562500001 0.025033112500000006
traffic sign 0.29851984453124997 0.38443707222222223 0.011063739843750042 0.021456952777777774
traffic sign 0.34679798828125 0.3594039597222222 0.009052152343749986 0.010728475000000041
traffic sign 0.48559765234374996 0.31470197499999997 0.010057945312500038 0.017880794444444466
traffic sign 0.48760924218749996 0.3307946902777778 0.008046357031250029 0.017880791666666656
traffic sign 0.5871829140625 0.2324503208333333 0.02212748125000008 0.04649006666666666
traffic sign 0.583159734375 0.2932450222222222 0.016092715624999965 0.01251655555555556
traffic sign 0.59724086015625 0.3003973402777778 0.018104303906249973 0.014304634722222194
traffic sign 0.59321768125 0.3218542930555556 0.013075330468750045 0.025033111111111082
traffic sign 0.5801423492187501 0.34688740416666664 0.015086920312499964 0.01251655555555556
traffic sign 0.699831915625 0.34688740416666664 0.024139072656249993 0.03754966805555557
traffic sign 0.82153306953125 0.38264899444444445 0.00804635781249985 0.017880791666666656
traffic light 0.8084577390625001 0.38980130972222227 0.007040564062499932 0.016092715277777753
traffic sign 0.5228120546875 0.3611920402777778 0.01709850937499997 0.02860926805555558
car 0.77426072109375 0.40052978611111106 0.030173839843750015 0.026821190277777796
car 0.328693684375 0.4219867388888889 0.021121689062500025 0.025033112500000006
car 0.20799832421875003 0.4255628986111111 0.022127482812499988 0.026821190277777796
car 0.27739815624999997 0.4219867388888889 0.01911010000000002 0.02860927222222224
car 0.012874159375 0.4398675333333334 0.03419701875 0.03576158749999997
car 0.3608791140625 0.39337746944444446 0.09454469843750002 0.1251655583333333
traffic light 0.76219246484375 0.32484352638888886 0.007910150781250014 0.02343748472222222
drivable area 0 0 0 0
drivable area 0 0 0 0
drivable area 0 0 0 0
drivable area 0 0 0 0
lane 0 0 0 0
lane 0 0 0 0
lane 0 0 0 0
lane 0 0 0 0
lane 0 0 0 0
lane 0 0 0 0
lane 0 0 0 0
lane 0 0 0 0
lane 0 0 0 0