car 0.4774270359375 0.41765595555555557 0.015820301562499937 0.028124980555555526
car 0.46688016796875004 0.41296845972222224 0.015820301562499937 0.039843720833333325
car 0.452378225 0.41296845972222224 0.025048810937500044 0.04218747083333333
car 0.3363626796875 0.41765595555555557 0.08701165937500002 0.11249992361111115
car 0.51565943125 0.41765595555555557 0.014501943749999935 0.028124980555555526
car 0.50379420546875 0.4106247111111111 0.01713866015625003 0.03281247638888887
car 0.5275246578125 0.40359346527777773 0.022412093749999952 0.04687496944444444
car 0.53279809140625 0.4082809625 0.039550754687500064 0.053906212500000016
car 0.5407082421875 0.42937469722222227 0.02241209375000004 0.05390621527777779
car 0.55389182734375 0.4246872013888889 0.029003885937499963 0.06562495277777775
car 0.565757053125 0.4106247111111111 0.03955075468749998 0.09140618611111112
car 0.5763039210937501 0.4106247111111111 0.05800777265624992 0.09843743333333334
car 0.59871601484375 0.41765595555555557 0.06591792265625003 0.13124990972222222
car 0.61980975078125 0.4387496902777777 0.16347645000000002 0.17812487777777786
car 0.4932473375 0.4246872013888889 0.015820301562500028 0.02578123194444441
car 0.42601105546875007 0.41765595555555557 0.03559567968749997 0.0539062138888889
car 0.10696830625 0.4082809625 0.23862288281249996 0.24609358055555558
car 0.7305518617187501 0.41765595555555557 0.26894512812499993 0.4312497041666667
car 0.9625829523437501 0.7832807041666666 0.036914036718749973 0.11953116805555561
drivable area 0 0 0 0
lane 0 0 0 0