1 0.52963178515625 0.3531355263888889 0.01287076015625006 0.016779656944444454
1 0.5373542421875 0.34855925416666667 0.01372881015624996 0.028983047222222266
1 0.5416444953124999 0.3500846791666667 0.016302963281250006 0.025932197222222206
1 0.54507669765625 0.35466095000000003 0.01115465859375 0.030508472222222197
1 0.54936695078125 0.3470338319444445 0.03260592578125001 0.044237280555555515
1 0.2876614921875 0.330254175 0.09953388046875 0.12813556527777778
1 0.27993903515624996 0.3317795986111111 0.025741521093750032 0.05491524305555551
1 0.372608509375 0.3195762111111111 0.13128175390625002 0.18762708194444444
1 0.59055338359375 0.3439829875 0.07465040937500005 0.1098304847222222
1 0.7505798375 0.3592372208333333 0.24797664765625002 0.40728805833333326
1 0.0002145125 0.3211016333333333 0.03861228125 0.08389829166666665
0 0.3760407125 0.281440625 0.018877114843750008 0.012203388888888887
0 0.5974177882812499 0.2936440125 0.012012709375000074 0.007627118055555549
0 0.59226948515625 0.3027965527777778 0.012870760156249971 0.009152541666666675
0 0.8689908304687499 0.15483047916666667 0.030889825000000037 0.03813558611111109
1 0.51429762109375 0.33618424583333334 0.007177459374999984 0.006379963888888875
1 0.52291057265625 0.34766818194444443 0.00717746015625007 0.017863900000000044
