0 0.41545804921874996 0.28065789583333334 0.017985198437500037 0.042631579166666635
0 0.75917515625 0.21848684305555557 0.029975328906250008 0.033749999999999974
0 0.79614472890625 0.24690789583333334 0.012989309375000068 0.02664473750000001
0 0.8001414390624999 0.1936184222222222 0.03197368437500003 0.01776315833333335
0 0.8141299265624999 0.2646710541666667 0.02597861796875005 0.019539472222222187
0 0.8001414390624999 0.2930921055555556 0.02697779609374997 0.062171052777777784
0 0.41146133828125003 0.3303947388888889 0.018984375781249962 0.014210527777777789
0 0 0.04085526388888889 0.0317738375 0.04440789444444444
1 0.54934785234375 0.43342105555555555 0.014987664843750003 0.02486842083333332
1 0.5623371609375 0.4351973708333333 0.015986842187500017 0.02309210555555552
1 0.5763256476562499 0.44407895000000003 0.016986020312500027 0.021315788888888833
1 0.5963092023437501 0.44407895000000003 0.02697779609374997 0.03907894722222222
1 0.7012228539062499 0.39967105416666665 0.21582236874999997 0.13855263333333337
1 0.13968502109375 0.3890131597222222 0.46062088984375 0.5098026347222222
1 0.9640065726562501 0.43697368750000004 0.03597039453124999 0.09769736805555557
1 0.8910666046875001 0.54532895 0.1089103617187499 0.323289475
3 0.04176561328125 0.3801315805555555 0.050958059374999996 0.27177631805555563
3 0.05775245546875 0.33750000138888886 0.102915296875 0.30907895
3 0.12169982421875 0.39789473888888893 0.07393914453124999 0.23802631666666663
0 0.8120149359375001 0.37605920416666666 0.019496156249999962 0.031193851388888857
