traffic sign 0.21263724296875003 0.2883514847222222 0.020769218749999974 0.036923056944444435
traffic sign 0.2116482328125 0.3780217652777778 0.023736249218750016 0.031648331944444406
traffic sign 0.21857130625 0.42725250555555555 0.012857135937499996 0.03164833194444449
traffic sign 0.45494479921875 0.32527454166666664 0.029670311718749964 0.04923074166666667
traffic sign 0.4707689640625 0.40087889722222225 0.056373596093749964 0.06505490972222217
traffic sign 0.65076886484375 0.22892295555555553 0.029670312499999962 0.07736259583333335
traffic sign 0.692307303125 0.32210971805555555 0.009890103906249958 0.02285713055555555
traffic sign 0.692307303125 0.3484833305555555 0.011868124999999985 0.02285713055555559
traffic sign 0.6942853234374999 0.3766151819444445 0.007912083593750018 0.01758240972222222
traffic sign 0.6527468843750001 0.30980203194444444 0.02769229296874993 0.06505490972222219
traffic sign 0.9014830093749999 0.3714283625 0.01087911484375006 0.01934064861111106
car 0.1018680734375 0.43956019305555555 0.04549448203124999 0.028131852777777765
car 0.58846120703125 0.43428546805555557 0.030659323437499976 0.056263704166666643
car 0.77538417890625 0.4254942666666666 0.01582416718749995 0.012307687500000004
car 0.5281315703125 0.4413184319444445 0.07813182421875 0.11252741111111106
drivable area 0 0 0 0
drivable area 0 0 0 0
drivable area 0 0 0 0
lane 0 0 0 0
lane 0 0 0 0
lane 0 0 0 0
lane 0 0 0 0
lane 0 0 0 0
lane 0 0 0 0
lane 0 0 0 0
lane 0 0 0 0
lane 0 0 0 0