0 0.43866353046875 0.2079590069444444 0.026319811718749975 0.05198975138888891
0 0.37042698125 0.3015405597222222 0.028269427343749997 0.04159180138888886
0 0.33533389921875 0.2963415847222222 0.03411827421874998 0.0311938513888889
0 0.43963833828125 0.3448653541666667 0.030219044531250017 0.03292684027777777
0 0.61120451953125 0.3171374861111111 0.007798462500000003 0.039858809722222215
0 0.5907335546875 0.35006432916666663 0.03411827421874998 0.06065470972222226
0 0.29439196953125 0.27381269305555556 0.012672501562499994 0.06065470972222222
0 0.31876216562500004 0.43671391527777775 0.010722885937499971 0.017329916666666712
0 0.49617719375 0.0017329916666666667 0.022420580468750017 0.09358155277777779
0 0.06726174140624999 0.4817717 0.007798462500000003 0.02079590000000001
0 0.4610841109375 0.4089860472222222 0.016571733593749992 0.032926843055555585
1 0.143296753125 0.497368625 0.039967121875 0.05372274583333336
1 0.25832407890625003 0.46790776666666667 0.10625405546874997 0.16636720555555554
1 0.1900875296875 0.48523768333333334 0.04776558437499998 0.06585368611111109
1 0.24467676953125 0.49390264166666664 0.020470964843749995 0.025994876388888914
1 0.0009748078125000001 0.5094995680555556 0.05653885546875 0.06412069305555555
1 0.10722886328125 0.5129655513888889 0.023395388281249985 0.034659834722222234
3 0.42696583671875 0.46964075833333335 0.02047096484375004 0.0866495861111111
3 0.4493864171875 0.4817717 0.016571732031249998 0.0745186444444444
1 0.76132492734375 0.4089860472222222 0.12672502031250002 0.10917847916666672
1 0.5848847078125 0.40378707222222227 0.16766694921875 0.2668807263888888
1 0.65507087265625 0.3084725277777778 0.34118274609374993 0.6879977152777778
0 0.23882792187500002 0.4644417819444444 0.004874039843749988 0.019062909722222247
