traffic sign 0 0.3015405597222222 0.02924423515625 0.11091147083333333
traffic sign 0.30998889531249996 0.26168175000000005 0.023395388281250006 0.04679077916666666
traffic sign 0.34508197734375 0.31540449444444446 0.010722886718750014 0.020795899999999968
traffic sign 0.9475132265624999 0.16290122222222223 0.05069000781249997 0.034659834722222234
traffic sign 0.92996668515625 0.06065470972222222 0.03411827421874989 0.02946085972222223
traffic sign 0.06043808671874999 0.3015405597222222 0.007798462500000003 0.03465983472222219
car 0.32948505156249996 0.33620039444444444 0.08188385937499998 0.10917847916666672
car 0.5575900875 0.3292684277777778 0.10722886328124996 0.12477540416666666
car 0.406494871875 0.3448653541666667 0.02047096484374995 0.03292684027777777
truck 0.4493864171875 0.2530167916666667 0.09065712968749998 0.14557130555555556
car 0.43963833828125 0.33273441111111113 0.012672502343750036 0.045057784722222195
car 0.42794064453124997 0.3431323611111111 0.013647309375000027 0.02946085972222221
truck 0.3616537109375 0.2946085930555556 0.03704269765625003 0.048523768055555534
car 0.12964944375 0.3569962958333333 0.020470964843749995 0.025994873611111143
car 0.14914560078125 0.33620039444444444 0.020470963281249997 0.012130944444444462
car 0.1822890671875 0.33100141944444444 0.010722885937499992 0.01386393611111111
car 0.12477540390625 0.33446740277777776 0.020470964843750016 0.008664958333333316
car 0.09748078437499999 0.33273441111111113 0.018521349218750004 0.01386393611111111
car 0.06823654921875 0.33446740277777776 0.015596925781250003 0.010397952777777775
traffic sign 0.29049273828125 0.27381269305555556 0.031193850781249966 0.0415918013888889
drivable area 0 0 0 0
lane 0 0 0 0
lane 0 0 0 0
lane 0 0 0 0
lane 0 0 0 0
lane 0 0 0 0