rider 0.26735388828125 0.1404585638888889 0.02471338437499999 0.05192307083333334
rider 0.3497318375 0.1404585638888889 0.013480028124999998 0.03727810277777777
rider 0.39691193515625 0.14312128472222221 0.017973371874999967 0.05325443194444443
bike 0.26435832578124996 0.16176033750000002 0.03295117968750003 0.041272186111111095
bike 0.35197850859375 0.15643489305555555 0.012731137500000012 0.033284019444444465
bike 0.3939163734375 0.1604289736111111 0.020968932031249964 0.04127218611111114
car 0.36096519374999997 0.1309171388888889 0.017973371093750013 0.022633133333333333
car 0.33575255625 0.12692305555555555 0.014977807812500021 0.021301772222222206
car 0.32451920078124996 0.1295857763888889 0.016475589843750037 0.02529585555555555
car 0.29830803359375 0.1322484986111111 0.030704509374999977 0.04393490694444445
car 0.29007024062500003 0.13757394027777778 0.032202289843749995 0.05724851527777777
car 0.28108355390625 0.14689346805555556 0.03519785156249999 0.04260354583333334
car 0.22716344140625 0.15221890972222224 0.04718009765625002 0.07455620138888887
car 0.38917341484375 0.1295857763888889 0.011982247656249978 0.021301775
car 0.40490011640625 0.13491121944444445 0.014228917968750032 0.03860946527777778
car 0.46331356953125 0.12736684583333333 0.0696468125 0.09852070000000003
car 0.48178619375 0.14334317500000002 0.07563793515624999 0.09852069722222222
car 0.5486870796875001 0.15133134166666667 0.026960057031249995 0.046597627777777775
car 0.17411702812500002 0.15377216944444444 0.08312683984375 0.09053253333333332
car 0.41675753281250005 0.1294748347222222 0.03894230234374998 0.06124259583333335
car 0.55118336640625 0.08520709027777779 0.16400700703124996 0.22766269583333332
car 0.7492648890625 0.0013313597222222222 0.24975496249999996 0.5658283347222223
traffic sign 0.1812314875 0.0199704125 0.016475589843749992 0.011982245833333334
traffic sign 0.1894692828125 0.06390531944444446 0.024713384375000015 0.01597632916666666
traffic sign 0.46580985546875003 0.07455620416666667 0.012731137499999967 0.014644966666666676
traffic sign 0.46131651328125 0.09718933749999999 0.014228917968750032 0.009319525000000006
traffic light 0.29656061562499997 0.01863905277777778 0.00898668515625003 0.03195266111111111
traffic light 0.4373520203125 0.0013313597222222222 0.006740014062500066 0.023964494444444442
traffic light 0.44484092343750004 0 0.005991122656249992 0.026627213888888886
traffic light 0.17898481718749998 0.08520709027777779 0.020220040625 0.022633133333333326
traffic light 0.46880541796874997 0.10384614166666667 0.011982247656250066 0.01863905277777778
traffic light 0.5810721125 0.08710902638888889 0.013480028125000043 0.01863905
traffic sign 0.573583209375 0.11639896388888889 0.01348002578124996 0.01597632916666666
car 0.11682691015624999 0.14911240833333333 0.023964492968750008 0.06390531944444443
drivable area 0 0 0 0
drivable area 0 0 0 0
drivable area 0 0 0 0
lane 0 0 0 0
lane 0 0 0 0
lane 0 0 0 0
lane 0 0 0 0
lane 0 0 0 0
lane 0 0 0 0
lane 0 0 0 0
lane 0 0 0 0
lane 0 0 0 0
lane 0 0 0 0
lane 0 0 0 0
lane 0 0 0 0
lane 0 0 0 0
lane 0 0 0 0
lane 0 0 0 0
lane 0 0 0 0