traffic sign 0.6258266359375 0.4159180125 0.02047096406250004 0.048523769444444455
traffic sign 0.402595640625 0.4557768236111111 0.007798463281250001 0.01386393611111111
traffic light 0.47765584453125004 0.5406934180555556 0.005848846093749938 0.01386393611111111
traffic light 0.46205891875000005 0.5389604263888889 0.002924423437499968 0.01386393611111111
car 0.42209179765625005 0.5788192347222222 0.013647310156249936 0.017329919444444484
car 0.4396383390625 0.5788192347222222 0.010722885156249973 0.015596927777777835
car 0.37822544375 0.5753532513888889 0.008773271875000033 0.017329918055555518
car 0.387973521875 0.5753532513888889 0.01267250312499999 0.017329918055555518
car 0.433789490625 0.4956356347222223 0.02826942812500004 0.01386393611111111
car 0.433789490625 0.5666882944444445 0.10722886484375005 0.16290122361111103
car 0.1228257890625 0.5996151375 0.032168660156250015 0.024261883333333383
car 0.8410642265625 0.5822852208333333 0.10722886093749988 0.057188727777777774
car 0.93367097265625 0.5476253861111111 0.030219042968749932 0.051989751388888866
car 0.975587709375 0.5493583777777777 0.02242057968750011 0.0727856486111111
drivable area 0 0 0 0
drivable area 0 0 0 0
lane 0 0 0 0
lane 0 0 0 0
lane 0 0 0 0
lane 0 0 0 0
lane 0 0 0 0
lane 0 0 0 0
lane 0 0 0 0