traffic light 0.4365579234375 0.37312473611111113 0.006591792187500012 0.028124981944444412
traffic light 0.27703654843750003 0.3754684847222222 0.007910149999999972 0.028124980555555526
traffic light 0.161021003125 0.4246872013888889 0.010546867968749995 0.025781233333333296
traffic light 0.07664606171875 0.4082809625 0.007910149999999994 0.0374999736111111
traffic light 0.42996613124999994 0.3754684847222222 0.006591792187500012 0.028124980555555526
traffic sign 0.18870653125 0.40359346527777773 0.01977537734375001 0.03984372222222221
traffic sign 0.20848190859375001 0.38953097500000006 0.02636716953125 0.018749987499999954
traffic sign 0.547300034375 0.3989059680555555 0.011865225781250021 0.01874998750000003
traffic sign 0.54861839296875 0.4387496916666667 0.014501943750000024 0.018749986111111068
traffic sign 0.4932473375 0.4082809625 0.015820301562500028 0.01874998750000003
traffic light 0.5367531671875 0.3614059958333333 0.007910150781250014 0.03281247638888895
traffic sign 0.8729345757812499 0.25593731666666664 0.03295896250000006 0.03281247777777779
traffic sign 0.85315919921875 0.14812489027777778 0.056689416406250005 0.10546867777777777
person 0.48401882890625 0.4762496652777778 0.007910150000000015 0.03515622638888887
person 0.4774270359375 0.47859341388888893 0.007910149999999927 0.03281247777777775
car 0.26253460546874996 0.48562465972222224 0.0250488109375 0.03984372222222221
traffic sign 0.30867715234375004 0.42937469722222227 0.01582030312499998 0.016406238888888838
car 0.42996613124999994 0.4762496652777778 0.010546867968750017 0.028124980555555526
bus 0.43523956484375 0.4621871736111111 0.026367170312500042 0.049218718055555555
truck 0.2559428140625 0.4504684333333333 0.04086911171874998 0.035156224999999985
truck 0.2862650578125 0.4645309236111111 0.04086911250000003 0.08906244027777777
car 0.49852077109375 0.48328090972222226 0.03955075468749998 0.06796870416666663
car 0.5235695812500001 0.4809371625 0.044824189062499985 0.07968744444444442
car 0.5459816765625 0.47156216944444446 0.08437494140625006 0.10312492638888884
car 0.602671090625 0.48796840694444443 0.10151360234375 0.1078124277777778
person 0.69627454140625 0.45984342638888887 0.018457018750000033 0.05624996111111113
person 0.89270995390625 0.44343718749999994 0.035595678125000065 0.14296865416666668
car 0.6857276742187499 0.4457809361111111 0.22412093984375012 0.21562485277777782
car 0.44974150859375 0.4809371625 0.027685528125000046 0.03984372222222221
car 0.0713726265625 0.45984342638888887 0.17534167734375 0.182812375
car 0.06609919296875 0.49265590277777777 0.022412093750000008 0.08671869166666665
truck 0.32054237812499997 0.41765595555555557 0.10942375312499997 0.17578112916666666
bus 0.012046496875 0.4504684333333333 0.0514159796875 0.09609368333333335
car 0.9203954812499999 0.48562465972222224 0.07910150937500013 0.09374993472222215
car 0.9190771234374999 0.46687467222222223 0.08041986718750013 0.07265619999999996
car 0 0.4340621944444445 0.03709530859375 0.16406238749999996
car 0.8966650296875001 0.5278121305555555 0.1028319609375 0.22734359305555557
drivable area 0 0 0 0
drivable area 0 0 0 0
drivable area 0 0 0 0
lane 0 0 0 0
lane 0 0 0 0
lane 0 0 0 0
lane 0 0 0 0
lane 0 0 0 0
lane 0 0 0 0
lane 0 0 0 0
lane 0 0 0 0
lane 0 0 0 0
lane 0 0 0 0