traffic light 0.33305107968750003 0.3314825027777778 0.0071978609374999895 0.03199050277777774
traffic light 0.49020441171874996 0.3528095041666667 0.005998218750000017 0.023459697222222194
traffic light 0.34024894140625 0.3336152041666667 0.005998218750000017 0.02985779999999999
traffic light 0.32705286015625 0.3314825027777778 0.005998220312500013 0.04052129999999998
traffic light 0.49500298593750003 0.35707490416666665 0.00479857499999996 0.019194298611111073
traffic light 0.48540583593750003 0.35494220416666666 0.005998218750000017 0.023459699999999965
traffic light 0.2032196515625 0.4052130013888889 0.014395725781250012 0.023459700000000003
traffic light 0.29199328984375 0.42014190138888885 0.010796793749999978 0.017061600000000017
traffic sign 0.28119649609374997 0.3412320013888889 0.03239038046875002 0.012796197222222243
traffic sign 0.509128809375 0.3689571013888889 0.02399287499999998 0.012796197222222203
traffic sign 0.587105653125 0.38175329999999996 0.013196081250000002 0.012796200000000053
traffic sign 0.5482371953125 0.41729829999999996 0.00839750703125004 0.01919430000000004
car 0.3370998953125 0.44999970138888884 0.023992875000000025 0.02985780000000007
car 0.34549740078125 0.45426510000000003 0.04918539453125002 0.04265400138888885
car 0.3922835078125 0.4464452083333333 0.03958824375000001 0.057582898611111155
car 0.53144218203125 0.4635068069444444 0.01919430000000002 0.031990502777777784
car 0.5422389765625 0.46563950694444445 0.04438681875000006 0.05545020000000002
car 0.45256560625000003 0.43293810138888894 0.08277541874999991 0.13222740277777778
car 0.65050682578125 0.47345940138888887 0.19674157500000006 0.18127950138888893
car 0.2102375671875 0.44999970138888884 0.05398396875000002 0.06398100138888892
car 0.17544789921874998 0.45853050138888884 0.05518361249999999 0.0618483
car 0.10946749140625 0.4606632013888889 0.07077898203124999 0.07037910138888889
car 0.09027319218749999 0.44360160277777777 0.052784325781249995 0.025592400000000026
car 0.03149064921875 0.45853050138888884 0.09957043203125 0.08957340000000005
car 0 0.43720350138888886 0.0350895796875 0.12369659722222223
drivable area 0 0 0 0
drivable area 0 0 0 0
lane 0 0 0 0
lane 0 0 0 0
lane 0 0 0 0
lane 0 0 0 0
lane 0 0 0 0
lane 0 0 0 0
lane 0 0 0 0
lane 0 0 0 0