1 0.57304232265625 0.5431276041666666 0.013196081250000002 0.021327001388888867
1 0.53465372421875 0.5502366013888889 0.019194299218750023 0.021327001388888947
1 0.5226572875 0.5523693013888888 0.01079679296875007 0.012796199999999973
1 0.54784980390625 0.5566347013888889 0.02519251875000004 0.03412319999999996
1 0.51785871171875 0.5609001013888889 0.014395725781249969 0.02559240138888891
1 0.47227224765625 0.5459712013888889 0.013196081250000002 0.023459700000000003
1 0.45307794765625 0.5587674013888889 0.01919430000000002 0.02132700000000006
1 0.43868222265625 0.5523693013888888 0.015595368750000027 0.027725100000000048
1 0.327115353125 0.5587674013888889 0.06118183203125001 0.0533175
1 0.159165228125 0.5502366013888889 0.09837078749999999 0.08530800000000001
1 0.4746715359375 0.5523693013888888 0.047985751562499956 0.08317529999999998
1 0.58503876015625 0.47345940138888887 0.15835297578125002 0.2239335013888889
1 0.8057732109375 0.554502 0.1919429992187501 0.1471563013888889
