1 0.17861862265625 0.38979281388888887 0.1254154015625 0.11827793611111113
1 0.44303245859375 0.3942597944444444 0.031353849999999996 0.04214501388888887
1 0.48432777421875006 0.39833834444444444 0.022941840624999977 0.025830813888888887
1 0.5416823765625 0.3942597944444444 0.013000376562500016 0.019033231944444475
1 0.6219788453125 0.3874622125 0.00917673671874999 0.012235649999999983
1 0.5600358734374999 0.4037764125 0.025236024999999974 0.032628395833333296
1 0.6006938828124999 0.378285475 0.02026529453125008 0.03319486944444445
1 0.64695993125 0.3788519486111111 0.010706192968750017 0.012235648611111177
1 0.64084210703125 0.3842900125 0.00917673671874999 0.012235649999999983
1 0.6339595539062499 0.37613291527777776 0.009176737500000077 0.012235649999999983
1 0.63090064140625 0.38700904722222224 0.011470921093749985 0.016314199999999977
1 0.57966386171875 0.3965256625 0.022177112500000006 0.03126888055555557
1 0.57201658203125 0.39380663055555554 0.010706192968749927 0.01631419861111109
0 0.26459590546875 0.3534743 0.022941841406250017 0.04486404444444444
0 0.61101771328125 0.3260897569444445 0.013000376562500016 0.021752266666666662
0 0.5811933179687501 0.38047041944444443 0.006882552343749992 0.009516613888888909
