1 0.23214192109375 0.4979818625 0.03510210468750001 0.027041622222222214
1 0.23448206171875002 0.5021421097222223 0.05850350781249998 0.08112486527777776
1 0.14321658828125 0.5000619875 0.09945596406249999 0.12480748194444449
1 0 0.4380148333333333 0.10486752109375 0.36194170416666666
1 0.26867734453125 0.45643878888888884 0.2012520671875 0.3577814555555555
0 0.19306157734375 0.45138706944444446 0.011700701562499981 0.02080124722222223
0 0.08190491171875 0.20315885 0.015210912500000007 0.024961497222222205
0 0.1146668765625 0.4132514486111111 0.012870771874999987 0.033281995833333314
0 0.07956477109375 0.2246534722222222 0.019891192968750006 0.07280436527777781
0 0.1872112265625 0.43335932638888885 0.01053063125 0.033281995833333314
0 0.18604115625 0.41810507361111116 0.009360561718750016 0.012480745833333313
0 0.4294157515625 0.42850569722222226 0.012870770312500035 0.05408324305555554
2 0.46147567343749996 0.5574734305555555 0.07605456015624998 0.07696461527777775
2 0.475516515625 0.5761945527777778 0.06552392968750001 0.08528511527777777
2 0.47668658593749996 0.5782746777777779 0.06552392968750001 0.08736523888888886
2 0.48019679609375 0.5782746777777779 0.06318378906250004 0.08736523888888886
2 0.48821177734375 0.5824349277777777 0.05048852734375 0.09256555000000001
2 0.49540770859374994 0.5824349277777777 0.043292596093750024 0.10816648611111117
2 0.5129587609375 0.5865951763888889 0.0269116140625 0.11856711111111108
2 0.59702830234375 0.6417184819444445 0.17434045624999994 0.18721122916666666
2 0.71052510859375 0.6458787319444445 0.18253094609375003 0.2579354680555555
1 0.7859093109375 0.5793147402777777 0.07438477890625003 0.13416804583333344
3 0.6321304078125001 0.5522731180555556 0.012870771874999942 0.04992299444444449
0 0.44608925078125 0.4274656347222222 0.015210912499999996 0.06032361666666664
0 0.00079222890625 0.36194170555555555 0.012870771875000001 0.07280436527777781
