traffic sign 0.37997465625000004 0.42857162083333333 0.022385214062499957 0.0153061305555555
traffic sign 0.37997465625000004 0.4469389763888889 0.03788266953125001 0.050510226388888906
traffic sign 0.42646702421875 0.4469389763888889 0.01205357734375001 0.027034261111111135
traffic sign 0.43963833828125 0.4484695875 0.014379716406249975 0.02723664166666669
traffic sign 0.46434969375 0.4566433194444444 0.037021700000000025 0.04692833472222225
traffic sign 0.5005104242187499 0.4530614263888889 0.04735333671875006 0.05663267916666667
traffic sign 0.8347101960937501 0.41938794305555555 0.04563139921874999 0.08877554861111116
car 0.42144470546874996 0.4836736861111111 0.10503831250000006 0.1867347777777778
car 0.36892554921875 0.5326533027777778 0.05251915624999999 0.06418906388888886
car 0.10379467734375 0.5057931666666667 0.13775516406250002 0.14540822638888887
car 0 0.49507887500000003 0.09862885859375001 0.19438784166666667
car 0.204354728125 0.5188777819444444 0.09987249375 0.08112248611111118
car 0.30511485546875 0.5588898319444445 0.03314346718750003 0.031193851388888857
car 0.62407199453125 0.5483185986111111 0.06433731796875 0.06793326944444442
drivable area 0 0 0 0
drivable area 0 0 0 0
drivable area 0 0 0 0
lane 0 0 0 0
lane 0 0 0 0
lane 0 0 0 0
lane 0 0 0 0