traffic sign 0.7133649617187501 0.3244994597222222 0.07137427968749996 0.20385222499999997
car 0.52331388203125 0.4919495 0.014040842968749967 0.02080124722222223
car 0.51161318046875 0.4919495 0.015210912499999996 0.024961498611111133
car 0.46130016328125 0.49402962638888887 0.022231332812499983 0.03120187222222223
car 0.44842939140625004 0.4961097513888889 0.017551052343749964 0.022881369444444428
car 0.4285381984375 0.5023501236111111 0.016380982031249935 0.024961498611111133
car 0.3946061640625 0.5023501236111111 0.026911613281250045 0.03536212222222224
drivable area 0 0 0 0
drivable area 0 0 0 0
lane 0 0 0 0
lane 0 0 0 0
lane 0 0 0 0
lane 0 0 0 0
lane 0 0 0 0
lane 0 0 0 0
lane 0 0 0 0
lane 0 0 0 0