traffic sign 0.3393940609375 0.34163258055555557 0.019630097656250012 0.03489795138888891
traffic sign 0.36005732109375 0.3361223777777778 0.014464282031249987 0.03857141944444445
traffic sign 0.33526140859375003 0.271836675 0.04545917421874997 0.06979590555555555
traffic sign 0.9572255625 0.14693874583333333 0.04132652031250004 0.20938771111111112
drivable area 0 0 0 0
drivable area 0 0 0 0
lane 0 0 0 0
lane 0 0 0 0
lane 0 0 0 0
lane 0 0 0 0
lane 0 0 0 0
lane 0 0 0 0
lane 0 0 0 0
lane 0 0 0 0