traffic light 0.24279347578125 0.24528072361111114 0.01033163749999999 0.035204095833333324
traffic light 0.20318886484375 0.38609711249999995 0.013775516406249988 0.0244898069444445
traffic light 0.23332280781249998 0.2483419486111111 0.010331639062500031 0.02908164583333333
traffic light 0.37710476015625 0.2896684972222222 0.006887759374999991 0.022959195833333328
traffic light 0.3848534890625 0.2866072722222222 0.007748728125000026 0.027551030555555536
traffic sign 0.24882026484375 0.41823998194444445 0.012053576562500012 0.021428583333333348
person 0.19199626015625 0.42283182222222226 0.012914546875000021 0.0413265486111111
car 0.0241071546875 0.41326549027777776 0.06887758046875 0.06887758333333333
car 0 0.4102042680555556 0.040465579687499996 0.06734696944444439
car 0 0.4362246861111111 0.02669006328125 0.11938780972222224
car 0.40680821953125 0.39336752222222227 0.056824001562500025 0.08571432222222215
car 0.45071767734375 0.4209185555555555 0.032716851562499996 0.0658163555555556
car 0.46449319296875 0.41938794305555555 0.05510206640625004 0.08418371111111114
car 0.49591858984375004 0.41479610277777773 0.09298473515624997 0.10867351944444445
car 0.37000176015625 0.4423471375 0.02496812265624997 0.02448980555555554
car 0.24989647656249997 0.3979593611111111 0.06285079296875003 0.08877555000000004
car 0.5754722179687499 0.3569389305555556 0.22040826328125007 0.2556123597222222
traffic light 0.33216215390625 0.44540836388888894 0.005165818750000018 0.01224490277777777
traffic light 0.328718275 0.44387774999999996 0.005165818750000018 0.012244904166666733
drivable area 0 0 0 0
lane 0 0 0 0
lane 0 0 0 0
lane 0 0 0 0
lane 0 0 0 0
lane 0 0 0 0
lane 0 0 0 0
lane 0 0 0 0
lane 0 0 0 0
lane 0 0 0 0