0 0.6022263515625 0 0.08753903203124995 0.02812499027777778
0 0.7140231874999999 0.037499987500000005 0.08753903203125013 0.033749987499999995
0 0.69609350625 0.07312497500000001 0.11285152343750005 0.08437496805555554
0 0.5326170007812501 0.026249990277777777 0.1655858796875 0.16312494305555555
0 0.669726328125 0.29624989583333333 0.013710932812500066 0.01874999444444446
0 0.6022263515625 0.356249875 0.00949218437499999 0.016874994444444427
1 0.40921860703124996 0.3674998708333333 0.03058592656250001 0.03374998888888893
1 0.37019518281249997 0.3674998708333333 0.025312491406250005 0.026249991666666736
1 0.21304680078125 0.35999987222222224 0.05273435703125 0.04687498333333338
1 0.3269530109375 0.3637498722222222 0.029531238281249993 0.029999990277777833
1 0.31007801640625 0.3674998708333333 0.01687499453125003 0.020624993055555603
1 0.28371083828125 0.3674998708333333 0.02847655312499997 0.0318749888888889
1 0.54316387265625 0.34124988055555555 0.05695310390624995 0.09562496666666666
1 0.5041404484374999 0.3693748708333333 0.021093742968750016 0.02624999027777777
1 0.5990622906249999 0.37687486805555553 0.013710931250000068 0.02249999166666667
1 0.9492184179687501 0.44624984444444443 0.04957029609374999 0.12749995277777776
