traffic sign 0.2741604546875 0.30602507916666666 0.010517663281249989 0.03178671805555556
traffic sign 0.5767186023437499 0.19321338611111114 0.10938370859375005 0.0729224736111111
traffic sign 0.69136114453125 0.2848339277777778 0.023138860937500016 0.037396137499999996
traffic sign 0.69346467734375 0.34342121666666664 0.015776495312500048 0.033656525
traffic sign 0.69661997578125 0.32472314722222223 0.013672964062500004 0.013088649999999981
traffic sign 0.7113447046875 0.34342121666666664 0.03365652578125004 0.06918285972222221
traffic sign 0.5500738421875 0.3814406236111111 0.023138862500000013 0.007479229166666654
traffic sign 0.3547958859375 0.3290860305555556 0.04522595625000001 0.01308864722222221
traffic sign 0.429471303125 0.38518023749999997 0.015776496875000046 0.011218841666666653
traffic sign 0.41685010624999996 0.3777010111111111 0.010517662500000035 0.013088648611111135
traffic sign 0.24821687734375 0.3945292736111111 0.010517663281249989 0.020567876388888903
traffic sign 0.27556280390625 0.36959852361111106 0.0178800296875 0.011218840277777847
traffic light 0.28292516953125 0.3571331347222222 0.01367296328124996 0.0224376819444445
traffic light 0.41685010624999996 0.3234766069444444 0.01682826249999998 0.03552633333333337
traffic light 0.4484030984375 0.3777010111111111 0.010517663281250034 0.028047102777777787
traffic light 0.56830447265625 0.33282564444444446 0.012621196875000074 0.0317867194444444
traffic light 0.536751478125 0.3795708180555556 0.01051766484375003 0.014958455555555538
car 0.440953075 0.4267834444444445 0.023138860937500016 0.029916911111111076
car 0.3744288484375 0.4230438305555556 0.02313886171874997 0.044875368055555497
car 0.39546417734375 0.4267834444444445 0.044174189062500036 0.05609420972222223
car 0.44174189999999997 0.41182498888888885 0.13883316796875 0.1869806986111111
car 0.556384440625 0.4193042166666667 0.01262119843749998 0.03926594305555556
car 0.6971108078125 0.45436309722222223 0.028397694531250028 0.050484787499999975
truck 0.5919341664062501 0.3814406236111111 0.10938370781249995 0.15145436527777778
car 0.890846165625 0.4394046416666667 0.10833194375000002 0.18137127777777776
car 0.69101054375 0.4207065708333333 0.22612978281250004 0.21689761111111114
car 0.21350858515625 0.4132273444444444 0.17985206015624997 0.1888505055555556
car 0 0.4038783083333333 0.20404268828125 0.21876741805555555
drivable area 0 0 0 0
lane 0 0 0 0
lane 0 0 0 0
lane 0 0 0 0
lane 0 0 0 0
lane 0 0 0 0
lane 0 0 0 0
lane 0 0 0 0