traffic light 0.47041281953125 0.3286184222222222 0.009991775781249945 0.015986844444444436
traffic sign 0.35650656875000003 0.11368421111111111 0.030974506249999978 0.05861842083333334
traffic sign 0.31354193046875 0.24157894722222223 0.03597039453124999 0.05684210694444442
traffic sign 0.36449998984375 0.25934210555555554 0.022981085156250015 0.04085526249999998
traffic sign 0.40846380546875 0.3055263180555556 0.011990131250000058 0.02486842083333332
traffic sign 0.40846380546875 0.33572368750000003 0.010990953125000046 0.012434209722222218
car 0.08817742578125 0.37569079166666663 0.0539555921875 0.033750000000000016
truck 0.75862562109375 0.3419407916666667 0.09292352031250006 0.06749999999999999
car 0.6607062125 0.3650328972222222 0.05595394765625006 0.042631579166666635
truck 0.56121517578125 0.3446052666666667 0.06294819140625005 0.05151315833333333
car 0.26945530546874996 0.3819078972222222 0.03197368515625003 0.030197369444444493
car 0.10059428515624999 0.3748026333333333 0.14488075625000002 0.15809210555555558
car 0.43144489140625 0.3641447388888889 0.014987664843750003 0.030197369444444414
car 0.4674152859375 0.3659210541666667 0.016986020312500027 0.02309210555555552
car 0.4993889703125 0.3694736875 0.014987664062500006 0.012434209722222218
car 0.34551561484375004 0.3694736875 0.020982730468749988 0.037302630555555535
car 0.3784884765625 0.36325658055555554 0.022431549999999988 0.0319736861111111
traffic sign 0.0848082828125 0.24955080833333332 0.017546540624999996 0.034659834722222234
traffic sign 0.08773270625 0.28940961805555554 0.011697693749999993 0.012130941666666692
drivable area 0 0 0 0
drivable area 0 0 0 0
drivable area 0 0 0 0
lane 0 0 0 0
lane 0 0 0 0
lane 0 0 0 0
lane 0 0 0 0