0 0.330714284375 0.17985769166666665 0.00959715000000001 0.04265399861111112
0 0.49386583515625004 0.2225116888888889 0.007197863281249983 0.02985779999999999
0 0.34271072109375 0.18412309166666666 0.007197863281250027 0.04478670138888891
0 0.181958459375 0.3035542902777778 0.017994656250000008 0.029857801388888876
0 0.6138302109375 0.2950234888888889 0.019194299218750023 0.0298578027777778
0 0.28152889140625004 0.26729839027777774 0.020393944531249986 0.010663498611111145
0 0.294724971875 0.2779618888888889 0.02279323124999997 0.012796201388888859
0 0.5994344851562501 0.25663488888888886 0.026392163281250002 0.012796200000000013
0 0.6102312789062501 0.2182462888888889 0.020393944531249986 0.01706159861111113
0 0.6054327046875 0.1990519888888889 0.008397506250000042 0.017061600000000017
0 0.55384802265625 0.28222728888888887 0.020393943749999987 0.010663498611111145
1 0.44348079843750005 0.3440755902777778 0.011996437499999946 0.01919430000000004
1 0.43028471640625005 0.3462082902777778 0.015595368749999939 0.025592400000000026
1 0.40989077265624996 0.35687178888888893 0.02519251875000004 0.036255901388888866
1 0.45787652265625 0.34834098888888887 0.020393944531249986 0.01492890138888892
1 0.47947011093749997 0.34834098888888887 0.009597149218750012 0.012796201388888899
1 0.48666797265625006 0.3419428902777778 0.014395724218749972 0.02132700138888891
1 0.49986405390625005 0.3419428902777778 0.034789669531249956 0.05971560000000002
1 0.34750929765625 0.3270139902777778 0.061181831250000006 0.11090040138888888
1 0.43628293515624994 0.3547390902777778 0.08637435 0.13436009999999995
1 0.16756273515625 0.3696679902777778 0.06957933671875001 0.12582930000000003
1 0.21194955234375001 0.3355447902777778 0.13076116874999996 0.16848329999999995
1 0.04999764609375 0.3632698902777778 0.09477185781250001 0.0831752986111111
1 0 0.3739333902777778 0.059594795312500004 0.07464450000000006
3 0.6450209484375 0.3440755902777778 0.02399287421874998 0.07677720138888888
1 0.8153703609375 0.2779618888888889 0.18462963906249996 0.1471563013888889
0 0.1999519671875 0.2667814416666667 0.011063741406249994 0.02503311111111112
