traffic sign 0.5327980906249999 0.09421867777777777 0.039550755468750066 0.028124980555555564
traffic sign 0.420737621875 0.12468740694444445 0.16347644999999994 0.18749987083333333
traffic sign 0.461606734375 0.4739059166666667 0.03295896171874997 0.02812497916666664
traffic sign 0.54334495859375 0.4809371638888889 0.009228509375000016 0.02109373472222218
traffic sign 0.29549356796875 0.49265590416666666 0.013183584375000024 0.023437483333333377
car 0.46688016796875004 0.5020308958333334 0.019775376562499947 0.02343748472222226
car 0.41941926328125 0.5090621430555555 0.015820301562499937 0.016406238888888917
car 0.39305209375 0.49968715138888886 0.02373045312500004 0.04218747083333333
car 0.32054237812499997 0.4973434013888889 0.09096673359375003 0.09843743194444446
car 0.43523956484375 0.49265590416666666 0.035595678125000065 0.05156246527777779
car 0.48138211249999996 0.4739059166666667 0.07250971562500004 0.12187491527777776
car 0.108286665625 0.48562465972222224 0.22807601484375004 0.21328110277777776
traffic sign 0.0186382890625 0.2278123347222222 0.15292958203125 0.08671869027777777
traffic sign 0.0001812703125 0.23484358194444444 0.018457018749999998 0.0914061875
drivable area 0 0 0 0
drivable area 0 0 0 0
drivable area 0 0 0 0
lane 0 0 0 0
lane 0 0 0 0
lane 0 0 0 0
lane 0 0 0 0
lane 0 0 0 0
lane 0 0 0 0
lane 0 0 0 0