0 0.40177477578125 0.41603205277777777 0.008414132812499985 0.01869806666666673
0 0.46160445703124997 0.4071261 0.009566932031250008 0.017007877777777795
0 0.5118308515625001 0.4262599625 0.011958664843750012 0.021259848611111132
0 0.53813991328125 0.4071261 0.02032972968750002 0.031889770833333365
0 0.23678156328125 0.41988200555555555 0.014350397656250014 0.014881894444444457
0 0.13274117890624998 0.3964961722222222 0.026309061718750006 0.061653561111111164
1 0.40420286718750004 0.47090564305555555 0.015546263281250017 0.014881894444444457
1 0.37430620703125 0.47090564305555555 0.02511319687500002 0.023385829166666698
1 0.35636820937499997 0.4687796569444444 0.019133864843750015 0.034015756944444475
1 0.33843021171875 0.48153556527777774 0.020329729687499975 0.027637802777777803
1 0.0861023859375 0.5134253388888889 0.09327758515624998 0.07653545555555555
1 0.48851145546875 0.46452768611111106 0.009566932031250008 0.017007877777777795
1 0.53754198046875 0.44539382361111113 0.05022639140625005 0.03614173888888885
1 0.7001798195312501 0.44326784027777777 0.07175198906249998 0.04251969444444441
1 0.6332112960937499 0.4560237458333334 0.10523625234375 0.0552756083333333
1 0.47176932421875 0.4624017055555556 0.013154531250000013 0.014881890277777723
1 0.00119586796875 0.5368111708333334 0.08490651875 0.1041732625
