car 0.54486873515625 0.4807590361111111 0.024088934375000016 0.01427492499999998
car 0.5276623554687501 0.4705626597222222 0.012618012499999942 0.02447129861111108
car 0.2158171828125 0.4399007 0.05850169609375002 0.07545316944444444
traffic light 0.33150961093750003 0.3364803416666667 0.013765105468749983 0.038746222222222175
traffic light 0.6622544859375 0.2827794416666667 0.014912196875000028 0.03262839722222222
traffic light 0.774669509375 0.4092144791666667 0.011470919531250078 0.02854984722222219
traffic sign 0.67487249765625 0.3154078388888889 0.040148224218749994 0.024471297222222195
traffic sign 0.76778695703125 0.32628396944444443 0.017206381250000024 0.0367069486111111
traffic sign 0.33533324531250003 0.2569486236111111 0.021794749218749975 0.05302114444444447
car 0.15428388515625 0.40785495972222224 0.42671825234374994 0.4445619083333333
car 0.6463863859375001 0.43436553333333333 0.3521572664062499 0.44252262777777773
traffic light 0.00136029453125 0.20069297222222224 0.02511319609375 0.02976378749999999
traffic sign 0.00016442812499999998 0.10417325694444445 0.049030525000000005 0.019133863888888887
traffic sign 0.00494789375 0.08929136388888889 0.029896661718750002 0.010629923611111102
drivable area 0 0 0 0
lane 0 0 0 0
lane 0 0 0 0
lane 0 0 0 0
lane 0 0 0 0
lane 0 0 0 0
lane 0 0 0 0
lane 0 0 0 0
lane 0 0 0 0
lane 0 0 0 0
lane 0 0 0 0
lane 0 0 0 0
lane 0 0 0 0
lane 0 0 0 0
lane 0 0 0 0