1 0.40586985546875 0.48670692083333333 0.026000753906250028 0.036706945833333296
1 0.37757491796875 0.4935045013888889 0.028294937500000027 0.02583081666666666
1 0.49978028906249994 0.49078546944444446 0.029210783593750022 0.028549845833333306
1 0.4509888109375 0.4703927208333333 0.043589497656250045 0.06933534305555555
1 0.254453703125 0.4853474013888889 0.052001507812500014 0.05981873194444442
1 0.210864203125 0.49078546944444446 0.048942595312500004 0.05709969444444446
1 0.1366855828125 0.4921449833333333 0.08488481406250001 0.07613292916666671
1 0 0.5057401527777777 0.10992010078125 0.11012083750000004
1 0.5583566249999999 0.49078546944444446 0.017588746875000005 0.033987913888888874
1 0.5753535734375 0.4758501 0.06806079609374996 0.10332325694444443
1 0.626590353125 0.4364241194444445 0.19118201171874993 0.20664651388888886
1 0.8438349171875 0.3667767902777778 0.15523979453124995 0.43776432361111106
0 0.55762744296875 0.42532265694444443 0.012621196874999985 0.029916911111111152
