1 0.60295846328125 0.3386210236111111 0.008829934375000015 0.01794018611111107
1 0.61178839765625 0.33413597777777776 0.04162683984374995 0.05606308194444449
1 0.6218797539062499 0.34759111666666664 0.021444128906250005 0.05382056111111114
1 0.64963097890625 0.3386210236111111 0.05045677500000005 0.08970093472222224
1 0.6786436265625 0.3363785 0.09082219531249995 0.10539859722222225
1 0.418791234375 0.32516588472222224 0.05802529140625001 0.09418598055555552
1 0.38977858828125 0.33413597777777776 0.02901264453125001 0.026910277777777797
1 0.33427613671875 0.3498336388888889 0.04919535390625 0.06503317500000003
1 0.35067458671875 0.34759111666666664 0.07568516250000004 0.09642850277777776
1 0.17626759453125002 0.2937705597222222 0.14758606796875 0.15921915555555557
1 0.1535620453125 0.3543186888888889 0.04036542187500001 0.05606308749999999
1 0 0.3139532666666667 0.1295950765625 0.11885373472222219
1 0.77418037890625 0.31843831111111115 0.20056568125 0.18837196111111107
0 0.11983484140625 0.20855466944444442 0.03658116093749999 0.03812289861111111
0 0.13875613046875 0.2511626138888889 0.03027406640625001 0.017940186111111107
0 0.70841313046875 0.22425233055555557 0.022705550781249962 0.05382056249999998
0 0.8295093906250001 0.13006635277777778 0.03531974374999987 0.020182709722222233
0 0.814372359375 0.12558130833333334 0.008829933593749928 0.017940186111111107
0 0.8206794546875 0.21079719305555555 0.0189212906249999 0.03812289722222222
0 0.1281241671875 0.2684620847222222 0.018921291406250006 0.035880372222222214
0 0.53862607421875 0.2749333638888889 0.008829934375000015 0.020182708333333348
0 0.445281040625 0.2704483125 0.010091354687499976 0.0201827125
1 0.57226393046875 0.34445158472222226 0.0395244671875 0.053820558333333324
1 0.48144173515625 0.33712601388888885 0.015137033593750005 0.02691028194444445
1 0.50919296171875 0.3348834916666667 0.015137033593750005 0.017940186111111107
1 0.53315993046875 0.32815592083333334 0.021444128125000007 0.020182709722222192
1 0.54198986484375 0.3438535847222222 0.01765987187500002 0.024667756944444483
0 0.6707439890625 0.004485045833333333 0.018921290624999986 0.029152804166666667
