traffic sign 0.46441775312500005 0.47427631805555553 0.009991776562499943 0.010657894444444416
car 0.28356660078124996 0.48315789722222224 0.07493832343750002 0.07993421111111106
car 0.46042104296874997 0.49381579166666667 0.014987664062500006 0.01776315833333331
car 0.48140377265625 0.49559210833333334 0.017985197656250042 0.02309210555555552
car 0.5053840359375 0.48848684583333335 0.016986020312500027 0.028421051388888844
car 0.54635031953125 0.49559210833333334 0.048959704687500064 0.056842105555555536
car 0.6082993328125 0.5257894763888888 0.3047491796875 0.3055263180555556
drivable area 0 0 0 0
drivable area 0 0 0 0
drivable area 0 0 0 0
lane 0 0 0 0
lane 0 0 0 0
lane 0 0 0 0
lane 0 0 0 0
lane 0 0 0 0
lane 0 0 0 0
lane 0 0 0 0
lane 0 0 0 0
lane 0 0 0 0