traffic sign 0.2195821 0.4935045 0.09559100625000001 0.0802114791666667
traffic sign 0.032988453125 0.5927492083333333 0.018353473437499997 0.04078550000000002
traffic light 0.43172374609375 0.04414180277777778 0.029059666406249997 0.1359516527777778
person 0.01704251171875 0.6047906472222222 0.009941462500000001 0.03262839305555553
car 0.00021849453125 0.6347000111111112 0.0405305875 0.06525679166666667
car 0.07596298359375 0.6308156736111111 0.05047204999999999 0.05302114444444447
car 0.118787753125 0.6348942208333332 0.053530963281249996 0.05030211388888893
car 0.17231871640625002 0.6321751888888889 0.04129531406249998 0.03534742638888891
car 0.22890859218749998 0.6308156736111111 0.037471676562500014 0.02583081527777785
car 0.26332135390625 0.6226585722222222 0.03364803515624999 0.029909365277777766
car 0.39510950859375 0.614048326388889 0.013000378125000055 0.019033234722222167
car 0.38516804453125003 0.6194863944444445 0.018353473437500024 0.023111786111111046
car 0.4425226484375 0.6167673638888889 0.009176735937499991 0.019033229166666703
car 0.41346298203125 0.6126888125 0.025236024218749976 0.033987913888888874
car 0.44787574374999994 0.614048326388889 0.018353473437500066 0.03126888055555557
car 0.5034095562500001 0.5880880291666667 0.04664841093750001 0.07341389166666666
car 0.46134951328125 0.5989641597222222 0.041295314062499956 0.06933534305555555
car 0.403994909375 0.6193569055555556 0.029824392968750058 0.04214500972222221
car 0.5684114390625 0.5785714111111111 0.08794372734374996 0.12235648750000003
traffic light 0.83492221953125 0.002647061111111111 0.04318017656249999 0.09794124305555556
drivable area 0 0 0 0
drivable area 0 0 0 0
drivable area 0 0 0 0
lane 0 0 0 0
lane 0 0 0 0
lane 0 0 0 0
lane 0 0 0 0
lane 0 0 0 0
lane 0 0 0 0
lane 0 0 0 0
lane 0 0 0 0
lane 0 0 0 0
lane 0 0 0 0
lane 0 0 0 0
lane 0 0 0 0
lane 0 0 0 0