1 0.62599485703125 0.003551683333333333 0.37199583984375006 0.7508286958333332
1 0.4232151703125 0.177584825 0.27550067890624996 0.4151933513888889
1 0.3952455578125 0.2745461458333333 0.06992402968749997 0.20883977083333335
1 0.35468962109375 0.2919494611111111 0.06992403125000002 0.13425413888888893
1 0.35049417890625 0.3416732152777778 0.016781767968749993 0.05718231944444448
1 0.339306334375 0.3043803986111111 0.029368092968750002 0.09198894722222219
1 0.206450678125 0.17012626250000001 0.13705109921875 0.2983425277777778
1 0.06660261796875 0.24222570555555556 0.12726173515625 0.21381214444444446
1 0.00055939375 0.36994473333333333 0.0559392234375 0.10939225972222223
1 0.02153660234375 0.36994473333333333 0.06013466562500001 0.08453038472222221
1 0.18795579296875 0.3674585444444445 0.02517265000000002 0.03232044444444442
