car 0.06439985703125 0.5694823486111111 0.18457028984374999 0.19687497777777782
car 0.42035684375000004 0.6022948472222223 0.07734373671874994 0.10937498611111114
traffic sign 0.6119583828125 0.5054198569444444 0.014062495312500011 0.03749999583333334
car 0.39311075390625 0.6147948430555555 0.02373046640625005 0.04687499583333334
car 0.36762247578124996 0.6272948430555556 0.024609371875000008 0.03593749583333335
car 0.3359818546875 0.6132323472222222 0.03691405781249997 0.04062499444444446
car 0.24369671015625 0.6163573444444445 0.03867187109375001 0.04843749444444446
car 0.598774790625 0.6194823444444444 0.06943358437500002 0.08281249166666668
car 0.51822501875 0.6075892152777778 0.04926453046874997 0.056249988888888915
car 0.499767990625 0.6263392138888888 0.017578122656250007 0.021875001388888884
car 0.48218986953125 0.6138392166666667 0.01582031171875 0.031249993055555494
traffic light 0.50416252109375 0.5200892277777778 0.014062497656250006 0.02499999722222223
traffic light 0.41363518828125 0.535714225 0.0123046875 0.028125001388888887
drivable area 0 0 0 0
drivable area 0 0 0 0
drivable area 0 0 0 0
lane 0 0 0 0
lane 0 0 0 0
lane 0 0 0 0