0 0.305010471875 0.35362120555555554 0.010530632031249976 0.04160249583333331
0 0.0323841234375 0.35362120555555554 0.0070204210937500015 0.033281995833333355
0 0.29681998125 0.3557013305555556 0.009360560156249998 0.03744224583333333
0 0.02302356171875 0.3577814555555555 0.008190491406250004 0.031201870833333346
0 0 0.3785827027777778 0.013663 0.01872112222222226
0 0.34830306796875 0.36194170555555555 0.04680280703125002 0.02080124722222223
0 0.42669776875 0.2766565902777778 0.019891192968750016 0.03536212083333332
0 0.42903791015625004 0.3140988361111111 0.017551052343749964 0.031201870833333346
0 0.42552769921875006 0.34322058194444444 0.023401403906249917 0.022881373611111124
0 0.4325481203125 0.3869032013888889 0.015210912499999996 0.0228813722222222
0 0.44424882187500003 0.39938395 0.011700703125 0.018721123611111147
0 0.36351398046875 0.4264255722222222 0.017551053906250003 0.01456087083333336
0 0.31086082265625004 0.39730382500000005 0.012870772656249984 0.04784286944444444
0 0.36468405078125 0.4389063208333333 0.009360560156249998 0.027041620833333408
0 0.32022138437500003 0.4701081916666666 0.00819049140625001 0.02080124722222223
1 0.280439 0.4992299375 0.012870771874999987 0.03328199444444443
1 0.2909696296875 0.4992299375 0.014040840625000018 0.03744224583333333
1 0.294479840625 0.5013100625 0.02925175390625001 0.04160249583333334
1 0.17396261484375 0.4909094388888889 0.022231332812500004 0.05408324305555554
1 0.1283298765625 0.48674919027777774 0.05733343828125002 0.07904473888888891
1 0.016003140625000002 0.47426844027777776 0.11817708749999997 0.13728823333333334
1 0 0.4950696888888889 0.01834328046875 0.03536211805555559
1 0 0.5325119333333334 0.02887391171875 0.04160249583333334
1 0 0.5699541777777778 0.041744684375 0.18721122777777777
1 0.18917352578125 0.46178769305555556 0.08892533281250001 0.13728823194444445
1 0.322561525 0.4909094388888889 0.09126547265625003 0.12064723472222225
1 0.37404461171875003 0.44098644305555557 0.08190491171875003 0.14144848472222218
1 0.4477590328125 0.45138706944444446 0.15444926093749994 0.17681060277777777
1 0.6103987859375 0.3765025777777778 0.38729322499999996 0.5720343027777778
2 0.21725520937499998 0.4576274430555556 0.05499329921875003 0.16640997916666664
1 0.22427563203125 0.5366721833333333 0.04446266484375001 0.12272735972222222
3 0.31119531562499997 0.4942371944444444 0.009438557031250027 0.05491524305555555
