car 0.41843131015625 0.41112264305555557 0.009470668749999956 0.013775516666666635
car 0.42187518984374994 0.4157144805555556 0.022385214843750046 0.018367356944444423
car 0.47353337578125 0.4141838694444444 0.014636485937500065 0.024489805555555615
car 0.48128210468750005 0.41724509583333336 0.02152424453124997 0.026020419444444404
car 0.48816986171875004 0.41877570694444444 0.02496812343750001 0.02908164583333333
car 0.49764053046875 0.41724509583333336 0.036160730468750034 0.036734711111111075
car 0.52260865234375 0.41112264305555557 0.03357782109374998 0.04744900138888886
car 0.53638416953125 0.4080614166666666 0.035299761718750045 0.059693904166666714
car 0.56135229375 0.38204099722222223 0.06457273203125 0.09336738888888886
car 0.5906252640625 0.3780613944444445 0.13345031640624994 0.08418371111111114
car 0.64400539140625 0.21642867083333334 0.354719546875 0.3321430180555555
car 0.7036275484375001 0.3665817972222222 0.295527875 0.24795929444444442
car 0.87704122734375 0.4443879583333334 0.12139673828125001 0.20204091944444438
bus 0.39174124843749997 0.4010205888888889 0.024968123437500055 0.026020419444444404
bus 0.36763409375 0.38877568472222224 0.024107153124999982 0.0459183875
car 0.33663918203125 0.39795936249999997 0.03013394218750003 0.04285716111111115
car 0.312532028125 0.4056124263888889 0.018080365625000018 0.038265323611111055
car 0.2978955421875 0.4086736527777778 0.019802304687499994 0.03520409722222221
car 0.2686225703125 0.41173488055555557 0.03013394218750003 0.0413265486111111
car 0.44184969843750005 0.4059185430555555 0.032716851562499996 0.044387776388888904
car 0.0843750375 0.3821430361111111 0.08351406796875 0.11479597083333333
car 0.15841843828125 0.39132671388888884 0.09556764531250002 0.10102045555555558
car 0 0.3882654875 0.09987249375 0.12857148749999997
traffic sign 0.62018526328125 0.35153077777777775 0.007748727343749984 0.038265323611111096
traffic sign 0.5059632546875 0.38061242361111114 0.005165818750000018 0.013775516666666635
traffic light 0.41068258125 0.37346955694444445 0.003443879687499951 0.012244901388888884
traffic light 0.46147979921875004 0.38265323194444445 0.004304848437499942 0.01224490277777777
traffic sign 0.40121191562499997 0.37959200694444445 0.006887757031249997 0.009183677777777809
car 0.5846572421875 0.44306656944444445 0.08190491171875003 0.10192611249999999
drivable area 0 0 0 0
lane 0 0 0 0
lane 0 0 0 0
lane 0 0 0 0
lane 0 0 0 0
lane 0 0 0 0
lane 0 0 0 0
lane 0 0 0 0
lane 0 0 0 0
lane 0 0 0 0
lane 0 0 0 0