traffic sign 0.5613519171875 0.20693872638888888 0.03099489140625007 0.02387754444444445
traffic sign 0.56341824296875 0.23081627083333334 0.02582907734375004 0.016530612499999996
traffic sign 0.571683546875 0.2638774902777778 0.013431121093749976 0.027551018055555567
traffic sign 0.91813756484375 0.08387752916666667 0.04442601093749996 0.10469384999999999
traffic sign 0.91400491328125 0.17755097777777779 0.04752549843750007 0.05510202916666667
traffic sign 0.41877541640624993 0.271836675 0.010331631250000051 0.02204081527777776
car 0.29272952343749997 0.31224483194444447 0.01343112109375002 0.031224483333333334
car 0.28239789375 0.32142850277777774 0.022729586718749983 0.02204081250000003
car 0.28343105703125004 0.3379591125 0.015497446874999987 0.03489795138888891
car 0.26380095937500003 0.3342856416666667 0.020663260156249974 0.03673468749999999
car 0.2276402515625 0.30673462916666666 0.03719387031250001 0.0275510152777778
car 0.1294897625 0.3085713611111111 0.07542090234374998 0.05510202916666663
car 0.10262752421875002 0.3159183 0.07232141249999999 0.051428558333333325
car 0.0798979375 0.31408156666666665 0.0475255 0.05510202916666667
car 0.00964285078125 0.2993876902777778 0.09091834765625 0.07163264166666666
car 0.017908153125 0.3159183 0.045459174218749995 0.05510202916666667
car 0 0.3030611611111111 0.032372434374999995 0.07530611111111113
car 0.21834178515625 0.32877544166666667 0.04545917265625001 0.04959183055555556
car 0.3154591125 0.31040809722222223 0.014464281249999988 0.023877547222222222
car 0.47663254765624996 0.35265298611111107 0.06818876249999999 0.07714284027777778
car 0.38915808515625 0.30673462916666666 0.02066326015625002 0.02204080972222222
car 0.36746166171875 0.3159183 0.019630100781250003 0.022040812499999993
car 0.3436989109375 0.32326523888888886 0.02376275078125003 0.018367341666666686
car 0.38915808515625 0.3306121736111111 0.016530608593749996 0.025714280555555566
car 0.39329073828125 0.33979584583333333 0.014464285937499977 0.02387754722222226
car 0.40568869375 0.34163258055555557 0.014464281249999988 0.03673468472222226
car 0.40775502109375 0.35265298611111107 0.012397953906249981 0.027551016666666723
car 0.41808665078124996 0.34163258055555557 0.02066325859375002 0.044081622222222214
car 0.43255093359375 0.34163258055555557 0.034094379687499995 0.05877549444444444
car 0.45011470546875004 0.34897951944444444 0.025829076562499952 0.060612229166666705
car 0.46457898828125 0.3508162541666667 0.027895402343749966 0.0661224347222222
car 0.7466325015625 0.3612244097222222 0.12914537968749995 0.09551018055555557
car 0.79209167421875 0.3116325805555556 0.20663260937500008 0.3373468722222222
person 0.17441671796875 0.3204527375 0.015497446093749988 0.049591827777777826
drivable area 0 0 0 0
drivable area 0 0 0 0
lane 0 0 0 0
lane 0 0 0 0
lane 0 0 0 0
lane 0 0 0 0
lane 0 0 0 0
lane 0 0 0 0
lane 0 0 0 0
lane 0 0 0 0
lane 0 0 0 0
lane 0 0 0 0
lane 0 0 0 0
lane 0 0 0 0
lane 0 0 0 0
lane 0 0 0 0
lane 0 0 0 0