0 0.3035501546875 0.1261293152777778 0.18185032890625002 0.11367331805555554
0 0.4963914375 0.3748026333333333 0.019983552343749978 0.019539474999999997
0 0.2595863375 0.3517105291666667 0.005995067187499981 0.023092104166666634
0 0.28356660078124996 0.34638158055555557 0.004995888281250016 0.019539473611111153
0 0.305548509375 0.34105263333333335 0.006994242968749997 0.01776315833333335
1 0.030774659375000003 0.4121052652777778 0.19084292812499998 0.1598684222222222
1 0.30255097656249996 0.4085526333333333 0.023980264062500024 0.0355263166666667
1 0.34751396953125 0.39789473888888893 0.025978618750000005 0.040855265277777796
1 0.31953699609375 0.42098684444444445 0.03996710546875 0.04085526388888891
1 0.5203717007812501 0.4050000027777778 0.03297286249999996 0.04618420972222223
1 0.5113791015625 0.4085526333333333 0.02198190859375 0.07282894861111112
1 0.56733305078125 0.41032895 0.033972039062500056 0.040855262500000024
1 0.27157646953125003 0.41565789722222224 0.017985197656249997 0.01776315833333331
1 0.41945475937500004 0.4014473708333333 0.11090871718749992 0.16875
1 0.59331166875 0.4014473708333333 0.09692023046875002 0.11190789583333335
1 0.7042203859375 0.41565789722222224 0.2617845414062499 0.22381578888888892
1 0.6985623585937499 0.21067753611111112 0.26585911171875 0.3187883791666667
1 0.5363585429687501 0.3499342125 0.04995888124999999 0.08881579166666671
1 0.0002246296875 0.4490758013888889 0.008351470312500001 0.0582135305555555
1 0.18945385390625 0.4241271458333334 0.014033618749999976 0.015246401388888841
1 0.37500948046875 0.4061086722222222 0.00779645468750001 0.012474327777777777
1 0.42334750078125005 0.3991784902777778 0.008576100781249974 0.011088291666666647
1 0.64242788359375 0.34235099722222223 0.07094773906250004 0.11365498750000004
