traffic light 0.18713533359375 0.03877552222222222 0.018941332031250015 0.07653064722222223
traffic light 0.2560129140625 0.23163275 0.015497456250000008 0.05816329166666669
traffic sign 0.25515194609375 0.1979592666666667 0.01463648437499998 0.022959193055555556
traffic sign 0.18713533359375 0.00816326388888889 0.015497453906249969 0.027551030555555557
drivable area 0 0 0 0
drivable area 0 0 0 0
lane 0 0 0 0
lane 0 0 0 0
lane 0 0 0 0
lane 0 0 0 0
lane 0 0 0 0
lane 0 0 0 0
lane 0 0 0 0