traffic sign 0.60925490390625 0.3968551055555556 0.009748078124999981 0.027727866666666677
traffic sign 0.30998889453125 0.28594363472222223 0.03996712109375 0.029460858333333364
traffic sign 0.31973697265625 0.16290122222222223 0.015596925781250003 0.0693196708333333
car 0.51567335078125 0.4575098166666666 0.016571732812499997 0.012130941666666692
car 0.5244466210937501 0.4627087902777778 0.029244235156249944 0.03292684444444447
car 0.60243124921875 0.4627087902777778 0.048740392187499995 0.07625163611111113
car 0.54979162421875 0.4627087902777778 0.06531212578124998 0.08838257777777775
car 0.38114986796875 0.4401799 0.19398676093750003 0.13344036111111113
car 0.6248518296875 0.4661747736111111 0.10138001562500003 0.09878052916666667
person 0.37822544453125 0.42631596527777776 0.029244235156249986 0.1247754055555556
person 0.34313236171875 0.4159180125 0.026319812499999973 0.11437745416666666
person 0.3324094765625 0.4193839986111111 0.020470963281249997 0.12130941944444444
person 0.29439196953125 0.4141850222222222 0.022420580468749972 0.11437745416666666
person 0.10625405546875 0.3985880972222222 0.023395388281250006 0.11091147083333336
person 0.09163193750000001 0.3847241625 0.032168658593749996 0.12824139027777776
person 0.872453021875 0.497368625 0.02047096484375004 0.10917848055555553
person 0.8480828257812499 0.49390264305555553 0.025345003906250163 0.1195764277777778
person 0.9163193749999999 0.5181645263888889 0.025345003125000078 0.0987805277777778
person 0.9582361125000001 0.5094995680555556 0.030219042968749932 0.10397950277777773
person 0.9748078460937499 0.5164315361111111 0.023395388281250006 0.10224651111111108
person 0.940689571875 0.4956356347222223 0.028269427343749952 0.13690634444444444
person 0.39772160078124996 0.29287560138888885 0.12282578828125001 0.40898604722222226
traffic light 0.29634158515625 0.34313236249999995 0.019496157031250006 0.034659834722222234
traffic light 0.31681254999999997 0.3483313388888889 0.006823654687500014 0.029460858333333326
traffic sign 0.28979956015625 0.22950709722222223 0.037442245312499976 0.01456087361111109
drivable area 0 0 0 0
drivable area 0 0 0 0
lane 0 0 0 0
lane 0 0 0 0
lane 0 0 0 0
lane 0 0 0 0
lane 0 0 0 0
lane 0 0 0 0
lane 0 0 0 0
lane 0 0 0 0
lane 0 0 0 0
lane 0 0 0 0