0 0.3924769640625 0.3907894763888889 0.007993421093749963 0.019539474999999997
0 0.34851314765625 0.39789474027777777 0.009991776562499988 0.01776315833333331
1 0.23860360859375002 0.4050000027777778 0.028976149218750004 0.02664473750000001
1 0.380311971875 0.42783835694444444 0.006994243749999995 0.023092104166666714
1 0.36832184218749997 0.42250940833333334 0.011990131250000013 0.028421052777777806
1 0.31936213750000003 0.42250940833333334 0.016986019531249986 0.0319736861111111
1 0.35133582109375 0.4242857236111111 0.02298108593749997 0.03375000277777779
1 0.25941147890625 0.4065225652777778 0.0629481921875 0.06750000277777772
1 0.10353976718749999 0.40753758611111107 0.128893915625 0.11368421111111116
1 0.38330950703125 0.38089284861111106 0.11890213671875002 0.18828947361111112
0 0 0.25223684305555555 0.04376396796875 0.05684210416666669
