car 0.08093115937499999 0.6798982833333334 0.07146049140625002 0.07346942083333335
car 0.0361607296875 0.7013268638888889 0.03357782109375 0.06275513055555564
car 0 0.7013268638888889 0.02410715390625 0.06275513055555564
car 0.27602691562500004 0.6814288958333333 0.01463648515624998 0.02908164583333333
car 0.20370545468749998 0.6844901236111112 0.04597578124999999 0.04438777500000002
car 0.27895420625 0.6431635722222222 0.08609697734375002 0.12397964861111113
car 0.5526196031249999 0.6212101986111112 0.18510850156250003 0.19438784166666667
car 0.34840576640625 0.5525512694444444 0.22557408203125 0.3765307805555556
car 0 0.7852044333333332 0.11366592890625 0.2127551972222223
car 0.68018404140625 0.6306125291666667 0.31855881562500005 0.36734710555555555
traffic light 0.37555502578125 0.6186737666666666 0.006026787499999964 0.021428580555555576
traffic sign 0.59699643515625 0.5788778277777777 0.014636487499999972 0.022959195833333328
traffic light 0.1196747984375 0.6528064152777778 0.006887758593749993 0.016836743055555558
truck 0.17908171328125 0.6619900930555556 0.047353337499999995 0.06734696944444454
car 0.23934959609375 0.6753064430555555 0.027551033593750017 0.04438777500000002
drivable area 0 0 0 0
drivable area 0 0 0 0
lane 0 0 0 0
lane 0 0 0 0
lane 0 0 0 0
lane 0 0 0 0