traffic sign 0.7444627578125 0.37726583888888887 0.02408893203125002 0.01631419861111117
traffic sign 0.74560985 0.35891236666666665 0.011470921874999984 0.01631419722222221
traffic sign 0.7490511265625 0.4323262583333333 0.024088933593750018 0.018353472222222205
traffic sign 0.7375802046875 0.40989423611111114 0.01261801250000003 0.0224320222222222
traffic sign 0.87660777890625 0.40989423611111114 0.04358949921874995 0.028549845833333306
traffic sign 0.449889509375 0.43436553333333333 0.011470921093749985 0.0101963736111111
traffic sign 0.414329653125 0.44864045555555554 0.014912197656250025 0.014274923611111174
car 0.43245371171875 0.4629153819444445 0.01261801250000003 0.01835347083333332
car 0.4381891734375 0.4669939305555556 0.019500564843749936 0.02447129861111108
car 0.41180605546875004 0.45883683194444447 0.019500564843750023 0.030589120833333303
car 0.45539555312499996 0.46903320416666666 0.032118578125000054 0.04690332222222216
car 0.55519256484375 0.4751510305555556 0.08144353671875004 0.10400301388888886
car 0.6664604953125 0.5179757986111111 0.05620751249999998 0.05913896944444445
car 0.8020467921875 0.5587612958333333 0.1445336015625001 0.08564954166666665
person 0.91331472578125 0.5404078222222223 0.026383117968750015 0.1264350375
car 0.47489611953125 0.44333836111111113 0.08488481249999999 0.13459213472222223
person 0.9729635125 0.6020789 0.018740592968750035 0.08107815694444448
drivable area 0 0 0 0
drivable area 0 0 0 0
drivable area 0 0 0 0
lane 0 0 0 0
lane 0 0 0 0
lane 0 0 0 0
lane 0 0 0 0
lane 0 0 0 0
lane 0 0 0 0
lane 0 0 0 0
lane 0 0 0 0
lane 0 0 0 0