0 0.81255822265625 0 0.06551556640624998 0.1557692875
0 0.8749743000000001 0.09472574027777778 0.04093085312499998 0.1269459375
0 0.8160840078125 0.5190113652777778 0.11158160859374995 0.28653055277777784
0 0.58614783046875 0.3140815680555556 0.041326521875000036 0.09734691666666662
0 0.61301006875 0.4279590930555555 0.03616070546875001 0.04040815416666672
0 0.601645275 0.4151019527777778 0.015497446874999987 0.0440816236111111
0 0.36522313671875 0.40591828055555557 0.012397956250000019 0.058775498611111095
1 0.39260195859375 0.5675508986111111 0.015497444531250038 0.060612231944444435
1 0.38020400078125 0.5712243680555555 0.01963009843750001 0.08265304444444446
1 0.34005269921875 0.48783662777777775 0.042359684375 0.19285710277777782
1 0 0.236938725 0.34418535 0.5381631527777778
1 0.00117521953125 0.5473468222222222 0.100216815625 0.44816316944444445
3 0.6214945359375 0.5482077930555556 0.025829076562499952 0.06979590277777782
3 0.9312285984375 0.5546937597222222 0.028928564843749883 0.16530608750000006
1 0.9313964867187501 0.5730611041666667 0.05992345624999995 0.12122446388888887
1 0.57288891015625 0.5602039625 0.25209178203125004 0.21306117916666664
2 0.39931751718749997 0.49408152777777775 0.07645406562499998 0.3434693152777778
2 0.71546541015625 0.4922447930555555 0.08781885859375009 0.41693868750000007
1 0.65554195234375 0.5491835569444444 0.17047190312500007 0.3710203291666666
1 0.3890604734375 0.5991126416666667 0.08200354296875001 0.28251982500000006
1 0.91141180859375 0.6350594013888889 0.08762022421874996 0.3614646263888889
