traffic light 0.11637399765625 0.2073156111111111 0.033056228124999996 0.05223700555555556
car 0.47839709375000006 0.32892988472222223 0.01652811640624998 0.024486095833333325
car 0.45360492109374995 0.32892988472222223 0.027546857031250038 0.04244256111111113
car 0.42789452109375 0.32892988472222223 0.03764737187500007 0.0620314402777778
car 0.5166566218749999 0.3256650736111111 0.025098242968750028 0.03672914722222222
car 0.53593942265625 0.32892988472222223 0.02968938515624995 0.039993955555555516
car 0.55369183828125 0.3338271027777778 0.05478764296875003 0.06611245694444444
car 0.36576104765625 0.3362757138888889 0.06519422890624997 0.10773881805555557
car 0.6002154242187501 0.3264812736111111 0.08539525859375 0.11100363472222219
traffic light 0.5241415796875 0.12972529583333334 0.013773428906250018 0.05713422361111109
traffic sign 0.06675822109375 0.1229198986111111 0.03337911015624999 0.021193086111111113
drivable area 0 0 0 0
lane 0 0 0 0
lane 0 0 0 0
lane 0 0 0 0
lane 0 0 0 0