1 0.42582716015625 0.5376640930555556 0.04118643359374996 0.06254236111111106
1 0.47387799921875 0.5468166319444444 0.01115465859375 0.016779658333333378
1 0.52707714140625 0.5102064708333334 0.13128175468750003 0.15406776805555553
1 0.07660053203125 0.5254607055555556 0.10983048671875002 0.06101693750000005
1 0.0007993296875 0.4049522541666667 0.07665925390624999 0.18457623611111107
3 0.2198949953125 0.5086810472222223 0.029173724218749975 0.0838982888888889
3 0.251642871875 0.5010539305555556 0.02316736796875003 0.09152540555555559
1 0.486748759375 0.4552912277777778 0.06092159765625001 0.14491522638888885
1 0.27137803671875 0.5254607055555556 0.03174787656250002 0.04118643194444442
1 0.30398396328125 0.5285115527777778 0.010296608593750011 0.04118643194444442
1 0.32200302734375 0.5407149402777778 0.018019064843749977 0.022881350000000033
1 0.346028446875 0.5407149402777778 0.024025418750000017 0.01677965555555561
1 0.37091191640625 0.5437657847222223 0.009438557812500026 0.012203387499999963
1 0.3949373359375 0.5376640930555556 0.019735164843749996 0.021355926388888866
1 0.8479880976562499 0.5193590111111112 0.07207625781250009 0.05644066805555552
1 0.95610248359375 0.5056302 0.04290253437500002 0.03966100833333333
1 0.84026564140625 0.43393529861111113 0.15702327500000007 0.12355929722222223
1 0.6952550765625001 0.5285115527777778 0.03174787499999994 0.022881349999999953
0 0.46615554296874995 0.2585116027777778 0.010296607812500014 0.05949151527777777
0 0.6000114492187499 0.3012234611111111 0.012012710156250073 0.05491524444444447
0 0.205308134375 0.37596920694444447 0.017161012499999996 0.03966100972222222
0 0.23362380703125002 0.3790200555555555 0.014586861718749988 0.03813558472222225
0 0.7491833796875 0.46361842361111116 0.02497944140624995 0.03907894722222222
