traffic light 0.12074637734375 0.004105102777777778 0.030589121875000003 0.09516615555555556
traffic light 0.1551591390625 0.0027455847222222223 0.026000753906249986 0.09516615694444444
traffic light 0.75470593125 0.22162774861111112 0.01911820078124995 0.05981872777777776
traffic light 0.73788191484375 0.3834102152777778 0.013765103906250076 0.03806646388888887
traffic light 0.07409796640625001 0.30319874027777777 0.009941464843749992 0.03398791250000003
traffic light 0.05650922109374999 0.301839225 0.011470921093750008 0.035347430555555566
traffic light 0.7623532109375 0.3874887666666667 0.020647657031250065 0.036706945833333296
traffic light 0.6155254257812499 0.42555522777777777 0.009941465625000045 0.020392748611111088
traffic sign 0.75623538671875 0.301839225 0.031353849999999996 0.020392748611111126
car 0.42212988359375 0.4533987638888889 0.035942218750000074 0.07749244305555554
car 0.29518502734375 0.4357250486111111 0.05429569140625001 0.09516615833333333
car 0.263831178125 0.4466011819444444 0.06194297109374998 0.09516615694444444
car 0.5739284015624999 0.4805890930555556 0.03670694609375005 0.06389727777777776
car 0 0.40717520138888885 0.28065519453125 0.20256796388888895
car 0.342215803125 0.4398035986111111 0.08335535703125001 0.10876132361111111
car 0.44124808515625 0.4234893986111111 0.14185705234375004 0.23247732916666664
person 0.8469363156249999 0.4683534458333333 0.040530586718750074 0.1604229513888889
traffic sign 0.081076321875 0.19927947361111112 0.04065738359375 0.08393782500000001
drivable area 0 0 0 0
lane 0 0 0 0
lane 0 0 0 0
lane 0 0 0 0
lane 0 0 0 0
lane 0 0 0 0
lane 0 0 0 0
lane 0 0 0 0
lane 0 0 0 0
lane 0 0 0 0