car 0.00162433203125 0.6656150819444444 0.13400737421875 0.2050267708333333
car 0.11370322734375 0.6713904833333333 0.09421124531249998 0.1386096486111112
car 0.188422490625 0.6497327263888889 0.08852608359374999 0.12994654305555547
car 0.2736999109375 0.6728343333333333 0.03898396328125 0.08807488194444449
car 0.3029378828125 0.6757220347222221 0.04548129062499999 0.06930482500000007
car 0.34354617890625 0.6786097361111112 0.036547465625 0.05775401805555557
car 0.55552148046875 0.6612835305555556 0.06822193671874999 0.10106953611111116
car 0.56932830078125 0.6627273805555556 0.09502341093749997 0.12705884444444437
car 0.63186507578125 0.6396257722222222 0.2347159468750001 0.2497861375
car 0.38496663984375 0.6771658861111111 0.050354286718749995 0.04620321527777772
car 0.47836571953125 0.6771658861111111 0.04304479296874995 0.034652411111111156
person 0.46455889921875004 0.6685027819444445 0.012994655468749982 0.04764706666666664
traffic sign 0.8584593640625 0.28732625 0.07553142890625004 0.08663103055555553
drivable area 0 0 0 0
lane 0 0 0 0
lane 0 0 0 0
lane 0 0 0 0
lane 0 0 0 0
lane 0 0 0 0
lane 0 0 0 0