traffic sign 0.5673330492187499 0.17052631666666668 0.008992600000000017 0.023092104166666655
traffic sign 0.44743173281250004 0.25046052916666667 0.007993421875000007 0.01776315833333335
person 0.75817597890625 0.21315789305555555 0.029975329687500007 0.12434210694444445
car 0.42345147031249997 0.27532894999999996 0.015986841406250018 0.02664473888888889
car 0.445433378125 0.27177631666666663 0.019983553124999977 0.030197372222222223
car 0.40846380625 0.26289474027777776 0.014987664062500006 0.037302626388888885
car 0.39547449609375 0.26289474027777776 0.016986021093750026 0.03907894861111111
car 0.227612653125 0.2398026347222222 0.07993421015624999 0.10657894583333333
car 0.54435196484375 0.24690789444444444 0.04895970546874997 0.06217105416666667
car 0.47083524375 0.24513158055555556 0.06952000937499996 0.10314943194444443
car 0.30854604218750004 0.22026315833333332 0.09192434218749997 0.13855263194444448
car 0.604302621875 0.24868421249999997 0.1328906265625 0.1492105291666667
car 0.00079932890625 0.24868421249999997 0.28176809296875 0.3659210541666667
drivable area 0 0 0 0
lane 0 0 0 0
lane 0 0 0 0
lane 0 0 0 0