0 0.84579530390625 0.5462594708333334 0.013603141406249897 0.024183362499999975
0 0.9154113796875001 0.5334565152777777 0.00800184765625005 0.01991570833333335
0 0.9538202484375 0.5690202819444444 0.005601293750000025 0.01280295694444449
1 0.9709442218750001 0.6108432638888889 0.007201663281249893 0.011380406944444449
1 0.96534292890625 0.6094207138888889 0.007201662499999983 0.011380406944444449
1 0.9605418203125 0.6079981624999999 0.007201661718750074 0.01280295416666672
1 0.958141265625 0.6079981624999999 0.00800184765625005 0.01564805555555561
1 0.9549405265625 0.6079981624999999 0.007201660937499988 0.019915712500000005
1 0.94693867890625 0.6065756125 0.009602217187499918 0.021338261111111083
1 0.9341357226562501 0.6037305111111111 0.01520350859374986 0.027028463888888864
1 0.92453350546875 0.6094207138888889 0.014403325781250054 0.0256059138888889
1 0.9037287015625 0.6051530611111111 0.031207206250000043 0.034141218055555575
1 0.8805233429687499 0.6079981624999999 0.027206282031250063 0.035563765277777847
1 0.8509165062499999 0.6023079597222222 0.037608685156250134 0.04552162222222225
1 0.84611539765625 0.6094207138888889 0.031207206250000043 0.04409907222222221
1 0.8165085609375 0.5994628583333333 0.03600831484375 0.061169677777777785
1 0.769297659375 0.5923501055555556 0.05521274921875001 0.07397263749999997
1 0.61358169765625 0.5055745125 0.17524046718749994 0.1948894486111111
1 0.9672633671875 0.531180425 0.032007391406250106 0.2347208666666667
1 0.09843106171875 0.49362509444444447 0.42729866874999994 0.3399896194444444
