traffic sign 0.36423788359375 0.2330456611111111 0.016854195312500007 0.006658448611111112
traffic light 0.46817208828125 0.23471027361111113 0.008427097656250026 0.01165228333333334
traffic light 0.4494452046875 0.23803949861111112 0.009363441406250051 0.009987669444444455
car 0.45131789296875 0.2713317333333333 0.014981507031250008 0.024969177777777792
car 0.5131166078125 0.28631324027777777 0.03277204609374999 0.04327990833333332
car 0.35086462265625 0.2713317333333333 0.022736703125 0.023304568055555565
car 0.17041463984375 0.26300867499999997 0.05430796328124998 0.07157831111111111
car 0.01310881953125 0.24802716805555558 0.06460774765624999 0.05826141805555554
car 0.5852151109375 0.30795319583333336 0.04307183203124998 0.05992602777777777
car 0.6076873703125 0.28797785277777777 0.03089935781250004 0.028298401388888905
car 0.4204185359375 0.2729963486111111 0.026217636718750013 0.03662145972222224
car 0.38577380078125 0.2713317333333333 0.030899357812499993 0.031627626388888906
car 0.29120303984375 0.26633789999999996 0.03277204609374999 0.03828607361111113
car 0.0655440921875 0.24303333472222224 0.11610667812500002 0.11319360694444447
car 0.5861514546875 0.19143036527777776 0.2996301375 0.36621461111111114
car 0.45225423749999993 0.2746609583333333 0.07022581250000001 0.08655981666666668
car 0.3239750859375 0.26800251249999996 0.015917850781249986 0.03495684722222225
car 0.8584326335937501 0.26467328749999997 0.14106435624999988 0.3046239722222222
drivable area 0 0 0 0
drivable area 0 0 0 0
lane 0 0 0 0
lane 0 0 0 0
lane 0 0 0 0
lane 0 0 0 0
lane 0 0 0 0
lane 0 0 0 0
lane 0 0 0 0