car 0.1224043421875 0.38254605416666665 0.11070965937499999 0.06652974027777776
car 0.2752148578125 0.3880902 0.04054156562500002 0.04296712916666665
car 0.37267054375 0.37700190694444446 0.018711496093750002 0.022176577777777755
car 0.0007796453125 0.40472263611111114 0.026507946875 0.03187883750000001
car 0.04443979296875 0.40888074583333334 0.049117665624999994 0.02356261805555554
car 0.09277781328125 0.39502038194444444 0.0202707828125 0.026334691666666684
car 0.11304859609375 0.39502038194444444 0.019491136718750003 0.029106756944444437
car 0.30640067734375 0.38254605416666665 0.024948655468750004 0.04573920000000003
car 0.3453829515625 0.3797739805555556 0.017152200781249995 0.024948655555555553
car 0.33446791484375 0.3797739805555556 0.007796457812500002 0.02356261805555554
car 0.36409444453125 0.38254605416666665 0.004677871875000017 0.0180184736111111
car 0.39605990859375 0.3728437986111111 0.010135392187499991 0.015246398611111071
traffic sign 0.09901497734375 0.34235099722222223 0.013253972656249991 0.02772072916666666
traffic sign 0.08732029453125 0.36036947083333337 0.012474328125 0.008316218055555503
traffic sign 0.24246974687499998 0.32849063333333334 0.02416901406250003 0.008316218055555543
traffic sign 0.37267054375 0.29799783194444446 0.03742298359374998 0.022176577777777793
traffic sign 0.413212109375 0.3215604513888889 0.02027078281249999 0.005544140277777782
traffic sign 0.39450061796874997 0.34512306944444443 0.015592906250000028 0.006930190277777804
traffic sign 0.18087775390625 0.2702771027777778 0.010915035937499984 0.05544145555555555
traffic light 0.275994503125 0.31463026805555555 0.0054575187499999785 0.011088293055555533
traffic light 0.38124664453125 0.3381928875 0.005457514843749988 0.013860370833333333
traffic light 0.32277323281250003 0.3368068513888889 0.006237164843749987 0.012474327777777777
drivable area 0 0 0 0
drivable area 0 0 0 0
lane 0 0 0 0
lane 0 0 0 0
lane 0 0 0 0
lane 0 0 0 0
lane 0 0 0 0
lane 0 0 0 0
lane 0 0 0 0
lane 0 0 0 0
lane 0 0 0 0