traffic sign 0.3197369734375 0.38645715555555554 0.05946327890625001 0.10571249444444446
traffic sign 0.74670281015625 0.4471118652777778 0.06628693359375007 0.11611044583333331
traffic sign 0.601456440625 0.5285624763888889 0.022420579687500018 0.03639282638888888
car 0.57903586015625 0.5701542777777777 0.04386635312500005 0.05892171944444442
car 0.5244466210937501 0.5528243611111111 0.01949615703124996 0.02946085694444444
car 0 0.4401798986111111 0.027294619531249998 0.0987805277777778
car 0.052639623437500005 0.44537887361111117 0.08578309062499999 0.05718872638888889
car 0.0994304 0.46964075833333335 0.09748078593750001 0.04332479305555555
car 0.26124850234374997 0.5043005916666666 0.028269428906249994 0.020795901388888892
truck 0.28756831484375 0.48523768333333334 0.05263962343749999 0.051989751388888866
car 0.356779671875 0.5216305097222222 0.015596924218750008 0.015596924999999985
car 0.372376596875 0.5216305097222222 0.02631981171875002 0.01906290833333336
car 0.39869640859375 0.5233635013888889 0.010722886718749968 0.02079589999999993
car 0.41136891093749994 0.5337614513888889 0.023395388281250006 0.01386393611111111
car 0.44451237734375004 0.5250964930555556 0.016571733593749992 0.027727868055555563
car 0.46205891875000005 0.5302954680555556 0.018521349218749972 0.02252889305555554
car 0.543942778125 0.5476253861111111 0.009748078124999981 0.017329916666666632
car 0.551741240625 0.5510913694444444 0.011697694531249959 0.015596925000000065
car 0.47765584453125004 0.5320284597222222 0.01169769374999996 0.02252889305555554
car 0.49032834609375 0.5337614513888889 0.010722886718750057 0.02252889305555554
car 0.5010512328125001 0.5372274347222222 0.004874039062499946 0.015596926388888951
car 0.5088496953125 0.5372274347222222 0.013647310156249936 0.015596926388888951
car 0.52054738984375 0.5372274347222222 0.01169769374999996 0.012130944444444462
traffic sign 0.56733816640625 0.5129655513888889 0.013647309375000027 0.022528891666666655
car 0.41624295 0.5181645263888889 0.024370196093749998 0.02946085972222221
car 0.7817958921875 0.6030811208333333 0.02047096484375004 0.024261883333333303
drivable area 0 0 0 0
drivable area 0 0 0 0
drivable area 0 0 0 0
lane 0 0 0 0
lane 0 0 0 0
lane 0 0 0 0
lane 0 0 0 0
lane 0 0 0 0
lane 0 0 0 0
lane 0 0 0 0
lane 0 0 0 0
lane 0 0 0 0
lane 0 0 0 0