0 0.49626512265624995 0.2267770888888889 0.014395726562500055 0.06824639999999998
0 0.11477840937499999 0.056161088888888884 0.023992875000000004 0.09810420277777779
0 0.154366653125 0.07748808888888889 0.017994656250000008 0.08744070277777777
0 0.51545942421875 0.2353078888888889 0.00959715000000001 0.06824640277777776
0 0.6294255796875 0.45071059027777777 0.015595368749999939 0.023459700000000003
0 0.09678375234375 0.45284329027777775 0.015595370312500013 0.034123200000000034
0 0.11477840937499999 0.46137409027777776 0.00959715000000001 0.027725099999999968
0 0.6186287859374999 0.44857789027777784 0.007197862500000074 0.02985779999999999
0 0.6174291421875 0.38886229027777774 0.026392162500000003 0.017061600000000017
0 0.8057732109375 0.3462082902777778 0.03718895624999998 0.017061600000000017
1 0.43148436015625 0.5381512902777777 0.021593587499999956 0.023459700000000003
1 0.39429540390625 0.5424166902777777 0.020393944531249986 0.02985780000000007
1 0.349908584375 0.5445493902777778 0.03718895781249998 0.031990502777777784
1 0.301922834375 0.5509474902777778 0.03718895624999998 0.04691940277777778
1 0.258735659375 0.5360185902777778 0.041987532812499985 0.07037910277777779
1 0.184357746875 0.5338858902777778 0.07797684453125 0.08957340277777774
1 0.47227224765625 0.5381512902777777 0.017994655468750054 0.03199050000000001
1 0.49026690390625005 0.5424166902777777 0.02279323281250001 0.03412320138888892
1 0.50826156015625 0.5424166902777777 0.035989314062500014 0.04691940138888889
1 0.94733117421875 0.5189569902777778 0.052668825781250025 0.11729850000000003
