traffic sign 0.35171061796875003 0.36094746250000004 0.02078290078124998 0.03836843194444444
traffic sign 0.08393094296875 0.38226325833333336 0.02398026875 0.018473687499999947
traffic sign 0.08393094296875 0.40784220972222224 0.02318092734375 0.01421053333333333
traffic sign 0.08632896953125 0.4248948472222222 0.026378296093749996 0.019894743055555608
car 0.032773035156250005 0.4689474902777778 0.07274015078125 0.08668423194444444
car 0.11830266250000002 0.44763169583333334 0.08712831249999997 0.11510529305555556
drivable area 0 0 0 0
drivable area 0 0 0 0
lane 0 0 0 0
lane 0 0 0 0
lane 0 0 0 0
lane 0 0 0 0
lane 0 0 0 0