car 0.5736290601562499 0.48803996111111114 0.08467857421875005 0.09712238194444443
bus 0.14887039765625001 0.4103420583333333 0.20896487187500004 0.17239222361111115
truck 0.35646948671875 0.4540471277777778 0.06146025546875 0.08498208611111116
truck 0.408369259375 0.4637593638888889 0.06419182343749999 0.0946943236111111
truck 0.5659806859375001 0.43219459444444447 0.08194700859374997 0.109262675
traffic light 0.47228793046875 0.3812053444444444 0.008194700781250041 0.026708652777777786
traffic light 0.48048263125 0.37634922361111117 0.009560484374999945 0.0364208930555555
person 0.6777017562500001 0.4637593638888889 0.03551037031249997 0.13354327361111112
traffic sign 0.38105358828125 0.3909175791666667 0.02048675312499997 0.01699641805555553
car 0.5424891921875 0.4807557833333333 0.0163894 0.02428059583333335
car 0.54658654296875 0.5001802597222222 0.021852534375000055 0.02913671111111111
person 0.72924945234375 0.4380362291666666 0.026383117187500017 0.14070996111111111
person 0.7980749765625 0.4380362291666666 0.029824393749999966 0.15906343472222229
person 0.8554295804687501 0.42580058055555553 0.03785403828124991 0.15498488472222222
traffic sign 0.77513313515625 0.4339576805555555 0.019500564843749936 0.05506041944444446
car 0.043288390625 0.5098187 0.0848848140625 0.08972809166666672
car 0 0.51389725 0.05017094296875 0.042824770833333366
drivable area 0 0 0 0
drivable area 0 0 0 0
lane 0 0 0 0
lane 0 0 0 0
lane 0 0 0 0
lane 0 0 0 0
lane 0 0 0 0
lane 0 0 0 0
lane 0 0 0 0
lane 0 0 0 0
lane 0 0 0 0
lane 0 0 0 0
lane 0 0 0 0
lane 0 0 0 0
lane 0 0 0 0