0 0.66481895 0.31540449444444446 0.052639624218750035 0.055455736111111084
0 0.40357044843749995 0.42631596527777776 0.007798461718750005 0.017329916666666632
0 0.4571848796875 0.4315149402777778 0.004874038281250037 0.015596926388888871
0 0.48642911484375 0.4488448583333333 0.0068236554687500115 0.013863931944444453
1 0.33728351484374997 0.4540438305555556 0.06726174218750006 0.07105266111111111
1 0.440613146875 0.4661747722222222 0.028269427343750042 0.03812581805555561
1 0.44256276171875 0.4471118638888889 0.019496156250000053 0.01906290833333328
1 0.41916737421874994 0.4557768236111111 0.019496156250000053 0.019062911111111133
1 0.0001812703125 0.4505778486111111 0.04660950625 0.03812581805555561
1 0.04484116015625 0.4540438305555556 0.025345003906250003 0.024261886111111075
1 0.07311058828125 0.4505778486111111 0.05361443203124999 0.03639282777777776
1 0.12575021171875 0.4540438305555556 0.03606788984375 0.029460858333333326
1 0.1540196390625 0.45750981527777773 0.03021904296875 0.02426188611111115
1 0.1783898359375 0.4540438305555556 0.02437019609375002 0.027727868055555563
1 0.8763522531250001 0.48697067638888886 0.112102903125 0.06412069444444451
1 0.8227378218749999 0.4817717013888889 0.053614431250000115 0.05372274166666663
1 0.76132492734375 0.48523768333333334 0.05946327890624996 0.04159180000000002
1 0.7223326140624999 0.4800387069444444 0.04484116015625004 0.039858809722222256
1 0.696012803125 0.47137375 0.04484116015625004 0.039858809722222256
1 0.6482472171875 0.47483973472222224 0.030219043750000018 0.03119384999999997
1 0.624851828125 0.47137375 0.022420580468750017 0.03119385000000005
1 0.2045268328125 0.45140594027777775 0.030322245312500006 0.035156224999999985
1 0.24407758671875 0.4560934361111111 0.02636716953125 0.02343748472222226
1 0.2823099828125 0.4560934361111111 0.018457018749999988 0.028124980555555606
