car 0.2830113125 0.41026678194444444 0.015592910156250018 0.03742298333333333
car 0.29392634921875 0.4061086722222222 0.014033621093749993 0.03465091111111115
car 0.3032820953125 0.40888074583333334 0.013253973437500033 0.024948655555555553
car 0.31653606875 0.4061086722222222 0.00857610234374997 0.023562619444444502
car 0.32511216953125 0.4019505638888889 0.013253971093749994 0.026334691666666684
car 0.3368068515625 0.3977924541666667 0.009355746093749983 0.023562619444444426
truck 0.3867041625 0.24948655694444447 0.19802995468749995 0.38116001666666666
bus 0.10525214140625001 0.32987666944444444 0.1793184625 0.18572888055555556
drivable area 0 0 0 0
drivable area 0 0 0 0
lane 0 0 0 0
lane 0 0 0 0
lane 0 0 0 0
lane 0 0 0 0
lane 0 0 0 0