traffic light 0.3778877828125 0.3271561833333333 0.00839750546875 0.017061601388888903
traffic light 0.45466498203125 0.3271561833333333 0.009597150781250008 0.017061601388888903
car 0.3766881390625 0.3476301013888889 0.011996438281249988 0.023459698611111118
car 0.36349205703125 0.3412320013888889 0.017994657812500002 0.029857798611111146
car 0.35509455078125 0.3454974027777778 0.019194300781249972 0.023459698611111118
car 0.3418984703125 0.3540282027777778 0.019194299218749978 0.027725099999999968
car 0.2555241203125 0.37322250138888885 0.04438681796875001 0.09170610000000007
car 0.17514798828125 0.3689571013888889 0.08037613203125 0.10450229722222219
car 0.45226569453125 0.3433647013888889 0.008397506250000042 0.019194298611111115
car 0.48705536406250005 0.3412320013888889 0.031190738281249963 0.04691940000000005
car 0.5074493078125 0.3476301013888889 0.03718895703124998 0.05118480138888886
car 0.0887736375 0.3767770111111111 0.14305751875 0.1510662388888889
car 0.53144218203125 0.3597154111111111 0.044386818749999966 0.05758290277777781
car 0.30620906796875 0.35509455 0.03718895703124998 0.04905210138888887
traffic light 0.9172775859375 0.07129310277777778 0.05158468125000013 0.127962
traffic light 0.9412704625 0.22911290416666666 0.038388602343749946 0.07464450277777779
traffic light 0.92327580625 0.2589707041666667 0.01559536796874994 0.029857801388888876
drivable area 0 0 0 0
drivable area 0 0 0 0
drivable area 0 0 0 0
lane 0 0 0 0
lane 0 0 0 0
lane 0 0 0 0
lane 0 0 0 0
lane 0 0 0 0
lane 0 0 0 0
lane 0 0 0 0
lane 0 0 0 0
lane 0 0 0 0