1 0.1298777890625 0.4409864416666667 0.010530632031249997 0.014560870833333281
1 0.140408421875 0.4451466958333334 0.007020419531250011 0.016640997222222214
1 0.14391863046875 0.4451466958333334 0.011700700781250007 0.02496149999999994
1 0.148598909375 0.45138706944444446 0.011700700781250007 0.01872112222222218
1 0.16146968281250001 0.42850569861111115 0.039782382031249994 0.04160249861111104
1 0.10179610390625 0.44306656805555555 0.01404084218749999 0.02080124722222223
1 0.0819049140625 0.4472268166666667 0.012870771874999997 0.01872112638888892
1 0.064353859375 0.45138706944444446 0.019891192187499997 0.022881369444444428
1 0.02457147421875 0.45346719305555555 0.02106126328125 0.03744224999999998
1 0 0.4451466958333334 0.0315918953125 0.04992299444444441
1 0 0.46386781666666665 0.01989119296875 0.04160249722222223
