traffic light 0.5973083796875 0.08526315972222222 0.02198190859375 0.11190789583333331
traffic light 0.11170804765625 0.5506578972222222 0.036969572656250005 0.04263157916666671
traffic light 0.76916693203125 0.5453289486111111 0.02697779609374997 0.03907894861111111
traffic light 0.62828288515625 0.09947368611111111 0.02797697499999998 0.10657894861111113
person 0.95401479609375 0.6146052666666666 0.045962171093750115 0.2540131569444445
person 0.67224670078125 0.6572368458333333 0.027976974218749985 0.11901315694444439
person 0.65625985859375 0.6696710541666667 0.022981085937500013 0.11013158194444443
car 0.3974728515625 0.6909868458333334 0.010990954687499999 0.024868422222222207
car 0.38648189765624996 0.685657898611111 0.01398848749999999 0.026644736111111123
car 0.35650656875000003 0.6785526347222223 0.03696957265624996 0.053289476388888896
car 0.20762910078125 0.6625657930555555 0.11790296093750001 0.14743421250000005
traffic sign 0.21462334453124998 0.5577631597222222 0.0219819078125 0.028421052777777806
person 0 0.6607894791666666 0.0167861734375 0.15098683888888884
car 0.4554251546875 0.6785526347222223 0.02697779609374997 0.02842105277777773
car 0.4764078859375 0.6803289499999999 0.019983553124999977 0.03907894861111119
car 0.49339390625 0.6750000041666666 0.022981085156249925 0.05328947500000002
car 0.50938074765625 0.6714473722222223 0.02697779765625006 0.06749999999999995
car 0.20063485781249998 0.8277631624999999 0.02797697343750003 0.007105262500000088
car 0.5243684117187499 0.6661184236111111 0.0799342109375 0.10302631388888896
traffic sign 0.7282006484375 0.49381579305555556 0.0439638171875 0.02842105138888892
traffic sign 0.74019078125 0.46717105555555555 0.02198190859375 0.021315788888888913
person 0.18343309765625 0.6623432958333334 0.021093735156250015 0.09843743194444438
drivable area 0 0 0 0
drivable area 0 0 0 0
lane 0 0 0 0
lane 0 0 0 0
lane 0 0 0 0
lane 0 0 0 0
lane 0 0 0 0
lane 0 0 0 0
lane 0 0 0 0
lane 0 0 0 0
lane 0 0 0 0
lane 0 0 0 0
lane 0 0 0 0
lane 0 0 0 0
lane 0 0 0 0
lane 0 0 0 0
lane 0 0 0 0
lane 0 0 0 0