car 0.37285888828124997 0.5098924972222222 0.010926267968750025 0.016996416666666726
car 0.37012732265625 0.5123205555555556 0.009560482812499993 0.019424476388888934
car 0.36329840546875 0.5123205555555556 0.009560482812499993 0.019424476388888934
car 0.35920105546875003 0.5123205555555556 0.0081947 0.02185253611111114
car 0.3400800859375 0.5098924972222222 0.02731566953125002 0.0388489513888889
car 0.293643446875 0.5098924972222222 0.0300472375 0.04370507083333332
car 0.446611196875 0.5098924972222222 0.02321832109375004 0.026708654166666672
car 0.46709794843749997 0.5171766763888889 0.028681453125000013 0.0267086513888889
car 0.50670566875 0.5171766763888889 0.02321832109375004 0.029136709722222223
car 0.53948447265625 0.5196047361111111 0.017755189062499975 0.029136715277777763
car 0.5176319375 0.5220327944444444 0.028681452343750014 0.04127701388888888
car 0.5640685750000001 0.5244608541666667 0.021852535156249964 0.02913671388888888
traffic sign 0.6755506312499999 0.41623875972222224 0.020486750781250063 0.021852540277777718
traffic sign 0.6304797757812499 0.44780353333333334 0.019120968750000068 0.014568358333333324
traffic sign 0.70832943359375 0.37496174861111115 0.02321832031250004 0.05827342777777776
traffic sign 0.24806040390625 0.4550877138888889 0.016389400781249997 0.026708649999999938
traffic sign 0.47341467578124996 0.4866524847222222 0.010926268750000023 0.02913671388888888
drivable area 0 0 0 0
drivable area 0 0 0 0
drivable area 0 0 0 0
drivable area 0 0 0 0
lane 0 0 0 0
lane 0 0 0 0
lane 0 0 0 0
lane 0 0 0 0
lane 0 0 0 0
lane 0 0 0 0
lane 0 0 0 0
lane 0 0 0 0
lane 0 0 0 0
lane 0 0 0 0
lane 0 0 0 0
lane 0 0 0 0
lane 0 0 0 0