traffic light 0.09088763046875001 0.4312791833333333 0.01170070312499999 0.03536212083333336
traffic light 0.18449324375 0.45416055694444446 0.011700701562500004 0.02912174722222218
traffic light 0.3026703328125 0.3917568152777778 0.008190490625000013 0.0228813722222222
traffic light 0.43605833046875003 0.3834363152777778 0.009360562499999947 0.02496149583333336
traffic light 0.39042559374999997 0.4500003097222222 0.007020421093750029 0.020801245833333346
traffic light 0.3237315953125 0.44584005833333334 0.007020420312499986 0.018721123611111147
traffic light 0.17279254296875 0.48744255416666665 0.011700702343750003 0.0166409986111111
traffic light 0.07684679062500001 0.4749618027777777 0.019891192968749992 0.024961497222222247
traffic sign 0.0862073515625 0.4146381875 0.02106126249999999 0.012480748611111163
traffic sign 0.07567671875000001 0.38759656666666664 0.01989119374999999 0.016640999999999986
traffic sign 0.1330101578125 0.42295868611111115 0.011700701562499981 0.0228813722222222
traffic sign 0.2336361921875 0.4083978138888889 0.02925175468750001 0.014560872222222245
traffic sign 0.23012598203125 0.4604009333333333 0.010530631249999978 0.02496149305555551
traffic sign 0.46179987499999997 0.3917568152777778 0.01638098281250002 0.02080124722222223
traffic sign 0.4711604359375 0.44584005833333334 0.010530632031249976 0.020801248611111114
traffic sign 0.39744601640625 0.4624810569444444 0.016380981250000027 0.012480745833333313
traffic sign 0.2617178765625 0.30439157638888886 0.057333438281249996 0.018721122222222223
car 0.156411559375 0.5082438 0.07371442265625001 0.08320499027777772
car 0.11194889453125001 0.522804675 0.08424505078125 0.08112486527777776
car 0.026533771875 0.5269649222222222 0.11817708671874998 0.1164869875
car 0.53434422578125 0.4832823041666667 0.052653157031249974 0.08320499027777781
car 0.41967735 0.48952267638888886 0.015210911718749998 0.02496149583333336
car 0.42786783984375 0.49576305277777777 0.01872112187499999 0.020801245833333346
car 0.39978615624999997 0.49576305277777777 0.015210913281249993 0.016640997222222294
car 0.43722840312500005 0.49992330416666664 0.024571472656249947 0.029121743055555607
car 0.33543229609375 0.4978431763888889 0.0175510546875 0.01872112222222218
car 0.28160906875 0.49992330416666664 0.05148308749999999 0.07488448888888889
car 0.56593611953125 0.493682925 0.08892533125000002 0.08736523888888886
car 0 0.5436059194444444 0.037064403125 0.14768885555555558
drivable area 0 0 0 0
drivable area 0 0 0 0
drivable area 0 0 0 0
drivable area 0 0 0 0
lane 0 0 0 0
lane 0 0 0 0
lane 0 0 0 0
lane 0 0 0 0
lane 0 0 0 0
lane 0 0 0 0
lane 0 0 0 0
lane 0 0 0 0
lane 0 0 0 0
lane 0 0 0 0
lane 0 0 0 0
lane 0 0 0 0
lane 0 0 0 0
lane 0 0 0 0
lane 0 0 0 0
lane 0 0 0 0
lane 0 0 0 0