traffic sign 0.40887239453125 0.4677721902777778 0.026367169531249957 0.029571209722222214
traffic sign 0.4365579234375 0.47156216805555556 0.014501942968750025 0.02109373472222218
traffic sign 0.28890177499999997 0.4692184208333333 0.010546868750000016 0.05156246250000002
car 0.30735879375 0.5301558791666667 0.017138660156249985 0.018749986111111068
car 0.33504432109375004 0.5278121319444444 0.011865226562499975 0.014062490277777723
car 0.34559118906249997 0.5231246333333334 0.013183585156250021 0.01874998888888884
car 0.36536656640625 0.5207808833333334 0.015820302343750026 0.016406238888888838
car 0.4141458296875 0.5231246333333334 0.01054686718750002 0.01874998888888884
car 0.42996613203124995 0.5137496402777778 0.007910150781250014 0.02109373472222218
car 0.43919464062499997 0.5114058902777778 0.007910150781250014 0.018749988888888916
car 0.33636268046875 0.537187125 0.04086911171874998 0.053906212500000016
truck 0.44446807421875 0.43640594444444447 0.06196284921875002 0.15703114027777773
drivable area 0 0 0 0
drivable area 0 0 0 0
drivable area 0 0 0 0
drivable area 0 0 0 0
lane 0 0 0 0
lane 0 0 0 0
lane 0 0 0 0
lane 0 0 0 0
lane 0 0 0 0
lane 0 0 0 0
lane 0 0 0 0