traffic sign 0.45815968749999997 0.08664958611111111 0.06336251015625001 0.07451864444444446
traffic sign 0.549791625 0.10571249583333332 0.06238770234374993 0.08145061111111114
traffic sign 0.52834585234375 0.10744548749999999 0.02144577265625003 0.04852376666666668
car 0.22286542890625 0.3577389986111111 0.05263962343749999 0.039858809722222256
car 0.48801316406249995 0.36467096388888887 0.047765584375 0.06412069305555555
car 0.5552749046875001 0.3802678875 0.021445771874999943 0.04852376805555549
car 0.5630733679687501 0.3871998555555556 0.046790775781250016 0.07105266111111111
car 0.59036798671875 0.3802678875 0.10040520781250004 0.11091147083333329
car 0.49483681796875 0.3577389986111111 0.07408539687499997 0.12650839583333334
car 0.40028045703125 0.3594719888888889 0.09943040000000006 0.15077027916666666
traffic light 0.44902084921874996 0.2507886611111111 0.011697694531250047 0.038125818055555566
traffic light 0.4421971953125 0.25425464305555556 0.010722885156249973 0.034659834722222234
traffic light 0.54162759453125 0.25425464305555556 0.012672502343750036 0.032926843055555544
traffic light 0.44414681015625 0.3183753375 0.005848846875000024 0.013863931944444453
car 0.9315259921875001 0.5320284597222222 0.06667724218749989 0.16507518055555556
drivable area 0 0 0 0
drivable area 0 0 0 0
drivable area 0 0 0 0
lane 0 0 0 0
lane 0 0 0 0
lane 0 0 0 0
lane 0 0 0 0
lane 0 0 0 0
lane 0 0 0 0
lane 0 0 0 0
lane 0 0 0 0