traffic sign 0.5080864796875 0.36185008333333335 0.0128552 0.009794436111111082
traffic sign 0.50716825 0.38143895972222225 0.024792172656250066 0.0212212833333333
traffic sign 0.55032499453125 0.37980655138888886 0.025710400781249997 0.02285368888888889
traffic sign 0.74988668359375 0.38470376944444445 0.04040205781249995 0.06692866249999996
traffic sign 0.89435464140625 0.3112454833333333 0.03856560078125 0.052237002777777757
car 0.2858751609375 0.4309552833333333 0.015609885937500012 0.044074972222222265
car 0.30423973359375 0.42442565694444445 0.07162182968750001 0.06692866388888885
car 0.3951443640625 0.3966747486111111 0.05968485781250003 0.08978235138888893
car 0.49706773671875004 0.40810159444444444 0.052339028906250015 0.07019347500000003
car 0.5475703078125 0.42116084305555557 0.028465085937499968 0.035912941666666615
car 0.5769536234375 0.41952843888888885 0.013773428906250018 0.024486095833333367
car 0.36851573437499996 0.42116084305555557 0.031219771875000024 0.05550181805555551
car 0.1261033875 0.39721888749999995 0.17262697421875 0.14854897916666665
car 0.41810007890625 0.41027813611111114 0.08447703046875006 0.09794438611111107
car 0.04020223359375 0.41823557916666665 0.032757375000000005 0.02647060694444442
drivable area 0 0 0 0
drivable area 0 0 0 0
drivable area 0 0 0 0
drivable area 0 0 0 0
lane 0 0 0 0
lane 0 0 0 0
lane 0 0 0 0
lane 0 0 0 0
lane 0 0 0 0
lane 0 0 0 0
lane 0 0 0 0
lane 0 0 0 0