traffic light 0.44626907734375 0.29273089027777777 0.01481326562499996 0.04102668611111109
traffic light 0.28956033593749997 0.23174528333333333 0.02136227500000003 0.060431195833333326
traffic sign 0.075373846875 0.1307494277777778 0.019491139062500006 0.0762320027777778
traffic sign 0.49944090546875 0.4432544527777778 0.027287590625000035 0.04989730972222222
traffic sign 0.54777892578125 0.5014679833333333 0.011694682812500013 0.03049280277777784
traffic sign 0.50100019609375 0.4973098736111111 0.016372553906249986 0.009702255555555596
traffic sign 0.5891001367187501 0.446026525 0.024169009374999995 0.01524640138888892
traffic sign 0.5836426179687499 0.4293940888888889 0.02105042890625004 0.013860363888888906
traffic sign 0.68530838515625 0.5375049305555556 0.02962652890624993 0.015246399999999957
car 0.15846294609375 0.4823406777777777 0.03976191796874999 0.05405542361111115
car 0.20368238437500003 0.49065689444444444 0.031965465625 0.03326487777777779
car 0.251240759375 0.4934289666666667 0.021050428906249995 0.023562622222222194
car 0.287884096875 0.5059032972222223 0.015105643749999986 0.026730708333333315
car 0.2990915125 0.5072893319444444 0.024948657031249998 0.028116750000000065
car 0.89951598359375 0.5474843902777777 0.02494865468749996 0.04296712777777777
car 0.9135496015625 0.5530285333333333 0.07328667812499993 0.0505903305555556
car 0.85819477265625 0.5474843902777777 0.04366015000000001 0.05266938333333337
car 0.8363646992187499 0.548870425 0.024948655468750046 0.045739204166666686
car 0.8067381703125 0.5502564611111112 0.03196546484375009 0.031878836111111045
car 0.76931518671875 0.5474843902777777 0.05847341171875007 0.04435316527777778
car 0.74193015078125 0.5502564611111112 0.033622199999999935 0.032274858333333295
car 0.7186382296875 0.5367921166666666 0.024169010156249993 0.03742298333333333
car 0.586098496875 0.5225357333333334 0.031185819531249947 0.033264873611111134
car 0.597793178125 0.5280798763888889 0.07786710625 0.051679370833333294
car 0.5404892359375 0.5294659138888889 0.032745110156249965 0.0166324347222222
car 0.5007273140625 0.5183776236111112 0.026507948437499974 0.02217658472222218
car 0.47499901484375 0.5169915861111112 0.021830073437500007 0.029106762499999977
car 0.46330433125 0.5128334777777778 0.017931845312500007 0.016632436111111166
car 0.439135321875 0.5114474402777778 0.017931846093750002 0.015246401388888841
car 0.40716985703124997 0.5059032972222223 0.02572830234375001 0.022176577777777755
car 0.39001765625 0.5059032972222223 0.021050428906249995 0.019404508333333265
car 0.57089540859375 0.5156055513888889 0.021050431250000036 0.020790545833333358
car 0.00062370703125 0.48630077638888886 0.052099807812499996 0.04344234027777784
car 0.09638366171875 0.48392471805555554 0.06315128671875 0.0595995666666667
car 0.32170120859375 0.4908549 0.07172738437499997 0.08870632777777779
car 0.97436195078125 0.5575826638888889 0.024987639062499945 0.04603620138888892
traffic light 0.31326156015625 0.22703276666666666 0.016372553124999988 0.06930181944444445
traffic light 0.45983489921875 0.2996610708333333 0.008576100781250063 0.03742298333333337
truck 0.06299534609375 0.42717642222222224 0.09199816874999998 0.11365498472222223
drivable area 0 0 0 0
drivable area 0 0 0 0
lane 0 0 0 0
lane 0 0 0 0
lane 0 0 0 0
lane 0 0 0 0
lane 0 0 0 0
lane 0 0 0 0
lane 0 0 0 0
lane 0 0 0 0
lane 0 0 0 0
lane 0 0 0 0
lane 0 0 0 0
lane 0 0 0 0
lane 0 0 0 0
lane 0 0 0 0