3 0.342954471875 0.4082809625 0.009228510156250013 0.028124980555555606
1 0.45105986640625 0.38015598194444444 0.01186522656250002 0.02343748194444441
1 0.44446807499999996 0.38953097500000006 0.01713866015625003 0.03046872916666664
1 0.4141458296875 0.4340621944444445 0.031640603124999965 0.08203119305555553
1 0.34954626484375 0.4246872013888889 0.07646479140625004 0.12421866388888887
1 0.465561809375 0.4340621944444445 0.026367169531249957 0.011718741666666609
1 0.46028837578125004 0.44343718749999994 0.030322243749999967 0.0539062138888889
1 0.465561809375 0.4457809361111111 0.04746090468749999 0.07265620000000005
1 0.5789406382812501 0.4106247111111111 0.03955075390624998 0.04453121805555556
1 0.68440931484375 0.4223434513888889 0.07250971640625004 0.03515622638888887
1 0.24012251171875 0.45984342638888887 0.14765614843750002 0.16874988333333332
1 0.43787628203124995 0.40593721388888887 0.014501942968750025 0.025781233333333375
1 0.48797390390624995 0.40593721388888887 0.015820301562500028 0.023437483333333377
1 0.46819852656250005 0.3848434777777778 0.01713866015624994 0.03046872916666664
1 0.45105986640625 0.4621871736111111 0.1990721296875 0.28359355694444444
1 0.01731993046875 0.42703095 0.17138660078125 0.13828115555555556
1 0 0.45515593055555553 0.271763115625 0.43124970277777774
1 0.76746589921875 0.42703095 0.05800777265624992 0.03281247638888887
1 0.43128448984374995 0.36609349166666666 0.017138657812500034 0.018749986111111148
1 0.41678254609375004 0.36609349166666666 0.013183585156249933 0.023437483333333377
1 0.456210071875 0.35006432916666663 0.008773270312499993 0.012130941666666692
