1 0.42588590859375 0.46919812222222224 0.023734167187499988 0.020253156944444427
1 0.23012649765624998 0.45063272916666663 0.09398730390624999 0.1721518277777778
1 0.0946828265625 0.43526471111111115 0.17322846015624999 0.26853247222222215
1 0.57246812265625 0.4742614125 0.051265801562500005 0.11139235972222229
1 0.62183519140625 0.4540082555555556 0.10822780312500005 0.17046406527777777
1 0.70009014921875 0.28740194444444445 0.29905051250000003 0.45232049166666666
1 0.48284791171875 0.46480995555555554 0.01803796640624995 0.05569617777777777
1 0.48664537812499997 0.45805890000000005 0.07310123750000005 0.09789025555555553
1 0 0.3633512805555556 0.1528480390625 0.4337550986111111
1 0.35468340703125 0.4540082555555556 0.08354426953125 0.1265822263888889
0 0.287183428125 0.42573822361111113 0.013291133593750004 0.02869197222222226
0 0.37832263046875003 0.32278467916666664 0.01044303515624998 0.037130788888888905
0 0.558227621875 0.30253152361111113 0.009493667187500065 0.03881854722222222
0 0.6037972234375 0.42067493472222217 0.009493667187499976 0.023628684722222223
0 0.28613913203124997 0.3780589180555556 0.020886068750000007 0.021940918055555553
0 0.6227845578125 0.3189872125 0.013291133593750004 0.05063289027777774
0 0.66835416015625 0.34261589444444446 0.019936700781249962 0.020253156944444427
