car 0.8186277640625 0.4712523861111111 0.1800981078125 0.4421456180555556
car 0.7656118710937501 0.418583 0.23311400078125005 0.23424015555555558
car 0.33602720625 0.4407595833333333 0.20426711796875 0.30770008472222216
car 0.53717574140625 0.46016409305555556 0.14111583359374996 0.1774126638888889
car 0.6611393750000001 0.4698663486111111 0.050676957812499965 0.1136549875
car 0.24091045625000002 0.5031312236111111 0.038202628906249994 0.040195056944444474
drivable area 0 0 0 0
drivable area 0 0 0 0
lane 0 0 0 0
lane 0 0 0 0
lane 0 0 0 0
lane 0 0 0 0
lane 0 0 0 0
lane 0 0 0 0
lane 0 0 0 0
lane 0 0 0 0
lane 0 0 0 0
lane 0 0 0 0