1 0.0277353734375 0.4828717888888889 0.1147670609375 0.1139169375
1 0.14058965234375 0.5083755819444444 0.03538651171875 0.07141061805555553
1 0 0.5355796263888889 0.0334737265625 0.06630985972222227
0 0.32708612890625 0.41656193055555557 0.011476706249999991 0.03060454861111105
0 0.30413271640625 0.41486167916666666 0.01338949062500001 0.03230480416666666
0 0.81580253671875 0.39445864305555556 0.021040628125000006 0.04250631944444447
0 0.6933843359375 0.1751260361111111 0.022953411718749983 0.07651137499999999
0 0.31752220703125 0.26523943333333333 0.01338949140625001 0.049307330555555536
0 0.40933585703124997 0.4301639527777778 0.010520312500000007 0.023803540277777795
0 0.46958856484375 0.43526471111111115 0.01052031484375 0.020403033333333317
0 0.4361148390625 0.4539674902777777 0.007651137499999993 0.018702779166666676
0 0.5260157046875 0.46246875555555556 0.00956392187499997 0.015302274999999968
1 0.48106527109375 0.49817406249999996 0.02008423671874997 0.025503791666666664
1 0.46193742734375 0.49477355833333336 0.017215058593750054 0.03060454861111113
1 0.42559452421875 0.49137305416666666 0.022953411718749983 0.028904297222222257
1 0.23335969453125 0.49817406249999996 0.025822589062500033 0.03570530972222225
0 0.78997994765625 0.3094460055555555 0.01530227421874999 0.023803540277777795
0 0.8129333601562501 0.33324954305555554 0.02199702031249995 0.023803540277777754
0 0.67234370859375 0.18702780555555557 0.01625866718749993 0.06801011249999998
