1 0.0007922296875 0.5429125569444444 0.1720003140625 0.2246534708333334
1 0.7238955921875 0.32865971111111114 0.27496648906250004 0.4701081888888889
1 0.6361403296875 0.44098644444444446 0.17317038437499993 0.2288137222222222
1 0.53668436484375 0.4825889416666667 0.052653157031249974 0.06656399166666663
1 0.16343198046875002 0.4950696888888889 0.11817708906249999 0.15184910694444448
1 0.267568228125 0.5054703125 0.0631837875 0.0915254861111111
1 0.35298335000000003 0.5033901888888889 0.03978238437499999 0.05408324444444443
1 0.38808545390625004 0.5075504347222222 0.02223133281249994 0.039522370833333376
1 0.4044664359375 0.4992299402777778 0.02457147500000003 0.0291217458333333
1 0.42786783984375 0.4929895652777778 0.01872112187499999 0.031201870833333346
1 0.51328296171875 0.4763485666666667 0.03393203593749998 0.05616336805555551
1 0.49807205078125005 0.4909094388888889 0.023401403125000008 0.03744224999999998
1 0.48169106953125 0.4992299402777778 0.018721120312499995 0.022881370833333314
1 0.47233050624999995 0.4950696888888889 0.014040839843750064 0.024961494444444475
1 0.44190868125 0.4909094388888889 0.015210912499999996 0.027041622222222214
0 0.62443962734375 0.3328199597222222 0.03159189374999993 0.049922993055555566
0 0.28979956015625 0.4389063194444444 0.009360560156249998 0.031201873611111115
0 0.46179987578125 0.4805088152777778 0.009360560156250041 0.018721120833333375
0 0.2974903390625 0.4753085013888889 0.012870771874999987 0.020801252777777772
