traffic sign 0.8175867 0.2646013958333333 0.027969610937499924 0.09696132083333334
traffic sign 0.8161882195312501 0.1601815125 0.02936809296874987 0.10690607222222223
traffic sign 0.74906115078125 0.3367008416666667 0.040555937500000014 0.024861874999999974
traffic sign 0.05541477421875 0.3018942125 0.025172650000000008 0.02983425277777777
traffic sign 0.06520413515625 0.3615627166666667 0.02237568984375 0.01491712500000004
traffic sign 0.07779046171875001 0.4137726583333333 0.016781767968749993 0.01491712777777781
traffic light 0.0274451609375 0.2521704583333333 0.012586324999999999 0.05469612916666667
traffic light 0.0624071765625 0.43117597222222226 0.016781767968750007 0.01988949999999995
traffic light 0.58124347890625 0 0.016781767187499953 0.058602994444444445
traffic light 0.54907842578125 0 0.02657113124999997 0.06357536944444445
traffic light 0.646972065625 0.37434883055555557 0.009789364062500017 0.039779002777777746
traffic light 0.21344308046875 0.1750986361111111 0.012586327343750004 0.06712706944444446
traffic light 0.2288263671875 0.1726124486111111 0.013984806250000004 0.0745856361111111
car 0.41482428671875005 0.46633777916666663 0.037758976562499935 0.0671270680555556
car 0.4078318828125 0.45390684444444446 0.018180247656249992 0.027348063888888892
car 0.4665680703125 0.4489344652777778 0.009789364062500017 0.019889498611111063
car 0.311336721875 0.4762825305555556 0.020977209374999983 0.06215469444444442
car 0.8008049335937499 0.43898971666666664 0.1594267890625 0.10690607222222223
car 0.73088090234375 0.46136540277777777 0.08950275859374993 0.05718231666666666
traffic sign 0.65116750859375 0.42158640000000003 0.025172651562500016 0.01988949999999995
traffic sign 0.56166475078125 0.40880028333333335 0.018180246874999993 0.014917126388888846
traffic sign 0.56306323125 0.4262035972222222 0.013984806249999959 0.02983425555555562
truck 0.43020757421875 0.4411207263888889 0.034962014843749945 0.052209941666666676
truck 0.51411641015625 0.4336621611111111 0.03636049609375007 0.047237568055555575
car 0.19526283125 0.45852403888888893 0.12306629375 0.10690607361111112
car 0.3309154515625 0.44609309999999996 0.09509668046875 0.1292817638888889
car 0.4539817453125 0.451065475 0.10628452421874997 0.14171270138888895
car 0.019054277343750002 0.4808997291666667 0.07691643359375 0.07209944583333328
car 0 0.45603785 0.02324971796875 0.16906076527777777
person 0.11135399609375 0.47344116527777774 0.013984806250000004 0.07707181944444447
person 0.56725867265625 0.4709549777777778 0.02097721015624998 0.06464088194444449
person 0.7518581125 0.44609309999999996 0.018180246874999993 0.07458563194444447
person 0.58780913125 0.47483973333333335 0.014622117187500016 0.060654709722222186
car 0.61705336640625 0.4661747736111111 0.06726174140624996 0.0589217194444445
drivable area 0 0 0 0
lane 0 0 0 0
lane 0 0 0 0