3 0.23623258359375 0.51560555 0.015592910156250018 0.08177614999999999
3 0.2611812390625 0.5197636597222222 0.017931846093750002 0.08039011250000007
3 0.37267054375 0.5100614041666667 0.014033618749999999 0.05128334861111112
1 0.74222250625 0.5142195138888889 0.25728301093750006 0.33403477916666674
1 0.53171822421875 0.48927085833333334 0.08264242187499997 0.13860364166666667
1 0.446736865625 0.4962010402777778 0.06938844843750003 0.10118065833333334
1 0.6283942648437499 0.5017451861111111 0.032745110156250055 0.04989731249999999
1 0.6057845453125 0.4920429305555556 0.019491137500000023 0.03187883888888889
1 0.5106677953125 0.4962010402777778 0.031185820312500036 0.05405541944444441
1 0.480261621875 0.48649878611111114 0.02884688281250005 0.03187883888888889
1 0.5784969531249999 0.4934289680555556 0.017931846093750002 0.02079054583333328
1 0.56056510703125 0.4962010402777778 0.013253973437500033 0.01247432638888889
1 0.56056510703125 0.48649878611111114 0.009355746093750028 0.009702255555555518
1 0.57381908046875 0.4698663486111111 0.02027078203124999 0.02494865694444444
0 0.45297402968749995 0.47263842083333335 0.010135391406250083 0.020790545833333358
0 0.38748380859375 0.4074947111111111 0.03352475546874998 0.01247432638888889
0 0.68608803046875 0.4033366 0.017931846875 0.020790544444444396
0 0.6322924921874999 0.42274110972222223 0.03508404687500004 0.02494865694444444
0 0.8318817375 0.3465091069444445 0.02027078203125008 0.016632436111111086
0 0.8162888273437501 0.37007172638888886 0.031185819531249947 0.01940450972222223
0 0.8131702453124999 0.2702771027777778 0.02884688359375005 0.0346509125
0 0.42256785546875 0.38393209166666664 0.0062371640624999895 0.01940450972222223
0 0.28301131328125 0.40888074583333334 0.009355746093749983 0.04019505555555559
0 0.2627405296875 0.4573920208333333 0.011694682812499968 0.026334691666666684
0 0.83733925546875 0.4407595833333333 0.01559290937500002 0.026334691666666684
0 0.4545333203125 0.3631415430555555 0.00779645468750001 0.03326487500000002
0 0.63852965625 0.38670416249999995 0.007016809375000044 0.02772072777777781
0 0.74066321484375 0.46432220277777775 0.009355746093750028 0.016632437500000048
0 0.7250703054687501 0.4241271444444444 0.019491136718749934 0.012474327777777856
0 0.38280593515625 0.4407595833333333 0.0062371640624999895 0.02772072777777773
0 0.371111253125 0.4712523861111111 0.00857610000000002 0.02217658194444449
0 0.38124664453125 0.4255131833333333 0.01637255468750003 0.01247432638888889
1 0.14657335234375 0.5183776250000001 0.04288050078125001 0.0623716375
1 0.88333833984375 0.47402445833333334 0.08186277734375 0.044353163888888894
