traffic light 0.3680858078125 0.4806248222222222 0.008437496875000016 0.018749993055555574
car 0.43242172265625 0.471249825 0.010546871875000008 0.029999990277777756
car 0.44296859531250005 0.471249825 0.01898436874999998 0.041249987500000015
car 0.4598435890625 0.473124825 0.014765619531249996 0.04687498472222218
car 0.47249983437500004 0.471249825 0.01160155859374994 0.05812498055555556
car 0.48304670625 0.46937482500000005 0.01792968124999996 0.061874979166666656
car 0.4957029515625 0.46562482777777775 0.025312491406250005 0.06937497500000005
car 0.419765478125 0.476874825 0.016874992968750037 0.031874987500000014
car 0.39023423828125 0.4806248222222222 0.014765620312499995 0.02624999027777777
car 0.37652330625 0.4843748222222222 0.013710932031249979 0.024374990277777817
traffic light 0.35542956328124997 0.47187481527777775 0.009492183593749991 0.01124999722222226
car 0.24996084999999998 0.4356248375 0.10652340078125003 0.15187494722222222
car 0.0411327984375 0.45062483333333336 0.15925775625 0.16874994166666665
car 0.49992169999999997 0.46937482500000005 0.07593747343750001 0.10312496388888882
car 0.40499985859375 0.4806248222222222 0.014765619531249996 0.029999987499999985
car 0.35648425078125 0.4881248194444444 0.014765619531249996 0.029999990277777833
car 0.20173566874999999 0.48603789583333334 0.028496046875000004 0.04010554722222221
drivable area 0 0 0 0
drivable area 0 0 0 0
lane 0 0 0 0
lane 0 0 0 0