traffic light 0.60149353046875 0.43670694861111115 0.016839232031250085 0.03661016249999997
traffic light 0.67271173671875 0.4515253361111112 0.012870760937500059 0.024406776388888888
traffic light 0.46969693984375 0.511016851388889 0.01252754453125 0.016779654166666644
traffic light 0.5486376015625 0.5186439680555556 0.009438558593750025 0.015254236111111099
traffic sign 0.7147562203125 0.43108467222222224 0.010296608593750011 0.03050846944444443
traffic sign 0.74392994375 0.4035442 0.013105453906250019 0.024489627777777735
traffic sign 0.7353494367187501 0.3822711236111111 0.016302963281250006 0.02288135138888892
traffic sign 0.748220196875 0.428033825 0.029173723437499976 0.0396610111111111
traffic sign 0.96221805859375 0.35938977499999997 0.012870760156249971 0.03203389166666671
car 0.5812435554687501 0.5226100819444445 0.014586858593749951 0.02745762083333329
traffic sign 0.567171503125 0.5271863486111111 0.012355949999999982 0.015864394444444468
car 0.49715458671875 0.540915161111111 0.013728811718749956 0.010677966666666648
car 0.48376896562500005 0.540915161111111 0.014243673437499993 0.012203388888888927
car 0.359866453125 0.5317626166666667 0.062294483593750005 0.03722032916666665
car 0.5551587921875 0.5323727791666667 0.011154659374999997 0.015254234722222215
bus 0.6203706453125 0.5083473625 0.0334639765625 0.05186439722222218
traffic sign 0.6472042375 0.49342681250000003 0.01092063750000003 0.021022245833333307
car 0.25381138203125003 0.5268812583333333 0.040328381249999976 0.057966094444444456
car 0.0985042078125 0.5497626097222222 0.06778600625 0.05644066666666671
car 0.04530506484375 0.55891515 0.05234109296875 0.050338973611111094
car 0.0015444796875 0.5482371875 0.04376058671875 0.10372879166666667
car 0.8420726796875 0.5221113083333333 0.15561933203125006 0.2516950958333334
car 0.66436525078125 0.5043005916666666 0.08175268359374996 0.0953145458333333
car 0.18448089765625 0.5359321166666666 0.06950210546875002 0.06559320555555553
drivable area 0 0 0 0
drivable area 0 0 0 0
drivable area 0 0 0 0
lane 0 0 0 0
lane 0 0 0 0
lane 0 0 0 0
lane 0 0 0 0
lane 0 0 0 0
lane 0 0 0 0
lane 0 0 0 0
lane 0 0 0 0
lane 0 0 0 0