1 0.0007796453125 0.29938386666666666 0.21362286406249997 0.4227411125
1 0.66971547578125 0.3465091069444445 0.32901039609375005 0.35759739583333333
1 0.56836156171875 0.4158109277777778 0.12318398750000004 0.1316734611111111
1 0.555887234375 0.44214561944444447 0.021830074218750006 0.06098560277777775
1 0.530938578125 0.44630372916666666 0.024169011718750077 0.03742298333333333
1 0.34850153359374997 0.4255131833333333 0.06626986718749998 0.0900923666666667
1 0.40541565390625 0.4310573277777777 0.028846882812499964 0.0734599319444445
1 0.43270324687499995 0.4393735486111111 0.013253972656250034 0.04989730972222222
1 0.446736865625 0.44214561944444447 0.012474328125000067 0.03465091111111107
1 0.45687225703124995 0.4407595833333333 0.011694682031250014 0.030492798611111108
1 0.46622800390624997 0.4435316569444444 0.01091503593750005 0.01940450972222223
1 0.49117665859375004 0.4476897652777778 0.014033618749999999 0.022176583333333295
1 0.5215828328125001 0.44630372916666666 0.01091503671874996 0.02494865277777778
1 0.5106677953125 0.4435316569444444 0.010915037500000047 0.020790545833333358
