car 0.400646025 0.4162646083333333 0.007798463281250001 0.015596927777777835
car 0.4094192953125 0.4145316138888889 0.010722886718750057 0.039858809722222256
car 0.3889483296875 0.4197305902777778 0.01072288750000001 0.017329919444444404
car 0.376275828125 0.40413366805555556 0.014622118750000013 0.022528891666666655
car 0.33045985859375004 0.42319657361111107 0.012672502343749992 0.02079590000000001
car 0.09358155234375 0.38680375 0.10332963125000001 0.10744548472222222
car 0.3431323625 0.4197305902777778 0.028269428124999996 0.03985880972222217
car 0.376275828125 0.42146358194444444 0.020470964843749995 0.031193851388888857
car 0.41624295 0.41279862222222224 0.04191673749999998 0.0623877027777778
car 0.46985738125000004 0.4179976 0.04289154374999997 0.046790776388888844
car 0.51372373515625 0.4162646083333333 0.07311058828124999 0.07971761944444451
car 0.25442484765625 0.41279862222222224 0.05069000781249997 0.06758668055555551
car 0 0.3850707569444444 0.15889367890625 0.2651477333333333
car 0.66091971875 0.3781387888888889 0.017546542968749978 0.055455736111111126
car 0.61022971171875 0.37987178055555554 0.058488471093750063 0.01906290833333336
car 0.727206653125 0.37120682222222223 0.037042698437499945 0.06065471388888892
car 0.70186165 0.38853674027777774 0.03314346640624999 0.04505778472222228
car 0.7535264640625 0.34521194722222226 0.09553116875 0.08838257777777779
car 0.8159141679687499 0.3764057944444445 0.04679077656250001 0.06412069722222222
truck 0.67651664453125 0.3348139972222222 0.11307771015624998 0.10224651111111108
truck 0.848082825 0.26549432638888887 0.1510952171874999 0.17503216527777782
drivable area 0 0 0 0
drivable area 0 0 0 0
drivable area 0 0 0 0
drivable area 0 0 0 0
lane 0 0 0 0
lane 0 0 0 0
lane 0 0 0 0
lane 0 0 0 0
lane 0 0 0 0
lane 0 0 0 0
lane 0 0 0 0
lane 0 0 0 0
lane 0 0 0 0