0 0.5580475054687499 0.5627128541666667 0.006459713281250057 0.015311915277777801
0 0.4956036046875 0.6048206194444444 0.007895206249999998 0.011483936111111129
1 0.39799015078125 0.6112005833333333 0.03588729921875004 0.05231570972222228
1 0.35994961328124997 0.6060966125 0.036605045312500015 0.06379964444444444
1 0.3341107578125 0.6112005833333333 0.04234701328125001 0.0689036166666667
1 0.40014338828125 0.6009926402777778 0.13996046796875 0.2028828666666666
1 0.30442298671875 0.6129869861111111 0.04665348906249998 0.07783556388888889
1 0.74224803984375 0.6078830138888889 0.11842808828124998 0.1709830444444444
3 0.64951526015625 0.6188565402777778 0.012919428124999932 0.052315708333333315
3 0.63587808671875 0.6150285624999999 0.014354919531249965 0.06124765694444447
3 0.62654738828125 0.6188565402777778 0.00933069843750003 0.04721173611111114
1 0.64449103828125 0.6277884916666667 0.031580823437499995 0.04848772777777776
