0 0.74637216328125 0.30515603333333335 0.035595678125000065 0.06328120694444443
1 0.4866555453125 0.4340621944444445 0.027685528125000046 0.049218718055555555
1 0.30340371796875 0.4106247111111111 0.08437494218750001 0.15703114027777781
1 0.19793503984375 0.4481246847222222 0.14106435703124998 0.1945311166666667
1 0.61585467578125 0.3567184972222222 0.050097621875 0.1546873944444445
1 0.6303566179687501 0.4340621944444445 0.10415031953124991 0.10546867777777773
1 0.3825052265625 0.4223434513888889 0.11865226249999998 0.2085936069444444
1 0.5090676390625 0.2981247875 0.11733390390625002 0.2507810777777778
1 0 0.30515603333333335 0.24407758671875 0.26249981944444445
1 0.0001812703125 0.5160933875 0.23466780781250002 0.33515602361111113
1 0.7397803710937499 0.3848434777777778 0.23598616640625006 0.23906233611111105
0 0.7358252960937499 0.3215622736111111 0.015820301562500028 0.021093733333333337
