0 0.506250021875 0.21058042361111112 0.010100514062499944 0.0413542861111111
0 0.39147144921875 0.17357920277777777 0.010100514062499987 0.029383316666666676
0 0.495231278125 0.21166867638888887 0.01193697187499998 0.03917775416666668
0 0.38320739140625004 0.1692261111111111 0.009182285937499968 0.03591294166666668
0 0.24180018984374999 0.2301693 0.029383314062500034 0.0195888763888889
0 0.31709493359374996 0.3417170597222222 0.01928279921875 0.01795647083333335
0 0.4447287078125 0.3183192444444444 0.008264057812499993 0.01632406388888891
0 0.5778718515625 0.27750908472222224 0.021119257812499993 0.013059251388888882
0 0.56318019453125 0.3297460875 0.021119257812499993 0.01632406388888891
0 0.8502796710937499 0.15671101111111113 0.03581091484375012 0.03917775416666665
1 0 0.24105200833333335 0.1481408734375 0.3068923986111111
1 0.11783933124999998 0.3183192444444444 0.15426240234375 0.19915357638888886
1 0.25924653203125 0.35749699444444444 0.058766629687500016 0.11753326111111116
1 0.41473324375000004 0.37055624722222225 0.021119257812499993 0.026118501388888878
1 0.4900279890625 0.37055624722222225 0.015609885156250058 0.03428053194444445
1 0.501964959375 0.37055624722222225 0.019282800781250043 0.0408101597222222
1 0.50747433125 0.37055624722222225 0.02938331406249999 0.052237002777777757
1 0.6112341609375 0.39939542638888886 0.12120617343750002 0.17466748194444442
1 0.66694003984375 0.36239421527777776 0.33209266171875 0.32811368194444446
1 0.9705676140625 0.6872430847222222 0.028465087500000052 0.17466748194444442
1 0.3786162484375 0.36130593611111106 0.035810914843749986 0.048972191666666734
1 0.46401150703124994 0.3564087152777778 0.027546857031250038 0.048972190277777765
1 0.435546421875 0.3487908291666667 0.0257104 0.0522370027777778
