traffic sign 0.20372355625 0.19209968611111114 0.019500564843750023 0.03670694583333333
traffic sign 0.4565426453125 0.11052869444444444 0.01491219687499994 0.020392745833333337
traffic sign 0.2273536546875 0.1920996888888889 0.011470921093749985 0.01835347361111109
traffic sign 0.30558533046875 0.18353473194444445 0.009176735937499991 0.016314197222222247
traffic light 0.10782665546875 0.13948639722222222 0.01147091953124999 0.04894259444444443
traffic light 0.18812310000000002 0.16803624583333335 0.00917673671874999 0.030589122222222227
traffic sign 0.18238763984375 0.15376131944444446 0.0183534734375 0.012235648611111098
traffic light 0.30994427578125 0.10889727361111111 0.008029643749999992 0.026510575
traffic light 0.445301140625 0.10277945138888889 0.008029644531250036 0.03262839722222222
traffic light 0.28541737578125004 0.18638971666666665 0.008467610156249972 0.024471297222222237
traffic light 0.1789463640625 0.17605739444444446 0.008029644531250013 0.04078549722222221
car 0 0.23324784444444444 0.13744249765625 0.33036251805555555
car 0.10667956406250001 0.24012460833333332 0.09864991796874997 0.10808156388888888
car 0.43417435078125 0.22788895972222223 0.03785403828125 0.08972808888888892
car 0.45252782421875004 0.22788895972222223 0.026383117187499926 0.03874622083333333
traffic sign 0.48923477109375 0.1983194736111111 0.016059288281249983 0.03058912083333334
car 0.23744805859375 0.22228095277777776 0.04244240781249999 0.06933534305555555
car 0.29250847890625 0.1624622375 0.16632835156250003 0.26918427222222224
car 0.52422107890625 0.21752265416666666 0.08029644453125 0.11419938888888888
car 0.618282628125 0.20936555694444445 0.16632835156250003 0.1631419833333333
car 0.89989373359375 0.31404831805555555 0.10010626640625002 0.2691842736111111
person 0.888525196875 0.3097060930555555 0.04020223359375006 0.16147069861111116
car 0.051723155468750004 0.22764721388888887 0.0967831546875 0.14029421388888888
drivable area 0 0 0 0
drivable area 0 0 0 0
drivable area 0 0 0 0
lane 0 0 0 0
lane 0 0 0 0
lane 0 0 0 0
lane 0 0 0 0
lane 0 0 0 0
lane 0 0 0 0
lane 0 0 0 0
lane 0 0 0 0
lane 0 0 0 0
lane 0 0 0 0