traffic sign 0.67654125390625 0.12707631527777777 0.04288825781250001 0.07624579999999999
traffic sign 0.33469660234375 0.18986696944444445 0.12109625937499997 0.04709299166666669
traffic sign 0.306945375 0.22574734305555555 0.012614195312499988 0.02691028194444445
car 0.284239825 0.2661127652777778 0.04288825781250001 0.07624579305555557
car 0.2236916984375 0.2661127652777778 0.08829935390624999 0.12782382777777776
car 0.000420465625 0.21378721527777778 0.23840826171874996 0.2855479722222223
car 0.49111260703125004 0.286295475 0.05802529062500002 0.06503318472222222
car 0.29559259921875 0.2481725847222222 0.19552000468750003 0.32292335833333335
traffic sign 0.5097589859375 0.2351287486111111 0.013334678906250019 0.0249537861111111
drivable area 0 0 0 0
lane 0 0 0 0
lane 0 0 0 0
lane 0 0 0 0
lane 0 0 0 0
lane 0 0 0 0