0 0.42073762109375 0.36843724027777774 0.009228509374999926 0.02109373472222226
0 0.47742703671875003 0.3989059680555555 0.007910150781249925 0.01874998750000003
0 0.55652854375 0.2981247875 0.026367169531249957 0.058593709722222206
0 0.6606788625 0.23249983333333332 0.021093735937500035 0.03515622500000003
1 0.41019075390625004 0.41296845972222224 0.014501942968750025 0.02578123194444449
1 0.39832552734375 0.4082809625 0.014501942968750025 0.03984372222222221
1 0.38646030078125004 0.4106247111111111 0.017138660156249985 0.0351562236111111
1 0.366684925 0.41531220555555554 0.026367168750000003 0.03984372499999998
1 0.36272984921874996 0.4246872013888889 0.02241209375000004 0.04453121944444444
1 0.35218298125 0.4223434527777778 0.021093735156249994 0.0515624638888889
1 0.33899939609374996 0.4223434527777778 0.023730452343749996 0.06093745833333336
1 0.26780803984375 0.4106247111111111 0.08041986718750001 0.07968744166666665
1 0.23616743593749998 0.42937469722222227 0.07910150859375001 0.09843743194444446
1 0.11883353203125 0.40359346527777773 0.14106435546874999 0.16406238750000005
1 0.5051125640625 0.3942184722222223 0.035595678124999974 0.08906243888888889
1 0.5262062992187501 0.3824997319444445 0.07778314999999995 0.13593740416666666
1 0.54861839296875 0.40124971805555554 0.11733390312500003 0.17812487638888888
1 0.5908058640625 0.39187472500000003 0.32036110859375 0.3187497805555556
1 0.42996613203124995 0.41296845972222224 0.07778314921875004 0.07968744444444442
1 0 0.38953097500000006 0.1662944375 0.3187497805555556
1 0.83470218125 0.49499965277777774 0.1647948078125001 0.39609347777777776
0 0.09378472109375 0.3482810111111111 0.02636716953125 0.03281247777777779
