traffic sign 0.45815968671874996 0.47137375 0.006823654687500014 0.017329916666666712
traffic sign 0.42404141328125 0.4696407597222222 0.031193851562500007 0.020795898611111124
traffic sign 0.43086506796875 0.4627087902777778 0.015596925781250003 0.00693196944444444
traffic sign 0.40162083359375 0.45750981527777773 0.014622116406250019 0.010397950000000043
traffic sign 0.39577198515625 0.4679077652777778 0.028269427343749997 0.02252889305555554
traffic sign 0.33435909140625003 0.4696407597222222 0.03021904218749998 0.020795898611111124
traffic sign 0.33435909140625003 0.4609758 0.011697692968749961 0.008664959722222202
car 0.450361225 0.5233635013888889 0.007798461718750005 0.012130941666666612
car 0.43963833750000003 0.5250964916666667 0.00974807890624998 0.01039795138888885
car 0.42599102890624996 0.5233635013888889 0.014622116406250019 0.02426188472222219
car 0.41526814296875003 0.5233635013888889 0.02047096484374995 0.041591799999999936
car 0.3801750609375 0.5181645263888889 0.016571732812499997 0.025994873611111066
car 0.31876216562500004 0.5216305097222222 0.01364731093749998 0.013863933333333339
car 0.20081041640625 0.5043005902777777 0.04971520000000003 0.020795901388888892
car 0.1920371453125 0.5060335847222223 0.013647310156249981 0.012130943055555576
car 0.18033945234374998 0.5025676 0.012672501562499994 0.015596926388888871
car 0.16376771796875 0.5043005902777777 0.009748078125000004 0.01039795138888885
car 0.14329675390625002 0.5043005902777777 0.020470964843749995 0.00693196944444444
car 0.11600213359375 0.49390264305555553 0.02924423515625001 0.019062909722222247
car 0.02144577265625 0.49043665833333333 0.04191673671875 0.015596926388888871
car 0.0272946203125 0.5216305097222222 0.10332963124999998 0.04332479444444443
car 0.33825832265625 0.5146985444444444 0.036067889062499955 0.053722741666666705
car 0.37920025156250003 0.5216305097222222 0.04776558437499996 0.05718872638888889
car 0.44841160859375 0.49910161805555553 0.07603501171874996 0.11091147083333336
car 0.1754654125 0.5198975194444444 0.11502732578125001 0.1074454861111111
drivable area 0 0 0 0
drivable area 0 0 0 0
drivable area 0 0 0 0
lane 0 0 0 0
lane 0 0 0 0
lane 0 0 0 0
lane 0 0 0 0
lane 0 0 0 0
lane 0 0 0 0
lane 0 0 0 0
lane 0 0 0 0
lane 0 0 0 0