1 0.10867868046875 0.5762847444444444 0.08104003984375001 0.06225298055555552
1 0.1286885671875 0.5816207138888889 0.07603756875000003 0.06403163611111111
1 0.36458013203125 0.5353756291666667 0.09604745468749995 0.10671939305555556
1 0.19349560234375002 0.4873519013888889 0.17808798984375002 0.2063241652777778
1 0.5766849374999999 0.5496048805555556 0.10905388125000001 0.11205536388888891
1 0.6487205281249999 0.6083005472222223 0.051025211718750005 0.06581029444444439
1 0.462628584375 0.5851780125 0.05302619921875005 0.08893282916666666
1 0.73416273828125 0.6029645805555556 0.2641305023437501 0.2258893861111111
2 0.59354325859375 0.5860673416666666 0.0410202671875 0.11561267777777778
1 0.5930608726562501 0.6222757152777778 0.04202076093749998 0.09249014444444449
