1 0.01491596640625 0.5599487625 0.10096957578125001 0.08227150694444442
1 0.09905728046875 0.5767770222222222 0.041018891406250015 0.03739614027777781
1 0.187405659375 0.5674279902777778 0.047329490624999984 0.03739613888888885
1 0.24420104843749998 0.5580789555555555 0.02103532812500002 0.011218841666666653
1 0.267339909375 0.5562091486111111 0.019983562499999996 0.013088648611111055
1 0.28713223593750004 0.49637532500000003 0.08203778124999998 0.13468453194444438
1 0.3807394484375 0.5039129805555556 0.030501224999999986 0.059833823611111114
1 0.41387008906249995 0.5300902819444444 0.016828263281250068 0.029916911111111076
1 0.45278544765625 0.528220475 0.013672963281250006 0.020567876388888903
1 0.4664584109375 0.5263506666666667 0.014724729687499938 0.02056787777777779
1 0.48433844062500003 0.5207412458333334 0.024190627343749948 0.02991691250000004
1 0.6294822078125 0.49830355972222223 0.02839769375000003 0.044875368055555497
1 0.65051753671875 0.47212626527777773 0.049433021875000004 0.048614980555555576
1 0.696795259375 0.4796054930555555 0.04732948906250005 0.03739613888888892
1 0.74622828125 0.4665168430555556 0.06100245312499997 0.04674517499999998
1 0.8209036984375 0.44220935 0.09255544609374997 0.061703630555555514
1 0.9145109109374999 0.44407915694444444 0.057847153125000085 0.057964016666666715
1 0.35970411796875 0.5170016319444445 0.038915357812500016 0.07479228055555553
1 0.49433022109375 0.45155838749999994 0.1482990671874999 0.20380896250000002
1 0.42912070234375 0.528220475 0.03260475937500003 0.04487536527777781
0 0.34287585625 0.4777356861111111 0.01472473046874998 0.022437683333333305
0 0.18826619140625 0.3337605472222222 0.037863591406249994 0.02243768472222219
0 0.03786359140625 0.36180765277777777 0.09255544609375 0.07479227916666666
0 0.44963014843750004 0.4852149138888889 0.005258832031249927 0.01682826250000002
0 0.44331954921875 0.49082433194444447 0.003155299218749974 0.014958456944444422
0 0.47592430859375 0.488954525 0.003155299218749974 0.014958455555555538
1 0.96815099765625 0.43099050833333336 0.030501226562499893 0.061703630555555514
0 0.06986733984375 0.4647805972222222 0.029449460156250006 0.028047104166666673
0 0.08354030390625 0.50591635 0.010517665624999995 0.016828263888888903
