1 0.42055635156250004 0.25546857361111114 0.21093735468750002 0.25136701527777777
0 0.26499005234375 0.05683589861111111 0.358593503125 0.17343738055555555
0 0.30454080546875 0.34042945277777775 0.017138660156249985 0.02812498472222222
0 0.23730452265625002 0.33339820694444444 0.03691403828124997 0.030468727777777795
0 0.13579092265624998 0.3474606986111111 0.011865225781249999 0.021093734722222222
0 0.13579092265624998 0.3685544333333333 0.011865225781249999 0.014062491666666687
0 0 0.22792953055555557 0.02504881171875 0.018749986111111106
0 0.05273433984375 0.2349607763888889 0.043505828125 0.02578123194444445
0 0.12656241328125 0.24433577083333333 0.042187471093750005 0.021093736111111108
0 0.15556629921875 0.3263669625 0.0250488109375 0.02343748472222222
0 0.19643541171875 0.3263669625 0.026367169531249977 0.03046872916666664
0 0.2663084109375 0.15527333055555556 0.35200171015625 0.11953116805555557
0 0.38496067265625 0.26542950555555556 0.014501942968749982 0.030468727777777795
0 0.31245095703125003 0.24902326666666666 0.017138660156249985 0.03281247499999999
0 0.08437494296875 0.3029294791666667 0.015820300781249998 0.018749986111111106
0 0.1713866 0.35214819583333334 0.010546868750000016 0.014062491666666649
0 0.11865226328125 0.3779294277777778 0.011865226562499998 0.016406240277777723
0 0.059326131250000004 0.3216794680555556 0.013183584375000001 0.014062488888888877
0 0.17006824296875 0.3685544333333333 0.011865226562499998 0.016406236111111066
1 0.04877926328125 0.3615231888888889 0.04218747109375 0.025781233333333375
1 0 0.35214819583333334 0.021093734375 0.03046872916666668
1 0.25971661875 0.36621068472222223 0.05141598046875 0.04687496944444444
1 0.14897450625 0.3732419277777778 0.030322244531250007 0.01874998888888884
1 0.23994124140625 0.3802731763888889 0.017138659374999986 0.02109373472222218
1 0.26762676875 0.3896481694444444 0.03427732031249997 0.056249962500000014
1 0.29926737265625 0.41074190694444446 0.031640603125000014 0.0468749638888889
1 0.3111325984375 0.38261692500000005 0.027685528125000004 0.03046872916666664
1 0.32431618281249996 0.3685544333333333 0.08701165781250002 0.1312499111111111
0 0.46671938828125 0.2703401916666667 0.01625866718750002 0.02720404444444446
