0 0.38337469140625 0.42241940833333336 0.006123992187499994 0.026129036111111108
0 0.18128292968749998 0.4572581222222222 0.004899194531250007 0.023951615277777765
0 0.1384149796875 0.5661291041666666 0.009798390624999986 0.015241938888888898
0 0.36990190625 0.5008065166666666 0.004899193749999986 0.02177419583333331
0 0.44461461875 0.4833871597222222 0.0024495960937500174 0.021774195833333385
0 0.46911058828124996 0.4877419986111111 0.0048991937500000304 0.01741935694444447
0 0.49850575468749997 0.4986290972222222 0.007348789843750048 0.019596776388888928
0 0.44094022187500004 0.5138710333333333 0.004899193749999942 0.019596776388888848
0 0.40052187109375004 0.5225807124999999 0.004899194531250028 0.019596776388888928
0 0.4495138109375 0.5247581319444444 0.0073487914062500435 0.019596776388888928
0 0.15188776640624999 0.5639516861111111 0.0061239921875000155 0.019596775000000042
0 0.18863172265625 0.4616129625 0.01102318671875 0.03048387638888891
1 0.30621238125 0.5617742666666666 0.022046374218749998 0.026129034722222222
1 0.29763879140625 0.5704839444444445 0.017147179687500014 0.026129036111111108
1 0.27069322421875 0.5704839444444445 0.029395165624999997 0.03483871388888886
1 0.20700370078125002 0.5944355611111111 0.040418351562499975 0.03701613333333332
1 0.17270933984375 0.5987904000000001 0.04654234531249999 0.050080651388888876
3 0.14331417578125 0.6009678180555555 0.017147180468749988 0.06096775000000005
3 0.5376993062500001 0.507338775 0.014697582812499999 0.05225807083333333
3 0.5254513226562499 0.5160484541666667 0.00979838828125006 0.03483871388888886
3 0.5915904421875 0.48991941805555556 0.026945568749999982 0.12193550000000002
3 0.57321846328125 0.5029839361111111 0.022046374218749953 0.11104840138888884
1 0.5548464859375 0.5138710333333333 0.017147180468750012 0.0479032333333333
1 0.436041028125 0.5356452305555556 0.04654234531250001 0.021774195833333385
1 0.37970029453125 0.5487097472222222 0.011023186718750022 0.01306451944444444
1 0.39684747421875 0.5465323291666667 0.011023186718749977 0.019596774999999962
1 0.2510964484375 0.5530645875 0.38948593671875004 0.44419360694444443
0 0.43476429921875 0.4401798986111111 0.016571733593749992 0.015596924999999985
0 0.06628693359375 0.4887036666666667 0.011697693750000005 0.034659834722222234
0 0.05069000781250001 0.4540438319444445 0.024370196093749998 0.013863934722222224
0 0.05946327890624999 0.46790776666666667 0.012672501562500004 0.012130941666666612
0 0.05069000781250001 0.5198975180555555 0.015596925781249993 0.015596924999999985
0 0.046790776562500004 0.5753532527777778 0.021445772656249994 0.020795901388888892
