0 0.45307794765625 0.3796206013888889 0.00959715000000001 0.04691940000000001
0 0.2743310296875 0.44999970277777773 0.00839750546875 0.031990498611111126
0 0.42428649765625004 0.4990518013888889 0.005998218750000017 0.02132699999999998
0 0.47227224765625 0.4990518013888889 0.0047985757812500475 0.02132699999999998
0 0.6786109734375 0.4009476013888889 0.014395725781250058 0.03625589999999998
0 0.6630156046875 0.2047392 0.020393944531249986 0.04691940277777778
0 0.58743804765625 0.3881514 0.019194301562500016 0.012796201388888939
0 0.49266619218749996 0.3966822013888889 0.047985750781250044 0.02132700000000006
0 0.5790405421875 0.42867269999999996 0.013196081250000002 0.04052130138888891
0 0.576641253125 0.40308030138888895 0.01919429999999993 0.010663499999999953
0 0.573042321875 0.4734594 0.025192518749999948 0.05971560138888895
0 0.345110009375 0.5182461027777778 0.014395727343750008 0.027725098611111085
0 0.27073209765625 0.5033172013888889 0.023992875781250023 0.05971559999999998
1 0.448279371875 0.5246442 0.00959715000000001 0.017061599999999937
1 0.46027581093750003 0.5246442 0.010796793749999978 0.023459700000000003
1 0.47227224765625 0.5289096013888889 0.015595368750000027 0.014928899999999995
1 0.467473671875 0.5481039 0.020393944531249986 0.019194301388888845
1 0.44947901640625 0.5459712013888889 0.015595368750000027 0.029857801388888876
1 0.40869112890625 0.5545020013888889 0.015595368750000027 0.025592400000000026
1 0.41948792187499995 0.5459712013888889 0.029991094531249995 0.044786699999999985
1 0.44108151093750003 0.5118480013888889 0.007197862499999985 0.019194301388888925
1 0.42548614218749997 0.533175001388889 0.01919430000000002 0.02132699999999998
1 0.48546832890624997 0.5459712013888889 0.01319608203125 0.02132699999999998
1 0.49506547890624997 0.533175001388889 0.028791451562500025 0.04691940000000001
1 0.39789433515625 0.5246442 0.011996436718749948 0.017061599999999937
1 0.381099321875 0.5246442 0.014395725781249969 0.02132699999999998
1 0.4122900609375 0.5289096013888889 0.010796793749999978 0.014928899999999995
1 0.3834986109375 0.5566347013888889 0.020393943750000032 0.023459700000000003
1 0.358306090625 0.5609001013888889 0.020393944531249986 0.027725099999999968
1 0.34391036484375 0.5587674 0.015595370312500023 0.027725100000000048
1 0.318717846875 0.5587674 0.02279323125000001 0.034123200000000034
1 0.2875271109375 0.5672982013888889 0.023992875781250023 0.04265400138888893
1 0.0001812703125 0.6142176013888889 0.08580568828124999 0.0725118027777778
1 0.133972709375 0.5886252013888889 0.19314264296875 0.18341220000000008
1 0.547849803125 0.5246442 0.11156687031250004 0.09810420138888887
1 0.87055397421875 0.4777248013888889 0.050385037499999896 0.044786699999999985
3 0.83816359140625 0.4478670013888889 0.03958824609375 0.12156390138888887
1 0.77578211875 0.4393362 0.2231337367187499 0.5225115013888889
