traffic sign 0.1939867625 0.36219527083333336 0.017546539062500012 0.02946086249999998
traffic sign 0.193011953125 0.28421064305555555 0.014622118750000013 0.02772786944444445
traffic sign 0.8012920492187501 0.2478178166666667 0.018521349218749882 0.013863937499999994
traffic sign 0.78959435546875 0.26861371805555556 0.012672501562500039 0.015596924999999985
traffic sign 0.78666993125 0.24261884166666667 0.0068236554687500115 0.013863933333333339
traffic sign 0.6414235625 0.3084725277777778 0.00974807890624998 0.015596924999999985
traffic sign 0.6462976015625 0.33100141944444444 0.00877327109374999 0.012130941666666652
traffic light 0.193011953125 0.23222089305555554 0.010722886718750014 0.03465983194444446
traffic light 0.34313236171875 0.18369712222222223 0.011697692968750006 0.04332479583333332
traffic light 0.49617719296875 0.2044930236111111 0.01169769374999996 0.04332479305555559
traffic light 0.75450127265625 0.13517335555555554 0.011697692968750052 0.0502567611111111
traffic light 0.7408539625 0.13863933750000001 0.011697694531249959 0.051989752777777794
traffic light 0.20470964765625 0.33620039444444444 0.008773270312499993 0.020795898611111124
traffic light 0.1861882984375 0.33620039444444444 0.00877327109374999 0.024261883333333383
traffic light 0.7681485828125 0.14037232916666667 0.007798462500000003 0.050256761111111124
traffic light 0.8071408960937501 0.3015405597222222 0.014622117968749926 0.02946085972222221
traffic light 0.79349358671875 0.3102055180555556 0.002924423437499968 0.02252889305555558
car 0.00079933046875 0.42631596527777776 0.0791349125 0.06931966944444447
car 0.56928778203125 0.40378707222222227 0.02924423515625003 0.02946085972222221
car 0.5234718140625 0.3985880972222222 0.020470963281250042 0.02946085972222221
car 0.0906571296875 0.4384469083333334 0.025345003906249997 0.015596924999999985
car 0.15791887109375 0.4349809236111111 0.020470964843749995 0.020795898611111124
car 0.1900875296875 0.4297819486111111 0.02437019609375002 0.02599487500000003
car 0.48935353828125 0.40032108888888884 0.015596926562500002 0.019062906944444475
car 0.47473142109375 0.3968551055555556 0.01072288593750006 0.017329916666666632
car 0.1267250203125 0.43671391388888886 0.02437019609375002 0.01906290833333336
drivable area 0 0 0 0
lane 0 0 0 0
lane 0 0 0 0
lane 0 0 0 0
lane 0 0 0 0
lane 0 0 0 0
lane 0 0 0 0
lane 0 0 0 0
lane 0 0 0 0
lane 0 0 0 0
lane 0 0 0 0
lane 0 0 0 0
lane 0 0 0 0