car 0.75030901953125 0.46625174999999996 0.2491879703125 0.5157300722222223
car 0.26539002734375 0.6103528013888889 0.132250634375 0.1441010472222222
car 0.44314625625000004 0.5582808597222222 0.14504908125 0.23156623055555547
car 0.64792143125 0.5901280916666667 0.12798448437500004 0.1542134041666667
car 0.60383788671875 0.5446224972222222 0.08958913906249996 0.14915722500000003
car 0.34559118906249997 0.6027685347222221 0.06484792109375004 0.09101118750000008
car 0.39764066171875 0.6027685347222221 0.035551244531249984 0.06320221250000005
car 0.42181550625 0.6002404458333334 0.03697329453125002 0.04803368333333332
car 0.5867732875 0.5901280916666667 0.024174847656249998 0.07331456805555558
car 0.576818940625 0.5724314722222222 0.03839534453124997 0.08848309861111112
car 0.5640204921875 0.5850719138888889 0.024174846875 0.030337062500000025
traffic sign 0.875449403125 0.09209464166666667 0.06825839218750004 0.15926958194444443
drivable area 0 0 0 0
lane 0 0 0 0