1 0.12036111796875 0.44308784166666665 0.1673198828125 0.14338980138888896
1 0.5133483304687501 0.47817258055555556 0.011154657031250004 0.018305079166666616
1 0.6586969265625 0.49037596805555556 0.09576364609374996 0.08999997916666666
0 0.82053047578125 0.22190143888888889 0.04032838281249997 0.12661014583333333
0 0.6188885640625 0.009867583333333334 0.02230931796875 0.08999998055555557
0 0.6429139828125 0.008342159722222223 0.026599571093750017 0.09152540416666667
0 0.8222465765625 0.3637658208333333 0.018019065624999976 0.03203389166666671
0 0.8600008078125001 0.35918954999999997 0.022309315625000003 0.03661016250000004
0 0.6103080578125 0.4278336069444444 0.011154657812500001 0.030508469444444505
0 0.52793519140625 0.41563021805555556 0.0077224570312500514 0.013728811111111128
0 0.42153690703124996 0.4125793708333333 0.006864406250000066 0.013728812500000014
0 0.46443943984375 0.4415624152777778 0.006864405468749979 0.012203390277777813
0 0.51849663515625 0.4446132625 0.006864405468749979 0.010677963888888876
1 0.27286011875 0.47694906944444443 0.05663134375000003 0.04881355000000001
1 0.32176900703125 0.47542364583333335 0.034322027343749985 0.039661006944444445
1 0.3518007796875 0.47542364583333335 0.028315672656249992 0.033559318055555565
1 0.3766842515625 0.47084737777777774 0.02488346953124996 0.03661016111111116
1 0.43674779921875 0.47084737777777774 0.01716101406249999 0.027457619444444484
1 0.42387703749999994 0.47084737777777774 0.01716101328124999 0.027457619444444484
1 0.40671602421874997 0.4723728013888889 0.02145126718750001 0.02745762083333337
1 0.45305076171875003 0.4647456833333333 0.015444911718749932 0.01983050555555555
1 0.5251270195312501 0.4815253388888889 0.007722456249999965 0.016779656944444495
1 0.53284947421875 0.4799999166666667 0.011154660156249996 0.021355926388888866
1 0.54572023515625 0.47694906944444443 0.01544491171875002 0.02745762083333337
1 0.55086853984375 0.4830507638888889 0.020593216406250024 0.02745762083333329
1 0.5620231984374999 0.4815253388888889 0.03003177421875005 0.03355931527777779
1 0.5883367703125 0.47084737777777774 0.0334639765625 0.05949151388888888
1 0.6054977828125 0.4876270333333333 0.026599571875000016 0.05033897361111117
1 0.630381253125 0.4861016097222222 0.02574152109374994 0.06559321111111116
1 0.6475422671875 0.4861016097222222 0.036896180468750026 0.07016948055555552
1 0.5051058546875 0.45406771944444446 0.00943855625000003 0.013728809722222164
1 0.512828309375 0.45559314166666665 0.010296607812499924 0.012203387499999963
1 0.47164187734374996 0.45254229444444444 0.011154657031250004 0.016779659722222263
1 0.4836545859375 0.4479660236111111 0.006864406250000066 0.012203388888888927
1 0.49137704296875 0.4418643319444444 0.007722455468749967 0.012203387500000041
