1 0.39967121796875 0.38299117083333334 0.29634158359375 0.4367139138888889
1 0.21835695781250003 0.5129655513888889 0.07700981953125 0.07971761944444443
1 0 0.5389604263888889 0.07018616484375 0.10397950277777773
1 0.0448411609375 0.5285624763888889 0.075060203125 0.08838257777777782
1 0.11112809374999999 0.5233635013888889 0.07018616640625001 0.06238770138888883
1 0.282694275 0.5146985430555555 0.031193851562499965 0.03119384722222228
1 0.310963703125 0.5043005916666666 0.031193851562500007 0.0329268430555555
1 0.37140178984375 0.5043005916666666 0.024370196093749998 0.02426188472222219
0 0.1004052078125 0.45404383333333337 0.026319812499999994 0.013863934722222224
0 0.0984555921875 0.42458297222222224 0.012672501562499994 0.019062909722222167
0 0.24467676953125 0.3951221138888889 0.007798462500000003 0.03639282638888888
0 0.3753010203125 0.3951221138888889 0.007798463281250001 0.02599487777777772
0 0.11892655703124999 0.3847241625 0.009748078906250002 0.032926843055555585
0 0.25150042421875 0.3968551055555556 0.009748078124999981 0.034659834722222234
0 0.0965059765625 0.4817717 0.017546541406250005 0.020795898611111124
