0 0.57444326328125 0.36145165972222226 0.00979838828124997 0.03919355277777778
0 0.38092509375 0.41588715 0.007348790625000001 0.026129034722222222
0 0.62833439921875 0.40935489166666666 0.007348789843750048 0.026129036111111108
0 0.66875275234375 0.45725812361111107 0.00979838828125006 0.017419355555555585
0 0.34295633828125 0.44419360555555554 0.025720767968750023 0.013064518055555554
0 0.61608641328125 0.3875806958333334 0.03306956093750006 0.013064515277777784
0 0.5058545453125001 0.47903231944444447 0.00489919453124994 0.021774197222222194
0 0.541373703125 0.47903231944444447 0.004899195312500026 0.02395161666666665
1 0.5376993062500001 0.49209683750000005 0.019596778906249935 0.03483871388888886
1 0.5107537382812499 0.4877419986111111 0.026945567968750073 0.04354839305555558
1 0.48503296875 0.5029839361111111 0.019596778124999936 0.026129034722222222
1 0.46176179765625003 0.507338775 0.019596778124999936 0.019596776388888848
1 0.43604102890625 0.5086810472222223 0.02668231093750002 0.022609344444444446
1 0.36662166328125 0.5102064708333334 0.06574496953125002 0.04068069722222221
1 0.23884846249999997 0.5247581319444444 0.07593751093750001 0.04137097361111112
1 0.14821336953125 0.5356452305555556 0.05144153671875 0.03919355138888889
1 0.63568318984375 0.4964516763888889 0.022046374218749953 0.03266129444444448
1 0.65038077421875 0.4964516763888889 0.01469758203125 0.05879033055555559
1 0.6601791625 0.47032264166666665 0.04409274765625 0.09580646388888892
1 0.683450334375 0.47032264166666665 0.09063509453125 0.10451614027777778
1 0.7679614328125 0.45725812361111107 0.07103831562499999 0.12629033888888894
1 0.8096045851562501 0.4245968291666667 0.1873941773437499 0.25693551666666664
1 0.541373703125 0.47903231944444447 0.10900707109374999 0.15241937499999997
