1 0.39182064687499996 0.4390502041666667 0.026121375000000002 0.029551458333333298
1 0.42031669374999997 0.4390502041666667 0.021372035156250035 0.029551458333333298
1 0.46306076406249996 0.42638529583333334 0.04511874140625007 0.03588391111111109
1 0.54498689921875 0.4221636569444444 0.026121375781250046 0.03799472916666665
1 0.25883909374999997 0.43060693333333333 0.03205805390625001 0.03377309027777776
1 0.014248023437499998 0.4200528416666666 0.04274407031249999 0.0696570041666667
1 0.149604246875 0.4073879319444445 0.10092350000000001 0.07810027638888886
1 0.081926134375 0.4369393875 0.06174143515624999 0.06121372916666669
1 0.30039582890625 0.41864562638888886 0.034432723437500014 0.04643800277777777
1 0.31820585703125 0.4348285694444444 0.058179429687500006 0.048548823611111104
1 0.6245383624999999 0.43131053611111114 0.05936676484375001 0.04643800000000001
3 0.5675462703124999 0.40105547638888894 0.023746704687500043 0.10131928194444445
0 0.189973646875 0.2997362 0.01424802265624998 0.0654353680555555
0 0.3858839703125 0.24485492083333335 0.009498680468749975 0.04643800277777777
0 0.4048813359375 0.2870712888888889 0.009498679687500022 0.0548812763888889
0 0.15672825859375 0.2666667125 0.02730871171875 0.06543537083333331
0 0.56160959375 0.30043980416666666 0.03205805234375001 0.052770459722222225
0 0.24929753515625 0.3066532666666667 0.011482486718750008 0.024495970833333304
0 0.51849805859375 0.35020165833333333 0.02143397500000006 0.05443549305555556
0 0.523091053125 0.40599803749999996 0.009185989062499988 0.02585685833333334
0 0.41056268671874996 0.3801411791666666 0.009951487500000055 0.02585685833333334
1 0.8246976945312501 0.4001008583333333 0.032150962499999915 0.05443549027777779
