1 0.37848739765625 0.39120144444444443 0.05841348828124997 0.07824029166666667
3 0.28886670312499996 0.4096946041666667 0.012002769531250035 0.04409907222222221
3 0.21284914921875 0.41680735555555554 0.012002771874999985 0.044099073611111095
3 0.03600831484375 0.4210750097222222 0.024005542968750005 0.06543733194444441
3 0.17604065 0.41396225555555555 0.009602217187500007 0.04409907222222221
3 0.46010624296874997 0.4011592986111111 0.010402403906250069 0.035563768055555535
3 0.4417019953125 0.3997367486111111 0.015203508593750036 0.04267652083333336
3 0.48331160234375004 0.40542695138888885 0.00800184765624996 0.025605915277777787
0 0.45610532031249995 0.3499474736111111 0.02160498750000004 0.01564805833333338
0 0.48011086328125 0.35848277777777776 0.008802032812499938 0.01280295694444449
0 0.48651234140625005 0.37413083472222225 0.016803880468749987 0.014225506944444374
0 0.36728481015625 0.3357219666666667 0.01200277187500003 0.022760811111111088
0 0.3688851796875 0.35848277777777776 0.010402402343750028 0.01849315972222227
0 0.47290920078125 0.3044258513888889 0.005601292968750027 0.021338256944444467
0 0.47931067890624995 0.3030033 0.004000921875000074 0.022760812500000012
3 0.66575373046875 0.3385670694444445 0.04160961015625002 0.2204953597222222
3 0.6929600125 0.3342994152777778 0.0656151515625 0.2674395347222222
0 0.824190315625 0.28877779305555556 0.028806652343750017 0.11949425972222222
