0 0.42630555546875 0.125727175 0.032138000781250044 0.16160823194444446
0 0.462620265625 0.3076575888888889 0.01377342890624993 0.026118502777777764
0 0.4644567234375 0.32887887222222223 0.01377342812500002 0.029383313888888908
0 0.4488468375 0.3549973736111111 0.019282799999999954 0.02938331527777779
0 0.44701037968749996 0.37785106250000006 0.031219771875000024 0.05386940972222216
0 0.45802912265625 0.4268232527777778 0.018364571874999937 0.024486095833333287
0 0.62239203828125 0.21624283194444444 0.023873944531250045 0.04244256527777779
0 0.6582029539062499 0.2374641138888889 0.030301542968750005 0.03101572222222223
0 0.047354359375 0.3619278138888889 0.013773428906249996 0.047339784722222174
3 0.39238967734374997 0.47230958333333334 0.02295571562500003 0.08325272499999999
3 0.46162794609375 0.4831922875 0.017446343750000003 0.08814994166666668
3 0.65757792109375 0.4962515375 0.041320285937499965 0.1730350763888889
1 0.16069000312499998 0.4443410097222222 0.012855199218750002 0.026118501388888878
1 0.15793531640625 0.45250304166666666 0.014691657812499991 0.0195888763888889
1 0.14140720234374998 0.4576179388888889 0.019282800781249998 0.027750908333333355
1 0.11661503124999999 0.46251515555555556 0.010100513281250011 0.024486095833333287
1 0.1010051453125 0.45925034305555557 0.0192828 0.026118501388888878
1 0.07621297265625 0.466868225 0.011018742187499996 0.027750908333333275
1 0.057848400781249996 0.46360340972222225 0.022955714843749996 0.02775090972222216
1 0.0128552 0.47013303472222223 0.04223851484375 0.024486095833333287
1 0.01928280078125 0.466868225 0.03581091484375 0.0424425638888889
1 0.17354520234374998 0.4521765666666667 0.011936971875000002 0.0244860944444444
1 0.18364571640625 0.4733978486111111 0.013773428906249996 0.027750908333333355
1 0.18823686015625002 0.4570737861111111 0.02295571484375001 0.05550181666666671
1 0.1762998890625 0.4570737861111111 0.130388459375 0.19915357777777778
1 0.47625456484375006 0.47067718750000004 0.05142080156249999 0.07182588055555554
1 0.5249206796875 0.46904478194444443 0.05050257265624998 0.037545344444444434
1 0.503801421875 0.4755744069444444 0.07896765859375003 0.08814994583333334
3 0.5195504375 0.4519029527777778 0.030301543750000003 0.12079807222222219
0 0.66504498671875 0.12735958055555555 0.02295571562500003 0.08814994444444443
0 0.6586173875 0.3705881305555556 0.05050257265624998 0.06366384861111109
1 0 0.4437409194444445 0.028298143749999997 0.06366384999999997
