1 0.49051166874999996 0.36489638055555557 0.01442681484375008 0.01632124444444448
1 0.46821568359375 0.3672279875 0.013115285156250068 0.01632124166666663
1 0.38821244296875 0.3252590736111111 0.034099742187500046 0.08393782777777774
1 0.45247734062499995 0.36256477499999995 0.01442681484375008 0.020984456944444455
1 0.44329664140625 0.3672279875 0.010492228124999947 0.02098445555555557
1 0.42231218515625 0.3672279875 0.022295984375 0.025647666666666662
1 0.5114961250000001 0.36023316805555555 0.009180699218749932 0.023316063888888846
1 0.51805376640625 0.3579015611111111 0.027542100781249967 0.048963730555555585
1 0.50493848125 0.3555699555555556 0.005246114843750061 0.02331606249999996
0 0.50100389609375 0.29261658472222224 0.010492228906250034 0.027979274999999977
0 0.455100396875 0.29727979861111115 0.006557642968749988 0.023316063888888888
0 0.52461141015625 0.32292746805555556 0.009180698437500023 0.023316063888888888
1 0.48264249609375 0.34624353194444446 0.006557642187500079 0.018652849999999985
