1 0.44890490078124995 0.4769737472222222 0.009123726562500068 0.01372458194444448
1 0.43627204765625 0.49568908472222223 0.012632853124999954 0.016219961111111146
1 0.42013006875 0.5044229111111111 0.010527377343750022 0.016219955555555523
1 0.45732680234374995 0.5019275291666666 0.013334678125000022 0.01746765138888896
1 0.41170816796875 0.5097222222222222 0.10878289765625002 0.15975214722222222
1 0.32959462500000003 0.5197516680555556 0.01684380390625 0.027449161111111113
1 0.33099827578125 0.5069444444444444 0.07579711562499995 0.105136225
1 0.31976907421875 0.5284854944444444 0.015440153125 0.0673752125
1 0.5317202898437501 0.5122655361111111 0.03591588203124996 0.022458404166666668
1 0.1734375 0.3819444444444444 0.14765625 0.23194444444444445
1 0 0.4875 0.175 0.2381203819444445
0 0.62167670859375 0.4137337263888889 0.026669356250000043 0.03743067361111111
1 0.59009457734375 0.507310413888889 0.03158213124999998 0.023706091666666634
0 0.5100865101562501 0.44991671250000004 0.021756579687499934 0.05489832083333326
1 0.357088628125 0.4736228055555556 0.039302207812500004 0.04491680972222222
3 0.563556384375 0.5036489027777777 0.01365783515625001 0.06555760694444446
3 0.53077758203125 0.5182172597222222 0.010926268750000023 0.0485611916666667