0 0.18435774765625 0.42298549027777776 0.007197861718750009 0.017061600000000017
0 0.105181259375 0.41018928888888895 0.0071978640625000034 0.017061599999999937
0 0.18435774765625 0.3931276902777778 0.009597149218750012 0.012796198611111089
1 0.11117947890624999 0.46563949027777773 0.015595368750000005 0.021327001388888947
1 0.08838624609375 0.46563949027777773 0.02759180859375 0.017061600000000017
1 0.12598973671875 0.46563949027777773 0.021179053906249988 0.02180307500000001
1 0.150767721875 0.45924139166666667 0.015595368750000005 0.025592400000000026
1 0.20355204609375002 0.4571086916666667 0.0215935875 0.019194298611111073
1 0 0.44217979027777776 0.0763898078125 0.12156390000000007
1 0.37150217265625 0.4379143902777778 0.03478966796874996 0.040521300000000024
1 0.43148436015625 0.4165873916666667 0.05758289999999997 0.0917060986111111
1 0.55864659765625 0.3462082902777778 0.17634763125 0.24099510000000002
1 0.61622949765625 0.16492879166666666 0.3754884953124999 0.36255899861111107