1 0.64218484609375 0.40864858055555553 0.07388512187499999 0.054729722222222284
1 0.5631688109375 0.4688512722222222 0.012314187499999995 0.01641891666666666
1 0.5426451671875 0.4688512722222222 0.018471280468749997 0.018243241666666656
1 0.5323833453125 0.47067559583333335 0.017445097656249953 0.03283783333333332
1 0.46876004375 0.48891883750000004 0.018471281249999992 0.04013512916666665
1 0.70580814609375 0.43783776388888895 0.025654558593749942 0.03831080694444443
1 0.72325324453125 0.43054046805555557 0.029759285937500036 0.047432424999999986
1 0.7386459796875 0.4250674958333333 0.042073472656250034 0.05290539722222228
1 0.75711726015625 0.4122972291666666 0.08312076249999993 0.06385134166666673
1 0.83510711171875 0.4122972291666666 0.05541384140624998 0.02189188888888896
1 0.7858503625 0.43054046805555557 0.052335294531250034 0.049256748611111095
1 0.591901915625 0.46520262361111114 0.010261823437499994 0.014594591666666663
1 0.57650918125 0.4688512722222222 0.013340368750000043 0.01641891666666666
1 0.60729464921875 0.4615539763888889 0.01334036953125004 0.01459459305555555
1 0.48107423125000004 0.47067559583333335 0.06772802968749998 0.11493241388888885
1 0.4000058328125 0.49439180972222224 0.06054475312499994 0.07662160972222219
1 0.80740018984375 0.4268918222222223 0.09440876718749998 0.047432422222222215
1 0.9613275296875001 0.4049999319444444 0.03748728046874987 0.0510810708333334
1 0.20195265546875 0.5071620763888889 0.07696366953125003 0.05472971805555555