0 0.38985247031250003 0.49375997916666664 0.013154531250000013 0.021259848611111132
0 0.4030070015625 0.49375997916666664 0.014350397656250014 0.019133862500000022
0 0.41496566718750005 0.49375997916666664 0.020329727343749937 0.023385830555555584
0 0.43290366406249997 0.49375997916666664 0.013154531250000013 0.021259848611111132
0 0.57521177265625 0.4597442222222223 0.01315453203125001 0.0340157569444444
0 0.47475898984375 0.5022639194444445 0.008371065625000007 0.023385830555555584
1 0.42812019765625 0.5373426694444444 0.017937997656250017 0.01700787777777772
1 0.41376979921875 0.5373426694444444 0.014350398437499922 0.019133862499999942
1 0.37789380625 0.5288387277777779 0.03826772734375004 0.04677166666666663
1 0.445374840625 0.5235996972222222 0.040659458593750045 0.05952757499999998
1 0.5051681632812499 0.540607575 0.017937998437500012 0.027637805555555575
1 0.48005496796875 0.5342296222222223 0.015546264062500014 0.02338583194444447
1 0.5195185609374999 0.5448595444444445 0.023917329687500023 0.02338583194444439
1 0.54821935703125 0.5384815916666666 0.040659460156250035 0.03826772499999996
0 0.16041053593750002 0.5238426638888889 0.02032972812499998 0.0297637902777778
0 0.22737905781249998 0.004251969444444444 0.223571896875 0.03955938333333334
0 0.50242834765625 0.004251969444444444 0.20329729921875 0.05102363611111111
1 0.6136439289062501 0.3826772708333333 0.3838731374999999 0.5229922708333334