0 0.49222169921875 0.35362120555555554 0.026911613281250003 0.022881370833333352
0 0.5234375 0.3597222222222222 0.02265625 0.020833333333333332
0 0.45126924375 0.35362120555555554 0.009360561718749948 0.016640998611111138
0 0.44190868125 0.35362120555555554 0.009360562500000036 0.020801245833333305
1 0.454779453125 0.3681820791666667 0.01287077187500003 0.022881370833333314
1 0.44307875234375 0.3785827013888889 0.015210912499999996 0.0228813722222222
1 0.46062980546875 0.4014640736111111 0.01755105156250005 0.027041622222222214
1 0.44775903203125 0.4222653236111111 0.03861231484375001 0.06032361666666672
1 0.4091467171875 0.36194170555555555 0.028081684374999936 0.0395223708333333
1 0.35064320859375 0.3661019541666667 0.028081683593749983 0.037442244444444446
1 0.3120308953125 0.37234232916666665 0.03159189375000002 0.04576274305555559
1 0.5495551359374999 0.409784575 0.028081684375000027 0.03120186944444446