1 0 0.4246872013888889 0.219028775 0.4148434638888889
0 0.21771041796875 0.5132808972222223 0.023730452343749996 0.0656249569444444
1 0.3152689453125 0.6210933249999999 0.031640603125000014 0.04453121944444444
1 0.33768103828124996 0.6234370694444444 0.014501942968750025 0.032812477777777835
0 0.31395058593749997 0.5812496 0.010546867968750017 0.02343748194444449
0 0.30999551015625004 0.5624996138888889 0.011865227343749974 0.014062488888888837
1 0.35350133984375 0.6234370694444444 0.018457018749999988 0.02343748472222226
1 0.3732767171875 0.6187495749999999 0.014501942968750025 0.023437483333333377
1 0.390415378125 0.6210933249999999 0.011865225781250021 0.02109373472222226
1 0.40096224453125 0.6257808194444444 0.018457018750000033 0.021093736111111146
0 0.443149715625 0.5882808458333333 0.007910150000000015 0.02578122916666664
0 0.55257346796875 0.5132808972222223 0.030322244531249966 0.0656249569444444
0 0.48270046874999994 0.5648433611111111 0.010546869531250013 0.021093737499999952
0 0.42601105546875007 0.5953120916666667 0.015820303124999935 0.014062488888888917
0 0.9032568210937499 0.4570309361111111 0.038232396093749975 0.08203119305555553
0 0.8360205390625 0.38671848472222226 0.04482418828124999 0.05156246388888882
0 0.8426123320312501 0.3304685222222222 0.06987299843749994 0.0468749680555556
0 0.86766114296875 0.3046872902777778 0.059326130468750016 0.03515622638888887
0 0.851840840625 0.21093735555555557 0.03823239531250007 0.09609368194444443
0 0.83338382265625 0.025781231944444444 0.07382807421875004 0.11249992222222222
1 0.43655792421874995 0.6257808194444444 0.03559567890625006 0.0539062138888889
1 0.465561809375 0.6187495749999999 0.03295896171874997 0.09609368333333335
1 0.48006375312499994 0.6023433361111111 0.10415031875 0.15234364444444448
0 0.9407809210937501 0.4649998375 0.018984367968749895 0.06937497499999996