0 0.01875 0.43796296296296294 0.0125 0.03240740740740743
0 0.020312499999999997 0.4074074074074074 0.011979166666666667 0.02870370370370375
1 0.03958333333333333 0.48333333333333334 0.04739583333333333 0.054629629629629625
1 0.13958333333333334 0.4861111111111111 0.06458333333333333 0.06388888888888887
1 0.21979166666666666 0.4768518518518518 0.05729166666666665 0.07685185185185194
1 0.27760416666666665 0.49537037037037035 0.019791666666666687 0.03425925925925925
1 0.32968749999999997 0.4981481481481481 0.010416666666666652 0.020370370370370375
1 0.33749999999999997 0.4787037037037037 0.04531250000000001 0.08796296296296294
1 0.4223958333333333 0.49907407407407406 0.026562500000000072 0.03518518518518519
1 0.4421875 0.487037037037037 0.0598958333333333 0.05185185185185187
0 0.46822916666666664 0.487037037037037 0.00677083333333334 0.023148148148148185
0 0.4692708333333333 0.512962962962963 0.002604166666666697 0.024074074074074064
1 0.5046875000000001 0.49537037037037035 0.025520833333333322 0.03148148148148144
1 0.5265624999999999 0.48055555555555557 0.05156250000000002 0.0435185185185185
1 0.5770833333333334 0.4935185185185185 0.020312500000000018 0.02870370370370369
1 0.5932291666666666 0.487037037037037 0.03177083333333337 0.03518518518518519
0 0.5562499999999999 0.4287037037037037 0.012500000000000018 0.0314814814814815
0 0.553125 0.3861111111111111 0.017187500000000036 0.038888888888888876