1 0.92548900625 0.6715318819444445 0.07102074062500012 0.32535997638888897
1 0.60589567421875 0.7006685972222222 0.09287327578125 0.12625909444444441
1 0.29449703984375 0.7298053125 0.045070855468750004 0.08741014305555553
0 0.519851315625 0.5671253236111111 0.006828915625000054 0.04127700972222222
0 0.68784268046875 0.5209921930555556 0.010926268750000023 0.03642089027777781
0 0.92548900625 0.6399671097222223 0.010926267968750025 0.02428059166666669
0 0.4269780390625 0.6861002402777777 0.006828916406250052 0.019424476388888934
0 0.52531444921875 0.5744094986111111 0.012292049999999933 0.026708656944444444
0 0.51438818046875 0.5695533847222223 0.006828916406249963 0.03642088749999996
0 0.67828219609375 0.5209921930555556 0.00956048203125004 0.038848948611111135
0 0.69603738125 0.5209921930555556 0.009560485156249942 0.04127700833333334
0 0.90227068671875 0.6448232263888889 0.02048675234374997 0.02185253611111114
1 0.45839105859374996 0.7221742583333334 0.09970219609375004 0.14082745416666664
1 0.67691641484375 0.6663288916666666 0.2007701695312501 0.23066564999999994
0 0.7411082359375001 0.5230733777777778 0.05326555546874996 0.019424476388888855
0 0.9145627382812499 0.56677845 0.015023615625000097 0.043705072222222204
0 0.92958635703125 0.5230733777777778 0.028681451562500015 0.019424476388888855
0 0.91866008984375 0.6104835222222222 0.0177551843749999 0.01456835694444444
0 0.9869492617187501 0.5619223291666666 0.012292051562499929 0.07284178472222227
0 0.4993645625 0.6760411291666667 0.010926267187500028 0.019424476388888855
1 0.57994578828125 0.7853038083333332 0.013657832812500015 0.01699641250000007
1 0.59496940390625 0.7755915708333333 0.009560484375000034 0.02428059583333335
1 0.56492216953125 0.7901599236111112 0.0163894 0.009712237499999945
3 0.9263177304687501 0.7169496597222222 0.024571473437499946 0.05824349444444436