0 0.3960819265625 0.40267547638888884 0.011063741406249949 0.03754966527777784
0 0.387029775 0.3990993180555556 0.008046357812499983 0.041125823611111105
0 0.57209599296875 0.4187681916666667 0.006034767968750021 0.02860926666666662
0 0.5801423492187501 0.4134039527777778 0.00804635703124994 0.03754966805555553
0 0.28846189765624997 0.5189006374999999 0.010057946093749992 0.017880793055555542
0 0.69580873671875 0.49029136666666673 0.011063741406250039 0.017880793055555542
0 0.27035759375 0.4330728263888889 0.014081124218750008 0.0196688736111111
0 0.69077976328125 0.4598940166666667 0.014081125781250047 0.012516561111111142
0 0.644513209375 0.49565560694444444 0.010057946093750037 0.01966887361111118
0 0.763196978125 0.46168209722222225 0.011063741406250039 0.04291390555555555
0 0.76520856875 0.5099602402777778 0.016092714843750057 0.04291390555555555
0 0.7853244625 0.48671520833333337 0.012069535937499954 0.02682119166666668
0 0.8175098914062501 0.48313905 0.024139071874999907 0.021456951388888888
0 0.8675789828125 0.4724105736111111 0.027377098437500004 0.01966887083333333
0 0.9100429984374999 0.46704633333333334 0.012069535937500042 0.025033112499999927
1 0.6585943335937501 0.4992317625 0.09152731562499997 0.15019867222222227
1 0.56505543046875 0.5475099069444445 0.03319122421875002 0.04470198472222222
1 0.53588738515625 0.5332052722222222 0.014081125781250047 0.0196688736111111
1 0.53588738515625 0.5475099069444445 0.02313327734375008 0.03754966666666664
1 0.49464980390625 0.5349933527777778 0.009052152343750031 0.021456951388888888
1 0.466487553125 0.5278410361111111 0.011063741406250039 0.017880793055555542
1 0.557009071875 0.5189006374999999 0.010057946874999946 0.017880793055555542
1 0.5680728148437499 0.5135364 0.010057946093750037 0.023245031944444446
1 0.5037019546875 0.5332052722222222 0.018104303906249973 0.02682119166666668
1 0.5077251351562501 0.5600264638888889 0.04023178671874996 0.06079469999999997
1 0.26834600390625 0.568966861111111 0.09655628828124999 0.09834436805555558
1 0.891938696875 0.5403575902777777 0.0734230101562499 0.08582781111111118
3 0.7843186671875 0.5528741458333334 0.022127482812499988 0.09298012916666668
3 0.8396373726562499 0.5385695111111111 0.01810430546874997 0.09476820833333335
3 0.86176485625 0.5564503055555556 0.019110099218750065 0.0858278111111111
3 0.77627231015625 0.5332052722222222 0.011063741406250039 0.05543046527777772