0 0.5913133140625 0.1811842111111111 0.04895970234374998 0.09059210555555555
1 0.13069242265625 0.34282895 0.05395559296874999 0.037302629166666615
1 0.21762087734375002 0.34815789722222223 0.03896792812499998 0.037302627777777805
1 0.2705772921875 0.3552631597222222 0.03796874843750002 0.03907894722222219
1 0.35250985859375 0.3623684236111111 0.024979439843749996 0.028421052777777806
1 0.3724934109375 0.3676973708333333 0.01998355312500002 0.06039473472222225
1 0.49239472734375 0.37657894999999997 0.007993419531250013 0.01598684305555559
1 0.50238650390625 0.3872368444444444 0.011990131250000058 0.024868422222222283
1 0.48340212734375 0.3836842125 0.016986020312500027 0.03907894722222222
1 0.51237828046875 0.3836842125 0.015986842187500017 0.030197368055555528
1 0.54834867421875 0.3872368444444444 0.01099095546875004 0.026644736111111123
1 0.6152935765625 0.4014473708333333 0.019983553124999977 0.02486842083333332
1 0 0.34105263333333335 0.196638146875 0.3641447388888889
1 0.379487653125 0.3392763180555556 0.11790296250000001 0.1651973694444444
1 0.5203717015625 0.3925657930555556 0.033972037499999976 0.03730262916666665
1 0.54834867421875 0.3712500013888889 0.07194079140624998 0.12078947361111109
1 0.6612557484375 0.4121052652777778 0.08193256562499993 0.09236842222222216