3 0.571237396875 0.6568038638888889 0.00877327109374999 0.07278565277777777
3 0.61022971171875 0.6724007888888889 0.008773270312499993 0.07971762083333339
3 0.62972586875 0.6620028388888889 0.018521348437499974 0.10744548749999999
3 0.65117164140625 0.6672018138888889 0.02144577265625003 0.10224651249999997
3 0.8864902796875 0.6931966902777777 0.04191673749999989 0.19236208194444443
3 0.9410795179687501 0.7157255833333332 0.05458923984375001 0.19236208055555565
3 0.2002255328125 0.5964957736111112 0.012672502343749992 0.0693196680555555
2 0.16474252578124998 0.6457127277777778 0.045815968750000026 0.05025675972222222
2 0.0214457734375 0.6717076055555555 0.01072288515625 0.057188726388888805
1 0.23614720078125 0.6004816333333333 0.011697693750000005 0.031193851388888937
1 0.214701428125 0.6091465916666667 0.009748078124999981 0.02426188472222219
1 0.23127316171875 0.5900836833333334 0.056538854687499994 0.17329917361111116
1 0.2281050359375 0.5320284597222222 0.35093082421875 0.46617477499999993