1 0.49030525390625 0.5625356013888889 0.010762798437500009 0.012755909722222153
1 0.480738321875 0.5646615861111111 0.009566932031250008 0.012755909722222233
1 0.46399619140625 0.5667875722222223 0.014350397656250014 0.01913385972222217
1 0.45084166015625 0.5752915111111111 0.016742130468750015 0.021259850000000018
1 0.5010680523437501 0.5646615861111111 0.009566933593750004 0.01488189305555557
1 0.5178101828125 0.5752915111111111 0.013154531249999924 0.023385833333333356
1 0.5261812484374999 0.5752915111111111 0.011958664843750012 0.03401575972222225
1 0.37071860703125 0.5625356013888889 0.03707186015625004 0.06803151527777776
1 0.24634849375 0.5497796944444444 0.06816438906249997 0.12755908749999997
1 0.30494595078125003 0.5497796944444444 0.07533958749999999 0.09566931805555556
1 0.47595485625 0.5731655263888888 0.015546264062500014 0.019133861111111136
1 0.49867631953125 0.5774174958333333 0.014350397656250014 0.019133863888888904
1 0.5357481796875 0.5731655263888888 0.02870079453125003 0.044645679166666716
1 0.568036575 0.5391497680555556 0.08251478515624999 0.12968507638888885
1 0.67135943046875 0.5115119652777778 0.3001625218750001 0.3316536361111112
1 0 0.42647257222222223 0.24993609296875002 0.32952765
1 0.8187699359374999 0.6114332527777778 0.18025694531250008 0.3848032569444445
0 0.38148140546875 0.5153387444444445 0.014350396093750018 0.012755909722222233
0 0.60869603515625 0.4749450333333333 0.017937995312499934 0.01488189305555557
0 0.4735631234375 0.5208662861111111 0.008371065625000007 0.01700787916666668
0 0.48313005546875 0.5357481805555556 0.008371064843750008 0.01700787777777772
0 0.5142225835937501 0.529370225 0.009566933593750004 0.01700787916666668
1 0.39344006953125 0.5676379527777777 0.06457678984374997 0.07653545416666666