1 0.44114806250000005 0.4831838430555555 0.010926267968749936 0.01699641805555561
1 0.44934276328125 0.4807557833333333 0.010926267968750025 0.03156477361111109
1 0.45480589687500006 0.4758996638888889 0.017755186718749982 0.038848952777777786
1 0.46573216484374996 0.48803995972222225 0.012292050781250018 0.03399283472222218
1 0.4766584328125 0.4758996638888889 0.023218317968749957 0.05098925000000002
1 0.4903162671875 0.4789347388888889 0.03687615468749996 0.0704137236111111
1 0.5094372359375 0.4570822027777777 0.04780242187499999 0.11411880000000005
1 0.531289771875 0.4546541430555555 0.12018894609374993 0.1553958069444445
1 0.58131157109375 0.4758996638888889 0.17057853437500006 0.20048611249999995
1 0.41792974296874996 0.48642126111111106 0.008194700781250041 0.02185253888888891
1 0.40154034140625 0.4758996638888889 0.00819470156250004 0.031564772222222204
1 0.39471142265625 0.4758996638888889 0.009560486718749983 0.038848952777777786
1 0.35920105546875003 0.4686154875 0.03141301796875 0.05584536666666667
1 0.35646948671875 0.4807557833333333 0.016389401562499996 0.04289571666666671
1 0.3441774359375 0.4661874263888889 0.017755185156249985 0.070413725
1 0.38463875078125 0.47139040972222224 0.01365783437500001 0.05341730972222223
1 0.42510010625000005 0.47679653055555554 0.02048675234374997 0.034310000000000056
1 0.3215054296875 0.45598957638888893 0.03414458671874998 0.10281097361111106
1 0.873589234375 0.6367451249999999 0.12591628359374987 0.16069897777777783
0 0.5376064984375 0.3968142833333333 0.01638940234374999 0.033992833333333375
1 0.41274432968749997 0.4837267125 0.008576100000000064 0.011088291666666647