0 0.56175208984375 0.30573067083333333 0.008829935156250013 0.017940186111111107
0 0.3914604734375 0.34534859444444443 0.008829935937499967 0.022425233333333277
0 0.18032593046875 0.35207616388888885 0.008607525781249991 0.027945675000000017
0 0.6172545421875 0.3169432875 0.008989064062499974 0.027373256944444476
0 0.63996009140625 0.2698502972222222 0.011787295312500046 0.046695463888888886
1 0.48480550781250004 0.3685213236111111 0.010091354687499976 0.015697663888888908
1 0.4948968625 0.3685213236111111 0.013875613281250043 0.024667756944444442
1 0.5037267984375 0.37749141666666663 0.012614193749999992 0.0224252333333334
1 0.5100338953125 0.3819764638888889 0.013875613281249954 0.020182709722222192
1 0.475975571875 0.3655313041666667 0.010091356249999971 0.01794018611111107
1 0.3725391828125 0.37450139722222225 0.015137032031250008 0.013455138888888898
1 0.38263053828125 0.37674392083333336 0.01765987109374998 0.024667756944444442
1 0.36749350546875 0.39019906111111113 0.01765987187500002 0.020182709722222192
1 0.44570150703125 0.37450139722222225 0.017659871093750022 0.026910279166666683
1 0.5794119609374999 0.37898644444444446 0.045411097656250024 0.05830560694444442
1 0.59959467109375 0.38795653750000003 0.03784258124999997 0.060548130555555545
1 0.62482305859375 0.37001635 0.042888258593750006 0.08073084027777781
1 0.8014217710937499 0.32516588333333335 0.1866900671875001 0.19734205416666664
1 0.07484421015625001 0.4238369111111111 0.08325367890624999 0.06727570000000004
1 0.0571843390625 0.4305644805555555 0.04036541953125 0.06054813055555562
1 0.311991053125 0.39244158472222224 0.025228387500000025 0.033637849999999976
1 0.28297840703125 0.39991665833333334 0.01765987187500002 0.029152804166666612
1 0.64500576875 0.33936852916666665 0.16903019609374992 0.17715934305555553
1 0.5188638304687501 0.3819764722222222 0.025228387499999984 0.029152802777777806
1 0.4419172484375 0.38421899583333335 0.01639845234374997 0.03363784861111109
1 0.25396576171874996 0.39991665833333334 0.03658116171875001 0.03363785138888886