0 0.26126101484375003 0.3391069583333334 0.012204234375000001 0.04339283333333333
0 0.47686915703125 0.25714271805555555 0.01356026093749998 0.050624966666666694
0 0.19210368671875 0.4741068861111111 0.018984363281249993 0.028928554166666644
0 0.5039896781250001 0.4427676180555556 0.01627231249999994 0.02892855555555553
0 0.6517965171875 0.3873212194444445 0.014916286718750005 0.03455355138888889
0 0.63823625703125 0.3873212194444445 0.01491628828125 0.04339283055555557
1 0.39008348984375 0.5102675805555555 0.01491628828125 0.021696416666666666
1 0.37652323046874997 0.5102675805555555 0.017628337500000014 0.03133926944444446
1 0.36431899609374996 0.5126782930555556 0.018984364843750035 0.02892855555555553
1 0.345755734375 0.5059903430555556 0.02398736484374999 0.05490220833333339
1 0.4131359328125 0.4789283125 0.11797426718750001 0.1783927638888889
1 0.2439596296875 0.4935095944444444 0.12171539218750001 0.1589900541666667
3 0.56636687734375 0.4789283125 0.01084820859375002 0.05785711527777772
3 0.5745030328125 0.48374973749999994 0.008136155468749972 0.04821425972222223
1 0.0009040140625 0.49339259027777777 0.16954838828125002 0.22217032083333332
0 0.036272175000000004 0.44999975694444444 0.01887288125 0.03726946805555558
0 0.057857107812499996 0.44774685 0.022877731249999998 0.03536212083333336
0 0.274821275 0.3391069583333334 0.009492182812499994 0.04098212083333329
0 0.253124859375 0.3439283861111111 0.009492182812499994 0.03857140833333336
0 0.49339176953125 0.26209571666666664 0.007020422656249981 0.04160249583333334
0 0.46882029609375 0.2662559666666667 0.007020420312499986 0.03744224583333333
1 0 0.6240374222222222 0.02302356171875 0.13728823333333343
0 0.49610975078125 0.37702260972222224 0.015210911718749998 0.012480748611111083
0 0.09360561328125 0.4165449791666666 0.018721121093750005 0.02080124722222223