1 0.184078125 0.5718055555555555 0.04143749999999999 0.05324074074074081
1 0.306 0.5686111111111111 0.08924999999999994 0.0553703703703704
0 0.34185937499999997 0.5473148148148148 0.0063750000000000195 0.02023148148148135
0 0.360984375 0.5494444444444444 0.004781249999999959 0.015972222222222165
1 0.470953125 0.5707407407407407 0.043031250000000076 0.05111111111111111
1 0.54984375 0.5771296296296294 0.01354687500000007 0.01810185185185187
1 0.5641875 0.5600925925925925 0.07490625000000006 0.09902777777777771
1 0.70284375 0.563287037037037 0.08526562500000012 0.054305555555555496
0 0.735515625 0.5654166666666666 0.011156249999999979 0.025555555555555554
0 0.8175937499999999 0.5217592592592591 0.016734374999999968 0.024490740740740757
0 0.8144062499999999 0.4802314814814814 0.023109374999999877 0.03513888888888883
1 0.831140625 0.5590277777777777 0.0764999999999999 0.045787037037037015