1 0.00159375 0.5494444444444444 0.08924999999999998 0.10222222222222221
1 0.069328125 0.5451851851851851 0.08367187500000002 0.07240740740740736
3 0.11634375000000001 0.5302777777777777 0.0223125 0.08199074074074075
1 0.37453125 0.563287037037037 0.08606249999999999 0.05750000000000011
1 0.4366875 0.563287037037037 0.034265624999999966 0.045787037037037126
1 0.46378125000000003 0.5686111111111111 0.01832812500000003 0.02981481481481485
1 0.54984375 0.5696759259259259 0.015937499999999938 0.01810185185185187
1 0.5641875 0.5675462962962963 0.026296874999999997 0.021296296296296258
1 0.58809375 0.5696759259259259 0.028687499999999977 0.02023148148148146
1 0.740296875 0.5451851851851851 0.11714062500000011 0.07134259259259257
0 0.7904999999999999 0.5813888888888888 0.00876562500000011 0.03620370370370363
0 0.78890625 0.5441203703703703 0.01593750000000005 0.03194444444444455
0 0.79209375 0.5100462962962962 0.011953125000000009 0.028750000000000053
1 0.8741718749999999 0.5579629629629629 0.07331249999999989 0.05004629629629631
1 0.957046875 0.5451851851851851 0.038250000000000006 0.05111111111111111