0 0.101254921875 0.4803699074074073 0.026687343749999995 0.039856018518518554
0 0.10517953124999999 0.5181282407407408 0.018053203125000014 0.03461180555555543
1 0.107534296875 0.5621796296296295 0.08555648437499998 0.05873518518518528
0 0.316323515625 0.5244212962962962 0.007849218750000053 0.03670949074074081
0 0.3171084375 0.5401539351851851 0.017268281249999906 0.0262210648148149
1 0.251175 0.5621796296296295 0.11302874999999996 0.0692236111111112
1 0.4175784375 0.5433004629629629 0.06750328125000005 0.0828585648148149
1 0.523542890625 0.566375 0.018053203124999917 0.03251412037037038
1 0.608314453125 0.5684726851851852 0.036891328124999845 0.03041643518518522
1 0.5408111718749999 0.5412027777777777 0.08320171875000004 0.11851921296296308
1 0.666398671875 0.5758145833333332 0.040031015625 0.03985601851851861
0 0.7284074999999999 0.5412027777777777 0.010988906250000041 0.017830324074074144
0 0.7284074999999999 0.5632284722222222 0.008634140625000009 0.0262210648148149
1 0.6907312499999999 0.5632284722222222 0.09890015625000004 0.052442129629629686
0 0.8320171875 0.5065909722222222 0.017268281249999906 0.03461180555555554
0 0.824952890625 0.46883263888888876 0.026687343750000037 0.037758333333333394
1 0.7951258593749999 0.5516912037037037 0.03924609374999999 0.05873518518518517
1 0.8186735156249999 0.5516912037037037 0.07142789062499999 0.05558865740740737
1 0.8948109375 0.5433004629629629 0.03846117187500009 0.061881712962962965
1 0.917573671875 0.5349097222222222 0.03375164062499991 0.07027245370370361
0 0.30297984375 0.5391050925925925 0.00941906250000002 0.019928009259259305