1 0.952110234375 0.5391050925925925 0.046310390624999975 0.07132129629629635
0 0.78963140625 0.5139328703703703 0.015698437499999995 0.031465277777777745
0 0.788846484375 0.5485446759259258 0.013343671874999852 0.03251412037037038
0 0.788846484375 0.5821076388888888 0.01020398437499992 0.047197916666666506
1 0.8948109375 0.5579842592592592 0.01962304687500016 0.05558865740740737
1 0.7966957031250002 0.5412027777777777 0.09890015624999993 0.08180972222222216
1 0.6766026562499999 0.5684726851851852 0.026687343750000148 0.028318749999999948
1 0.7056447656249999 0.5579842592592592 0.025117500000000126 0.043002546296296296
1 0.72055828125 0.5674238425925925 0.025902421875000026 0.031465277777777856
1 0.7158487499999999 0.566375 0.07849218749999998 0.056637499999999896
1 0.553369921875 0.5558865740740739 0.07613742187499994 0.0660770833333334
1 0.39560062499999993 0.5443493055555556 0.15462960937500003 0.079712037037037
0 0.18210187499999997 0.5139328703703703 0.022762734375000038 0.029367592592592584
1 0.150705 0.5212747685185184 0.18131695312500004 0.12690995370370373
1 0.010203984374999999 0.522323611111111 0.08948109375 0.0734189814814814