1 0 0.5441203703703703 0.0860625 0.08731481481481485
1 0.059765625 0.5494444444444444 0.09323437500000002 0.07027777777777777
0 0.16017187500000002 0.5121759259259259 0.011156249999999979 0.02342592592592596
0 0.163359375 0.5366666666666666 0.006374999999999992 0.024490740740740757
0 0.184875 0.5100462962962962 0.01434374999999996 0.03300925925925924
0 0.1880625 0.5462499999999999 0.007968750000000024 0.03726851851851842
0 0.329109375 0.5270833333333332 0.007171874999999994 0.017037037037037073
0 0.32990624999999996 0.5473148148148148 0.007968750000000024 0.01703703703703696
1 0.42871875000000004 0.5600925925925925 0.040640624999999986 0.0521759259259259
1 0.48210937499999995 0.5654166666666666 0.01992187500000009 0.034074074074074256
1 0.509203125 0.5686111111111111 0.01354687500000007 0.02023148148148146
1 0.525140625 0.5675462962962963 0.01354687500000007 0.02662037037037024
1 0.561796875 0.5686111111111111 0.024703124999999937 0.019166666666666776
1 0.587296875 0.5686111111111111 0.03187499999999999 0.022361111111111165
1 0.6733593750000001 0.5696759259259259 0.07490624999999995 0.0532407407407407
1 0.745078125 0.5430555555555555 0.11395312499999988 0.07666666666666666
0 0.7865156249999999 0.5430555555555555 0.01593750000000016 0.03833333333333333
0 0.7912968749999999 0.5835185185185184 0.00478125000000007 0.02981481481481485
3 0.88453125 0.5537037037037037 0.01035937500000017 0.03726851851851842
1 0.8717812499999998 0.5622222222222222 0.0725156250000002 0.04472222222222222
1 0.962625 0.5441203703703703 0.03506250000000011 0.05324074074074081