1 0.18453292496171517 0.5183673469387755 0.06508422664624809 0.06020408163265306
0 0.2549770290964778 0.35306122448979593 0.04977029096477795 0.024489795918367346
0 0.35222052067381315 0.34183673469387754 0.05053598774885146 0.027551020408163266
0 0.31929555895865236 0.45816326530612245 0.01761102603369066 0.02959183673469388
0 0.32542113323124044 0.4857142857142857 0.009188361408882083 0.04081632653061224
1 0.43950995405819293 0.523469387755102 0.03139356814701378 0.02346938775510204
0 0.5497702909647779 0.34591836734693876 0.055130168453292494 0.02857142857142857
0 0.6952526799387443 0.4530612244897959 0.009954058192955589 0.02959183673469388
0 0.6753445635528331 0.4530612244897959 0.015313935681470138 0.030612244897959183
0 0.666156202143951 0.4897959183673469 0.011485451761102604 0.011224489795918367
0 0.7503828483920367 0.25918367346938775 0.02909647779479326 0.0336734693877551
0 0.777947932618683 0.22959183673469388 0.030627871362940276 0.03571428571428571
0 0.835375191424196 0.15306122448979592 0.045941807044410414 0.04897959183673469