3 0.06215624999999999 0.5356018518518518 0.015937500000000014 0.08092592592592585
1 0 0.5494444444444444 0.085265625 0.07560185185185186
1 0.075703125 0.5430555555555555 0.086859375 0.08837962962962964
0 0.32671875 0.5206944444444443 0.011953125000000009 0.019166666666666665
0 0.32671875 0.5441203703703703 0.010359375000000004 0.01490740740740748
1 0.42632812500000006 0.5696759259259259 0.04143749999999996 0.04365740740740742
1 0.46537500000000004 0.5707407407407407 0.020718750000000008 0.03300925925925935
1 0.5586093750000001 0.5664814814814815 0.0852656249999999 0.05643518518518509
0 0.7881093749999999 0.5409259259259259 0.013546874999999958 0.03833333333333322
0 0.7904999999999999 0.5813888888888888 0.0063750000000000195 0.03833333333333333
1 0.745875 0.5473148148148148 0.12032812500000012 0.06814814814814818
1 0.8781562500000001 0.5590277777777777 0.07729687499999982 0.05430555555555561
1 0.9578437499999999 0.5441203703703703 0.03984375000000018 0.055370370370370514