0 0.713487629688747 0.44680851063829785 0.0223463687150838 0.0425531914893617
0 0.7190742218675179 0.4946808510638298 0.018355945730247406 0.031914893617021274
1 0.7972865123703112 0.4553191489361702 0.15802075019952114 0.17340425531914894
1 0.5897845171588189 0.46702127659574466 0.12290502793296089 0.13617021276595745
1 0.5434956105347167 0.5776595744680851 0.020750199521149242 0.02446808510638298
1 0.48204309656823624 0.5808510638297872 0.020750199521149242 0.02553191489361702
1 0.441340782122905 0.5893617021276596 0.030327214684756583 0.03404255319148936
1 0.37749401436552277 0.5946808510638298 0.03910614525139665 0.04680851063829787
1 0.33359936153232245 0.5914893617021276 0.024740622505985636 0.04042553191489362
1 0.2561851556264964 0.6031914893617021 0.05746209098164405 0.04468085106382979
1 0.15802075019952114 0.5946808510638298 0.08060654429369513 0.06595744680851064
1 0.07023144453312051 0.6021276595744681 0.07581803671189145 0.06702127659574468
1 0.35913806863527536 0.6053191489361702 0.013567438148443736 0.01702127659574468