3 0.11875 0.46388888888888885 0.0036458333333333347 0.0564814814814815
0 0.12135416666666667 0.4712962962962963 0.005729166666666656 0.030555555555555503
0 0.12135416666666667 0.44166666666666665 0.00833333333333333 0.025
0 0.21302083333333333 0.4564814814814815 0.0078125 0.01574074074074069
0 0.21458333333333332 0.4722222222222222 0.005208333333333349 0.01574074074074075
1 0.27187500000000003 0.4962962962962963 0.04895833333333332 0.04444444444444444
1 0.31406249999999997 0.4972222222222222 0.014062500000000009 0.020370370370370375
1 0.328125 0.4962962962962963 0.007291666666666669 0.01574074074074069
1 0.35000000000000003 0.4981481481481481 0.013020833333333303 0.023148148148148185
1 0.3692708333333333 0.4972222222222222 0.01666666666666666 0.017592592592592625
1 0.38437499999999997 0.49537037037037035 0.019791666666666687 0.02129629629629625
1 0.4635416666666667 0.4768518518518518 0.08020833333333333 0.06574074074074075
0 0.5171874999999999 0.5101851851851852 0.008333333333333375 0.04074074074074069
0 0.5166666666666666 0.47777777777777775 0.010937499999999982 0.03425925925925925
0 0.5182291666666667 0.4472222222222222 0.008854166666666661 0.025925925925925936
1 0.5630208333333333 0.49166666666666664 0.045312500000000054 0.046296296296296315
3 0.6161458333333334 0.4824074074074074 0.006249999999999964 0.03518518518518519
1 0.6223958333333333 0.4787037037037037 0.029687500000000054 0.04444444444444444