1 0 0.3962962962962963 0.10052083333333332 0.2792356185973207
1 0.09531250000000001 0.4814814814814815 0.07135416666666665 0.07314814814814813
0 0.14895833333333333 0.487037037037037 0.006250000000000009 0.020370370370370375
0 0.15 0.4574074074074074 0.008854166666666684 0.02870370370370375
1 0.24166666666666667 0.49537037037037035 0.03489583333333331 0.04166666666666663
1 0.31093750000000003 0.49907407407407406 0.011979166666666643 0.02222222222222225
1 0.3286458333333333 0.4842592592592592 0.03489583333333331 0.07407407407407413
1 0.37187499999999996 0.49907407407407406 0.02395833333333333 0.024074074074074064
1 0.41822916666666665 0.5 0.02239583333333334 0.03796296296296294
1 0.43854166666666666 0.48055555555555557 0.08229166666666664 0.06018518518518519
0 0.4739583333333333 0.5092592592592593 0.008854166666666661 0.0314814814814815
0 0.47604166666666664 0.4824074074074074 0.008333333333333375 0.023148148148148185
0 0.475 0.4574074074074074 0.00989583333333332 0.023148148148148185
1 0.5026041666666667 0.49444444444444446 0.021874999999999964 0.03611111111111112
1 0.5317708333333333 0.4814814814814815 0.05677083333333341 0.04907407407407406
1 0.5989583333333333 0.4861111111111111 0.03125 0.03796296296296294
0 0.625 0.3962962962962963 0.017708333333333322 0.04166666666666663
0 0.6177083333333333 0.33888888888888885 0.023958333333333377 0.05555555555555556