0 0.17135416666666667 0.45555555555555555 0.007291666666666669 0.03240740740740738
0 0.234375 0.412037037037037 0.02083333333333335 0.062037037037037064
3 0.27083333333333337 0.4925925925925926 0.004166666666666642 0.02222222222222225
0 0.28750000000000003 0.4564814814814815 0.007291666666666669 0.025
1 0.328125 0.5009259259259259 0.015625 0.026851851851851814
3 0.35416666666666663 0.4824074074074074 0.01718749999999999 0.08055555555555562
3 0.37343750000000003 0.47314814814814815 0.01614583333333333 0.09074074074074075
0 0.43124999999999997 0.4101851851851852 0.016145833333333377 0.03611111111111112
0 0.434375 0.4472222222222222 0.008854166666666661 0.026851851851851873
1 0.43333333333333335 0.4888888888888889 0.032812499999999946 0.03981481481481481
3 0.4401041666666667 0.4861111111111111 0.005208333333333303 0.03796296296296294
3 0.4458333333333333 0.48518518518518516 0.0078125 0.038888888888888876
1 0.4744791666666667 0.48518518518518516 0.011458333333333267 0.02222222222222219
1 0.48385416666666664 0.48333333333333334 0.01354166666666668 0.02777777777777781
1 0.49895833333333334 0.4814814814814815 0.03229166666666666 0.03425925925925925
1 0.5333333333333333 0.47777777777777775 0.013020833333333303 0.03055555555555556
1 0.5437500000000001 0.48333333333333334 0.011979166666666643 0.026851851851851873
1 0.5505208333333333 0.4824074074074074 0.010416666666666605 0.03055555555555556