1 0.6354166666666666 0.4703703703703703 0.025520833333333316 0.07129629629629634
1 0.5807291666666666 0.4833333333333333 0.047916666666666614 0.06296296296296296
0 0.5234375 0.45185185185185184 0.010937500000000018 0.03055555555555553
0 0.5234375 0.4842592592592592 0.010416666666666666 0.028703703703703756
0 0.5249999999999999 0.5148148148148148 0.006250000000000036 0.037962962962963
1 0.4921875 0.47314814814814815 0.08125000000000002 0.08611111111111108
1 0.3963541666666666 0.49537037037037035 0.06510416666666671 0.05833333333333337
1 0.3052083333333333 0.49907407407407406 0.026041666666666668 0.03888888888888891
1 0.2791666666666666 0.4888888888888889 0.03489583333333337 0.06574074074074077
0 0.21510416666666668 0.4648148148148148 0.010937499999999973 0.013888888888888888
0 0.21510416666666668 0.4787037037037037 0.011979166666666631 0.017592592592592562
0 0.12395833333333332 0.48148148148148145 0.009895833333333338 0.0361111111111111
0 0.12291666666666666 0.45 0.008333333333333328 0.028703703703703697
0 0.11510416666666666 0.44166666666666665 0.009895833333333338 0.036111111111111156
0 0.10625000000000001 0.44259259259259254 0.0078125 0.032407407407407426
0 0.10729166666666666 0.4694444444444444 0.007291666666666671 0.027777777777777776
3 0.0171875 0.46759259259259256 0.019270833333333334 0.09907407407407412
1 0.04375 0.4777777777777778 0.06197916666666665 0.08148148148148143
1 -0.0005208333333333333 0.4638888888888889 0.0640625 0.11111111111111105