3 0.11197916666666667 0.4694444444444444 0.008333333333333328 0.047222222222222235
0 0.12239583333333333 0.449074074074074 0.010937499999999996 0.028703703703703756
0 0.12343749999999999 0.47962962962962963 0.007291666666666671 0.037962962962962934
1 0.04375 0.4935185185185185 0.109375 0.07592592592592592
0 0.035416666666666666 0.4759259259259259 0.041666666666666664 0.06481481481481485
0 0.21302083333333333 0.4611111111111111 0.014583333333333342 0.015740740740740725
0 0.21718749999999998 0.48055555555555557 0.009895833333333316 0.016666666666666642
1 0.3265625 0.5 0.013541666666666684 0.016666666666666642
1 0.3364583333333333 0.5009259259259259 0.016145833333333352 0.013888888888888888
1 0.35520833333333335 0.5009259259259259 0.010937500000000018 0.013888888888888888
1 0.3625 0.5055555555555555 0.015104166666666693 0.01296296296296291
1 0.37395833333333334 0.5018518518518519 0.01874999999999997 0.021296296296296292
1 0.38697916666666665 0.5009259259259259 0.023958333333333307 0.027777777777777776
1 0.2994791666666667 0.4925925925925926 0.025520833333333316 0.0453703703703704
1 0.28020833333333334 0.4962962962962963 0.02968749999999999 0.05092592592592591
0 0.5239583333333333 0.4546296296296296 0.012499999999999982 0.02685185185185186
0 0.5229166666666667 0.48055555555555557 0.011979166666666631 0.029629629629629613
0 0.5239583333333333 0.5092592592592592 0.006770833333333298 0.038888888888888855
1 0.46510416666666665 0.5018518518518519 0.032291666666666705 0.04907407407407413
1 0.4864583333333333 0.4712962962962963 0.08125000000000002 0.08888888888888884
1 0.5770833333333333 0.49537037037037035 0.052083333333333336 0.05277777777777774
1 0.6338541666666666 0.4768518518518518 0.02812500000000007 0.06388888888888894