1 0 0.6112037037037036 0.023109375 0.030879629629629757
1 0.06215624999999999 0.6090740740740741 0.05976562500000001 0.039398148148148016
0 0.31396875 0.5813888888888888 0.007968749999999969 0.01490740740740737
1 0.255 0.6133333333333333 0.034265624999999966 0.03620370370370363
1 0.28448437499999996 0.6080092592592592 0.026296875000000053 0.03833333333333333
1 0.380109375 0.6069444444444444 0.022312500000000013 0.02023148148148146
0 0.452625 0.5739351851851852 0.005578124999999934 0.013842592592592573
0 0.45820312499999993 0.5824537037037038 0.006375000000000075 0.017037037037037073
0 0.470953125 0.5824537037037038 0.013546875000000014 0.013842592592592462
0 0.5004375 0.5345370370370369 0.0231093750000001 0.01490740740740748
1 0.47174999999999995 0.5984259259259259 0.008765624999999999 0.00851851851851848
1 0.48051562499999995 0.5984259259259259 0.04143749999999996 0.048981481481481515
3 0.9124218750000002 0.4610648148148148 0.0709218749999998 0.26407407407407396