1 0.13593750000000002 0.48333333333333334 0.020833333333333325 0.019444444444444438
1 0.16354166666666667 0.48518518518518516 0.020312499999999994 0.019444444444444438
1 0.18854166666666666 0.4888888888888889 0.02291666666666667 0.017592592592592625
1 0.2171875 0.4814814814814815 0.028124999999999973 0.017592592592592562
1 0.221875 0.4898148148148148 0.02447916666666666 0.0185185185185185
1 0.2520833333333333 0.4842592592592592 0.02083333333333335 0.023148148148148126
1 0.2677083333333333 0.49537037037037035 0.03020833333333334 0.0435185185185185
0 0.28802083333333334 0.46574074074074073 0.0078125 0.0185185185185185
0 0.2911458333333333 0.43796296296296294 0.010937500000000027 0.01574074074074075
0 0.3041666666666667 0.43240740740740735 0.01510416666666667 0.012962962962962999
0 0.36354166666666665 0.437037037037037 0.011458333333333357 0.00925925925925931
1 0.34270833333333334 0.47777777777777775 0.01718749999999999 0.029629629629629624
1 0.33229166666666665 0.4962962962962963 0.03437500000000003 0.057407407407407435
1 0.3692708333333333 0.4925925925925926 0.007291666666666669 0.025
1 0.378125 0.4935185185185185 0.021354166666666678 0.038888888888888876
1 0.390625 0.4972222222222222 0.03854166666666663 0.06759259259259257
1 0.41510416666666666 0.487037037037037 0.07604166666666667 0.11481481481481487
1 0.4609375 0.47407407407407404 0.021354166666666678 0.03425925925925925
1 0.47291666666666665 0.4787037037037037 0.021354166666666678 0.02777777777777781
1 0.48593749999999997 0.47777777777777775 0.03645833333333339 0.042592592592592626
1 0.49166666666666664 0.4759259259259259 0.0677083333333334 0.05740740740740738