0 0.31145833333333334 0.4842592592592592 0.006249999999999991 0.014814814814814866
0 0.2989583333333333 0.4722222222222222 0.009375000000000008 0.013888888888888888
0 0.30104166666666665 0.48703703703703705 0.006249999999999991 0.012037037037037053
0 0.40937500000000004 0.4444444444444444 0.014583333333333297 0.02685185185185186
0 0.41093749999999996 0.47314814814814815 0.008854166666666703 0.02314814814814813
0 0.26875 0.44351851851851853 0.015625 0.05740740740740739
3 0.27291666666666664 0.4972222222222222 0.00989583333333336 0.030555555555555593
3 0.21302083333333333 0.4925925925925926 0.011458333333333324 0.048148148148148155
3 0.20624999999999996 0.4944444444444444 0.00833333333333335 0.047222222222222235
3 0.37916666666666665 0.4851851851851852 0.01874999999999997 0.08055555555555557
3 0.39999999999999997 0.48055555555555557 0.013541666666666684 0.08333333333333327
3 0.42500000000000004 0.48055555555555557 0.014583333333333297 0.07222222222222226
1 0.3286458333333333 0.4962962962962963 0.023958333333333352 0.05092592592592591
0 0.19583333333333333 0.4759259259259259 0.008333333333333328 0.02685185185185186