1 0 0.4574074074074074 0.020833333333333332 0.05555555555555556
1 0.011979166666666666 0.45925925925925926 0.02291666666666667 0.0314814814814815
1 0.01875 0.45185185185185184 0.058333333333333334 0.0694444444444445
3 0.09739583333333333 0.4546296296296296 0.0078125 0.05185185185185187
0 0.14114583333333333 0.3101851851851852 0.01666666666666666 0.037037037037037
0 0.16822916666666665 0.3768518518518518 0.009374999999999991 0.05462962962962969
1 0.17760416666666665 0.45925925925925926 0.0984375 0.12129629629629625
1 0.2375 0.4601851851851852 0.05520833333333333 0.07685185185185181
0 0.3802083333333333 0.3185185185185185 0.025520833333333368 0.020370370370370375
0 0.4380208333333333 0.32037037037037036 0.015625 0.017592592592592562
0 0.4317708333333333 0.4037037037037037 0.0078125 0.023148148148148126
0 0.43072916666666666 0.42592592592592593 0.004687500000000018 0.023148148148148126
0 0.440625 0.4203703703703704 0.004166666666666642 0.02870370370370369
1 0.48854166666666665 0.4703703703703704 0.021354166666666678 0.03055555555555556
1 0.5192708333333333 0.4203703703703704 0.1328125 0.262962962962963