1 0.42632812500000006 0.5696759259259259 0.04143749999999996 0.045787037037037126
1 0.47015624999999994 0.5707407407407407 0.020718750000000008 0.02662037037037035
1 0.491671875 0.5654166666666666 0.01992187500000009 0.019166666666666665
1 0.49884375000000003 0.5835185185185184 0.042234374999999935 0.04152777777777783
1 0.541078125 0.5707407407407407 0.015937499999999938 0.027685185185185257
1 0.564984375 0.5728703703703703 0.02231250000000007 0.017037037037037073
1 0.588890625 0.575 0.024703124999999937 0.019166666666666554
1 0.730734375 0.5547685185185185 0.12032812499999979 0.07879629629629625
0 0.818390625 0.5558333333333333 0.014343749999999877 0.03194444444444455
0 0.8199843750000001 0.5899074074074073 0.007968749999999858 0.042592592592592626
1 0.8781562500000001 0.5718055555555555 0.07490624999999995 0.05324074074074081
1 0.961828125 0.5568981481481481 0.03585937500000003 0.05537037037037029
3 0.9586406249999999 0.5643518518518518 0.011953125000000009 0.037268518518518534