3 0.014343749999999999 0.5185648148148148 0.023109374999999998 0.13203703703703706
0 0.241453125 0.49087962962962955 0.016734375000000024 0.0276851851851852
0 0.24304687500000002 0.5249537037037036 0.013546874999999986 0.02023148148148146
1 0.4358906249999999 0.5771296296296294 0.06853124999999999 0.08518518518518525
1 0.5004375 0.5835185185185184 0.03346875000000005 0.040462962962963034
1 0.53390625 0.580324074074074 0.019921874999999978 0.030879629629629535
1 0.554625 0.5781944444444443 0.01673437500000008 0.019166666666666776
1 0.59128125 0.5792592592592591 0.01593750000000005 0.025555555555555554
1 0.6104062499999999 0.5813888888888888 0.015937499999999938 0.018101851851851758
1 0.62634375 0.5771296296296294 0.0231093750000001 0.02449074074074087
1 0.6470625 0.5792592592592591 0.024703124999999937 0.024490740740740757
1 0.655828125 0.5781944444444443 0.043828124999999996 0.030879629629629757
1 0.70921875 0.5792592592592591 0.024703124999999937 0.022361111111111165
1 0.733921875 0.5856481481481481 0.01593750000000005 0.02023148148148146
1 0.74746875 0.5867129629629629 0.043828124999999885 0.02662037037037035
1 0.778546875 0.5856481481481481 0.025499999999999856 0.019166666666666776
1 0.807234375 0.5824537037037038 0.027093750000000028 0.02342592592592574
1 0.8351250000000001 0.5856481481481481 0.03426562500000008 0.027685185185185146
1 0.8630156249999998 0.5835185185185184 0.046218750000000086 0.03300925925925935
1 0.9124218750000002 0.580324074074074 0.031078124999999956 0.025555555555555443
0 0.9434999999999999 0.5558333333333333 0.01593750000000016 0.02342592592592596
0 0.9434999999999999 0.522824074074074 0.017531249999999998 0.03300925925925913