3 0.174515625 0.5324074074074073 0.011156250000000006 0.07240740740740736
0 0.18328125 0.539861111111111 0.009562500000000002 0.03833333333333333
0 0.18328125 0.5047222222222222 0.011953125000000037 0.02342592592592596
0 0.327515625 0.5206944444444443 0.011953125000000009 0.02023148148148146
0 0.329109375 0.5409259259259259 0.007171874999999994 0.019166666666666554
1 0.34504687500000003 0.5579629629629629 0.1012031249999999 0.07134259259259268
1 0.43429687499999997 0.5707407407407407 0.03346875000000005 0.04365740740740742
1 0.48928125000000006 0.5675462962962963 0.016734375000000024 0.025555555555555554
1 0.5115937500000001 0.5696759259259259 0.020718749999999897 0.01810185185185187
1 0.5323125 0.5707407407407407 0.01992187500000009 0.028749999999999942
1 0.561 0.5686111111111111 0.028687499999999977 0.022361111111111165
1 0.585703125 0.563287037037037 0.03426562500000008 0.025555555555555443
1 0.7108125000000001 0.5473148148148148 0.12510937499999986 0.06921296296296287
0 0.7936874999999999 0.5835185185185184 0.007968749999999969 0.030879629629629757
0 0.7936874999999999 0.5462499999999999 0.01035937500000017 0.022361111111111165
0 0.7952812499999999 0.5089814814814814 0.01035937500000017 0.02342592592592596
1 0.858234375 0.5568981481481481 0.0764999999999999 0.057499999999999996
3 0.944296875 0.5526388888888889 0.0063749999999999085 0.04152777777777761
1 0.9554531249999999 0.5494444444444444 0.04223437500000016 0.04791666666666661