0 0.184456640625 0.5065909722222222 0.01726828124999999 0.03566064814814818
0 0.18524156249999998 0.5443493055555556 0.01412859375000003 0.045100231481481456
1 0.031396875 0.545398148148148 0.10125492187500001 0.08915162037037039
0 0 0.5359585648148147 0.08477156249999998 0.11012847222222222
1 0.48586664062499996 0.5632284722222222 0.024332578125000115 0.029367592592592584
1 0.419933203125 0.5537888888888889 0.05337468749999996 0.06397939814814813
1 0.504704765625 0.5642773148148147 0.023547656249999993 0.026221064814814787
1 0.546305625 0.566375 0.016483359375000117 0.027269907407407312
1 0.5674985156250001 0.5653261574074073 0.017268281250000017 0.02517222222222215
1 0.586336640625 0.5632284722222222 0.036106406249999945 0.031465277777777745
1 0.521973046875 0.5726680555555556 0.025117500000000015 0.0367094907407407
0 0.7912012499999999 0.5097375 0.014913515624999985 0.033562962962962906
0 0.78963140625 0.5464469907407407 0.017268281249999906 0.033562962962962906
0 0.7904163281249998 0.584205324074074 0.00863414062500012 0.045100231481481456
3 0.8704783593750001 0.5590331018518518 0.017268281250000017 0.04405138888888871
1 0.6648288281249999 0.5632284722222222 0.08948109375000024 0.0692236111111112
1 0.7488154687499999 0.5349097222222222 0.1114589062500001 0.08915162037037028
1 0.879897421875 0.545398148148148 0.03924609374999999 0.06712592592592592
1 0.912864140625 0.5191770833333332 0.08241679687500014 0.1059331018518519