1 0.05187549880287311 0.5340425531914894 0.09736632083000799 0.07127659574468086
1 0.16121308858739025 0.5329787234042553 0.06384676775738228 0.06063829787234042
0 0.24421388667198723 0.43617021276595747 0.02314445331205108 0.039361702127659576
0 0.2490023942537909 0.474468085106383 0.011971268954509178 0.052127659574468084
0 0.160415003990423 0.28829787234042553 0.06384676775738228 0.04042553191489362
0 0.286512370311253 0.27872340425531916 0.06464485235434957 0.03297872340425532
0 0.5570630486831604 0.27872340425531916 0.07661612130885874 0.031914893617021274
0 0.9632881085395052 0.03297872340425532 0.035913806863527534 0.047872340425531915
0 0.8938547486033519 0.09361702127659574 0.04868316041500399 0.0425531914893617
0 0.7613727055067837 0.41702127659574467 0.014365522745411013 0.043617021276595745
0 0.6520351157222666 0.48829787234042554 0.011971268954509178 0.013829787234042552
0 0.664804469273743 0.4851063829787234 0.012769353551476457 0.014893617021276596
0 0.6783719074221868 0.48936170212765956 0.015163607342378291 0.011702127659574468