1 0.2745411013567438 0.5840425531914893 0.05746209098164405 0.052127659574468084
1 0.37270550678371905 0.5723404255319149 0.03671189146049481 0.04680851063829787
1 0.43735035913806863 0.5680851063829787 0.024740622505985636 0.03297872340425532
1 0.5043894652833201 0.5797872340425532 0.027932960893854747 0.035106382978723406
1 0.5275339185953711 0.5776595744680851 0.03112529928172386 0.027659574468085105
3 0.5849960095770151 0.5627659574468085 0.007182761372705506 0.015957446808510637
3 0.5770151636073424 0.5478723404255319 0.007182761372705506 0.018085106382978722
3 0.5570630486831604 0.5595744680851064 0.007182761372705506 0.02127659574468085
1 0.5450917797286512 0.5478723404255319 0.012769353551476457 0.01702127659574468
1 0.5379090183559457 0.5468085106382978 0.008778930566640064 0.01276595744680851
1 0.5307262569832403 0.5425531914893617 0.007980845969672785 0.010638297872340425
1 0.5003990422984836 0.5382978723404256 0.01596169193934557 0.014893617021276596
3 0.48124501197126895 0.5414893617021277 0.009577015163607342 0.015957446808510637
0 0.7118914604948124 0.5297872340425532 0.013567438148443736 0.02021276595744681