0 0.222328125 0.39398148148148143 0.051000000000000045 0.1416203703703704
3 0.25021875 0.5664814814814815 0.024703124999999992 0.051111111111110996
0 0.18965625 0.5206944444444443 0.012750000000000011 0.034074074074074034
3 0.421546875 0.5324074074074073 0.029484375000000007 0.20018518518518524
0 0.41596875000000005 0.5143055555555555 0.011156250000000034 0.02023148148148146
0 0.415171875 0.5356018518518518 0.009562499999999974 0.022361111111111054
0 0.45103125 0.5377314814814814 0.010359374999999948 0.018101851851851758
3 0.47653125 0.5238888888888888 0.027093749999999972 0.18953703703703695
1 0.49804687500000006 0.5686111111111111 0.020718749999999952 0.030879629629629757
3 0.576140625 0.5324074074074073 0.035615161113328075 0.1629166666666667
3 0.710015625 0.5643518518518518 0.008765624999999999 0.0532407407407407
3 0.721171875 0.5643518518518518 0.00956250000000003 0.05643518518518531
1 0.69646875 0.5675462962962963 0.058171874999999984 0.04152777777777783
1 0.7554375 0.5643518518518518 0.01354687500000018 0.023425925925926072
1 0.7697812499999999 0.5611574074074074 0.02789062500000017 0.030879629629629646
1 0.797671875 0.5568981481481481 0.01035937500000006 0.030879629629629646
1 0.8080312500000001 0.5537037037037037 0.057374999999999954 0.03620370370370363
1 0.885328125 0.5537037037037037 0.051000000000000156 0.04046296296296281
1 0.920390625 0.551574074074074 0.0589687499999999 0.05004629629629631
0 0.7968749999999999 0.4546759259259259 0.03426562500000008 0.05537037037037029
0 0.794484375 0.38013888888888886 0.038249999999999895 0.06708333333333327