3 0.4389465283320032 0.4765957446808511 0.014365522745411013 0.04680851063829787
1 0.441340782122905 0.48723404255319147 0.02314445331205108 0.029787234042553193
1 0.4668794892258579 0.4819148936170213 0.024740622505985636 0.031914893617021274
1 0.42857142857142855 0.48829787234042554 0.013567438148443736 0.02021276595744681
0 0.5379090183559457 0.3638297872340426 0.01675977653631285 0.023404255319148935
1 0.7023144453312051 0.4478723404255319 0.2841181165203512 0.21170212765957447
1 0.5937749401436552 0.4553191489361702 0.12370311252992817 0.15851063829787235
1 0.5690343176376695 0.46595744680851064 0.05107741420590583 0.10106382978723404
1 0.5466879489225858 0.4563829787234043 0.055865921787709494 0.09574468085106383
1 0.5315243415802074 0.46595744680851064 0.04229848363926576 0.07021276595744681
1 0.5123703112529928 0.4819148936170213 0.025538707102952914 0.04680851063829787
1 0.49960095770151636 0.48404255319148937 0.025538707102952914 0.043617021276595745
1 0.49241819632881084 0.4829787234042553 0.01596169193934557 0.04148936170212766
3 0.27294493216280924 0.46808510638297873 0.019952114924181964 0.07021276595744681
3 0.2936951316839585 0.4723404255319149 0.01675977653631285 0.06702127659574468
3 0.31524341580207504 0.474468085106383 0.01675977653631285 0.05425531914893617