1 0.12370311252992817 0.6031914893617021 0.04868316041500399 0.03404255319148936
1 0.22186751795690343 0.5478723404255319 0.06225059856344772 0.0851063829787234
1 0.3088587390263368 0.575531914893617 0.024740622505985636 0.029787234042553193
1 0.3407821229050279 0.5521276595744681 0.029529130087789304 0.04680851063829787
1 0.3679169992019154 0.5723404255319149 0.010375099760574621 0.019148936170212766
1 0.3950518754988029 0.5648936170212766 0.0335195530726257 0.06489361702127659
1 0.4221867517956903 0.5659574468085107 0.02314445331205108 0.05531914893617021
1 0.4397446129289705 0.5659574468085107 0.01596169193934557 0.03829787234042553
1 0.4748603351955307 0.5606382978723404 0.025538707102952914 0.05106382978723404
0 0.839584996009577 0.5010638297872341 0.02154828411811652 0.035106382978723406
0 0.839584996009577 0.4734042553191489 0.019952114924181964 0.027659574468085105
1 0.4588986432561852 0.5680851063829787 0.012769353551476457 0.02553191489361702