1 0.11731843575418995 0.6159574468085106 0.06943335993615324 0.06595744680851064
0 0.16280925778132482 0.5372340425531915 0.052673583399840386 0.043617021276595745
1 0.27693535514764567 0.5851063829787234 0.05506783719074222 0.07127659574468086
1 0.35195530726256985 0.5989361702127659 0.02314445331205108 0.02446808510638298
1 0.3974461292897047 0.5638297872340425 0.02713487629688747 0.05638297872340425
1 0.38786911412609737 0.6021276595744681 0.010375099760574621 0.014893617021276596
1 0.4221867517956903 0.5904255319148937 0.011971268954509178 0.01702127659574468
1 0.4405426975259378 0.5840425531914893 0.019952114924181964 0.031914893617021274
0 0.5610534716679968 0.5159574468085106 0.015163607342378291 0.023404255319148935
0 0.5778132482043097 0.5351063829787234 0.007182761372705506 0.01276595744680851
0 0.5985634477254589 0.48404255319148937 0.018355945730247406 0.031914893617021274
0 0.5993615323224262 0.4574468085106383 0.01596169193934557 0.02127659574468085
1 0.6544293695131684 0.5468085106382978 0.04868316041500399 0.04893617021276596
1 0.6911412609736632 0.5297872340425532 0.05187549880287311 0.03297872340425532
0 0.8483639265762171 0.41702127659574467 0.023942537909018357 0.043617021276595745