0 0.3399840383080607 0.298936170212766 0.02314445331205108 0.035106382978723406
0 0.41739824421388666 0.3021276595744681 0.025538707102952914 0.022340425531914895
0 0.49241819632881084 0.2872340425531915 0.019154030327214685 0.02872340425531915
1 0.4397446129289705 0.5638297872340425 0.0335195530726257 0.04893617021276596
1 0 0.4851063829787234 0.1516360734237829 0.2691489361702128
1 0.4118116520351157 0.5648936170212766 0.013567438148443736 0.018085106382978722
1 0.5283320031923384 0.5117021276595745 0.035115722266560255 0.09042553191489362
1 0.7414205905826018 0.5074468085106383 0.07741420590582601 0.08085106382978724
1 0.48922585794094176 0.5648936170212766 0.008778930566640064 0.01276595744680851
1 0.49880287310454907 0.5648936170212766 0.010375099760574621 0.018085106382978722
1 0.47805267358339987 0.5659574468085107 0.0111731843575419 0.015957446808510637