0 0.4766584328125 0.3520686305555556 0.009560483593750035 0.024280594444444463
0 0.45480589687500006 0.38666847638888885 0.010926268749999935 0.016996416666666726
1 0.44524541328125 0.398808775 0.02321832031250004 0.03884895000000002
1 0.45344011249999994 0.4036648930555556 0.01638940234375008 0.041277012499999995
1 0.4616348140625 0.4012368333333333 0.021852535156249964 0.04856119027777781
1 0.46982951640625004 0.4012368333333333 0.05053398828124998 0.06798566527777779
1 0.48485313437500005 0.4085210125 0.050533989843749974 0.070413725
1 0.5162661523437501 0.4041666666666667 0.076483875 0.12575731944444446
1 0.38788250625 0.398808775 0.024584102343750035 0.03884895000000002
1 0.203125 0.3696720625 0.10281049765625001 0.1408274486111111
1 0.115625 0.36666666666666664 0.13046875 0.1763888888888889
1 0.559375 0.325 0.16875 0.23333333333333334
1 0.65078125 0.32916666666666666 0.346875 0.44166666666666665
1 0.00078125 0.26666666666666666 0.15703125 0.39305555555555555
1 0.41028135624999995 0.3982017597222222 0.03659364375000003 0.05376417222222227
1 0.30238446171875 0.29622325833333335 0.09150749218749996 0.17239223055555553
0 0.78566694375 0.11776088472222222 0.08741014140625003 0.1530724486111111
0 0.8034221289062501 0.27801281250000004 0.043705071874999925 0.05584536944444444
0 0.40922285234375 0.3458250347222222 0.006828917968749959 0.02913671388888892
3 0.09919000390625 0.36039339305555557 0.024584101562500005 0.04127701111111111
0 0.56492216953125 0.3191163777777778 0.016389401562499996 0.029136715277777805