0 0.45105986640625 0.41765595555555557 0.02373045234375004 0.023437484722222183
1 0.4073727671875 0.4667407402777778 0.01054686718750002 0.014062488888888837
1 0.38232395625 0.4597094944444444 0.01054686718750002 0.018749988888888916
1 0.1054686765625 0.45736574722222223 0.02109373671874999 0.01874998750000003
1 0.391552465625 0.4650666319444445 0.014501942968749982 0.02109373472222218
1 0.41660127578125 0.46272288333333333 0.013183585156250021 0.023437483333333297
1 0.37045872968750004 0.46037913472222225 0.011865226562499975 0.023437484722222183
1 0.35200171171875 0.46272288333333333 0.014501942968750025 0.028124980555555526
1 0.134653834375 0.41765595555555557 0.052734337500000006 0.05859370972222225
1 0.4828125 0.4125 0.06484375 0.09861111111111111
1 0.0015625 0.3902777777777778 0.1 0.16666666666666666
1 0.870297859375 0.3055555555555556 0.12919912968750005 0.3464752388888889