0 0.4834857 0.25385919444444444 0.007735569531249986 0.028650259722222217
0 0.43707228203125004 0.26531930000000004 0.009024831249999999 0.025212227777777783
0 0.57373401484375 0.2790714208333333 0.01095872421874997 0.02521222916666667
1 0.44351858984375003 0.3547081083333333 0.022562078124999996 0.030942276388888877
1 0.46875 0.34305555555555556 0.0296875 0.043055555555555555
1 0.34037766015625 0.35 0.0734879125 0.09524291944444446
1 0.26753437890625 0.3764823041666666 0.05801677421874998 0.07219864861111118
1 0.296875 0.357000125 0.04765625 0.07907471388888886
1 0.1998481421875 0.3776283125 0.0483473109375 0.10314092916666671
1 0.1 0.38472222222222224 0.09375 0.1361111111111111
1 0 0.39444444444444443 0.146988415625 0.40376965972222223
1 0.55761824375 0.34210199166666666 0.03029764921874998 0.05271647499999999
1 0.606610184375 0.31805555555555554 0.04641341796875 0.07790892222222223
1 0.6575360203125 0.30428365 0.08509126562499994 0.11918507361111115
1 0.7174866859375 0.2928235472222222 0.08380200390625 0.15814942916666663
1 0.88084472734375 0.33809990833333337 0.11865226250000002 0.24066217083333327