0 0.5403615859374999 0.33154929166666663 0.05833992343750003 0.039105813888888875
0 0.61878574609375 0.33665005 0.0392120796875 0.02210328611111107
0 0.6704309234375 0.3672546 0.010520314062500003 0.017002527777777804
0 0.6704309234375 0.38595738055555556 0.011476708593750029 0.01870278055555556
0 0.56044582265625 0.3774561166666666 0.007651137500000083 0.011901769444444455
0 0.78615437890625 0.37065510555555553 0.055470746874999935 0.05440809027777781
1 0.6168729617187501 0.45 0.024866196874999958 0.04137305416666663
1 0.3710801703125 0.4692697666666667 0.021040628125000006 0.023803537500000024
1 0.32995530546874996 0.45906824999999996 0.014345882812499999 0.034005052777777836
1 0.4 0.275 0.1453125 0.3
1 0.35960346328125004 0.38472222222222224 0.04820903671874999 0.11345184305555552
1 0 0 0.353125 0.8722296763888888
1 0.967868865625 0.504975075 0.030604578906249992 0.11149053055555551
1 0.56714056796875 0.4794712833333333 0.017215059374999963 0.027204044444444502
1 0.58626841171875 0.4896728 0.029648160156249936 0.027204043055555537
0 0.70454226484375 0.29811099166666666 0.010520313281249916 0.017002523611111108