0 0.07993424375 0.256482775 0.036092548437500004 0.056478380555555555
0 0.48350469140624996 0.37779219583333334 0.006823654687500014 0.025994876388888914
0 0.44646199375 0.37779219583333334 0.006823654687500014 0.015596926388888871
0 0.41429333437500004 0.3725932208333333 0.004874039062499946 0.017329918055555598
1 0.44646199375 0.41245203055555557 0.009748078124999981 0.015596926388888871
1 0.45426045625 0.41765100555555557 0.00877327109374999 0.02426188472222219
1 0.46595814999999996 0.41245203055555557 0.013647310156250026 0.032926843055555585
1 0.47570622890625 0.41938399722222225 0.01754654140625007 0.03639282638888888
1 0.48545430703125003 0.41938399722222225 0.04289154453124997 0.0554557388888889
1 0.51762296640625 0.4055200638888889 0.07798462734374993 0.10397950555555559
1 0.5429679703125 0.4349809236111111 0.10527924765624999 0.10917847638888886
1 0.56928778203125 0.47483973333333335 0.10625405546874997 0.1074454861111111
0 0.09553116874999999 0.20969199861111112 0.057513663281250016 0.038125818055555566
0 0.07798462734375 0.13863933750000001 0.040941930468749985 0.03465983472222221
0 0.1306242515625 0.1178434375 0.017546539843750007 0.039858809722222235