3 0.0395829390625 0.3768021236111111 0.038600383593749996 0.1809149291666667
3 0.095027125 0.34935296527777776 0.03228395781250001 0.24579476111111115
3 0.9643077554687499 0.5652031861111111 0.026669353906250137 0.0611367694444444
3 0.6204134328124999 0.5128002430555556 0.006316426562499977 0.033687606944444407
3 0.6126933554687499 0.5215340652777778 0.006316426562500066 0.02245840694444444
3 0.55724916953125 0.5058131763888889 0.006316426562499977 0.02121071527777774
1 0.07720076640625 0.4419938847222222 0.055444186718749996 0.04616449861111115
1 0.5754966234375 0.5218459902777778 0.03368760703125 0.021210713888888934
1 0.55795099453125 0.5218459902777778 0.020352930468749975 0.016219958333333374
1 0.01614197890625 0.43076468055555556 0.03789855859375 0.027449162499999995
1 0 0.39582938472222223 0.02386205546875 0.05988908055555555
1 0.9774669781249999 0.6032577055555556 0.022458405468750088 0.11478739861111112
1 0.63848543046875 0.4996995069444444 0.35021074921874995 0.33188531527777787
1 0.24227003984375 0.4584009888888889 0.10667742265624999 0.09232899444444445
1 0.135592621875 0.4409333583333333 0.07298981640624999 0.06987059166666666
1 0.3291642890625 0.41223649027777776 0.24577088281249998 0.33663210694444445
1 0.12211757578125 0.3930220833333334 0.09685187109375 0.094824375
0 0.07256871953125 0.007486133333333334 0.032283957812499986 0.13350274166666665
0 0.61409700546875 0.4753695694444445 0.0049127757812500224 0.013724580555555517
0 0.73902188359375 0.43294813750000005 0.0084219015625 0.04117374305555551
0 0.4563618046875 0.37337097916666667 0.00912372656249998 0.03743067638888888
0 0.14696219375 0.3705636791666667 0.007018251562499999 0.01746764861111111
0 0.01080810703125 0.13724580694444444 0.09895734531249999 0.13225504999999999
0 0.16029686328124998 0.3680683013888889 0.01122920234375 0.02121071527777774
0 0.43751779375 0.22208866944444444 0.04070585937499995 0.02869685
0 0.44243057031250005 0.26825316805555555 0.02526570546875 0.057393701388888885
0 0.60314852890625 0.42047124583333334 0.024563879687500022 0.012476888888888895
0 0.61227225625 0.44916809583333334 0.0070182515625000445 0.01372458194444448
0 0.72877525234375 0.3293899361111111 0.021054754687500045 0.05240294583333333
0 0.74070627890625 0.39177439444444445 0.023160230468750063 0.013724580555555595
0 0.236749025 0.3052679513888889 0.015440153125 0.01746764861111111
0 0.2424805890625 0.3771140486111111 0.007018251562499999 0.02370609444444448
0 0.24037511406249998 0.40581089722222224 0.009334265625000037 0.013724580555555517
1 0.02316022890625 0.4217189347222222 0.02105475546875 0.008733822222222267
0 0.10466740625 0.060292584722222216 0.02572830156250001 0.09009236944444446