0 0.16632449765625 0.0013571611111111112 0.0306660765625 0.013860375
0 0.15800827343749999 0.016141559722222223 0.03794277421875001 0.1441478875
0 0.0779646171875 0.37651127083333336 0.008316225 0.024024648611111053
0 0.7053669984375001 0.00690131111111111 0.032745133593749996 0.13028751111111112
0 0.71316346015625 0.0004331361111111111 0.016112685937499992 0.004620125
0 0.46523602890625 0.39037164583333334 0.010395278906250027 0.04158112083333331
0 0.82595224921875 0.44488911249999996 0.010395280468750023 0.028644769444444447
0 0.94289915078125 0.40238396805555554 0.020790560156250137 0.036036963888888905
0 0.5894596265625001 0.48000206111111116 0.012474334374999962 0.018480497222222187
0 0.46575579375 0.3737391972222222 0.008316225781249997 0.015708422222222237
0 0.3909097765625 0.49663450694444444 0.01351386406249997 0.053593450000000015
0 0.29858080390624997 0.5271273291666667 0.011954571874999997 0.024024651388888905
1 0.35551859453125 0.5603082236111111 0.02910678281250001 0.04712526666666664
1 0.4903737140625 0.549219925 0.025468435937500013 0.03049282083333327
1 0.5178739554687499 0.553952925 0.031126773437499988 0.026683844444444403
1 0.8337487093749999 0.5002466041666667 0.12006548671875006 0.0960985902777778
1 0.9371817468750001 0.39020363472222225 0.06185191796874996 0.1413758069444444
0 0.838993603125 0.4153203180555555 0.01923126953125003 0.05544148888888895
0 0.42185937031250004 0.4892423083333333 0.008316225 0.023100625000000007
0 0.16970974921874998 0.5084999597222223 0.010968749218749995 0.020999998611111122
2 0.36539411171874997 0.5437597791666667 0.011954573437500038 0.04342916944444444
1 0.36019647187500003 0.5676164152777778 0.018191737499999982 0.04620124444444439
0 0.36747316875 0.5289753791666667 0.012474333593750008 0.013860376388888875
0 0.36799293203125 0.5077228055555556 0.00623716796874998 0.014784398611111114
0 0.07484603281249999 0.4070040916666666 0.018711503906250003 0.05359344583333336
0 0.648602634375 0.5095713888888889 0.005906250000000046 0.020999997222222237
0 0.61400888671875 0.5035713902777778 0.014343748437500015 0.017999998611111165
