0 0.4392700890625 0.13458385694444444 0.015023617187500005 0.06312954722222223
0 0.41878333671875 0.3215444402777778 0.008194700781249953 0.026708652777777786
0 0.52531444921875 0.3336847361111111 0.008194700781249953 0.01942447777777778
0 0.47614624296874997 0.3506811513888889 0.006828916406250052 0.01942447777777774
0 0.4679515421875 0.3506811513888889 0.0054631335937499696 0.02185253611111114
0 0.5567274679687501 0.3603933916666667 0.006828916406249963 0.021852536111111064
0 0.56765373671875 0.3676775708333333 0.009560483593750035 0.02185253611111114
0 0.551264334375 0.37253368750000004 0.00819470156250004 0.01942447777777774
0 0.43790430625 0.35553727222222226 0.006828917968749959 0.021852536111111102
0 0.4269780390625 0.35553727222222226 0.012292051562500017 0.012140295833333307
1 0.52668023203125 0.3846739861111111 0.005463135156249965 0.024280597222222235
1 0.39966236875 0.37738980833333335 0.027315668749999977 0.03642089027777781
1 0.49936456171875 0.35796533333333336 0.030047235937500007 0.0364208930555555
1 0.49799877890625 0.39195816527777777 0.03277880312499999 0.03399283472222226
1 0.52804601484375 0.382245925 0.035510369531249975 0.06312954583333337
1 0.64960074453125 0.38710204444444446 0.23354897421874998 0.33507221249999997
1 0.27401028828124996 0.3676775708333333 0.11062846171875003 0.1286871541666667
1 0.46385419140625006 0.38710204444444446 0.019120969531249976 0.021852536111111064
0 0.9391468406250001 0.27541130694444443 0.045070855468750004 0.026708652777777786
0 0.65916122890625 0.3045480222222222 0.01912096796875007 0.03399283333333333
0 0.612724590625 0.3433969763888889 0.009560483593750035 0.024280594444444425
