1 0.29059555234375 0.2614961361111111 0.08968998359375 0.12968507499999996
1 0.16144197421875 0.24448825833333332 0.1387205109375 0.15944886111111112
1 0.42692433046874995 0.23811030277777775 0.04065946093750004 0.025511816666666694
0 0.51661431640625 0.13818901388888888 0.00956693203124992 0.03188977222222223
0 0.41855326640625 0.13393704305555554 0.007175198437500007 0.023385836111111127
0 0.44366646171874996 0.16795280277777777 0.0059793320312500065 0.02551181805555554
0 0.35158474296875003 0.129685075 0.008371065624999962 0.034015758333333326
1 0.49030525390625 0.2317323472222222 0.058597458593749964 0.02338583472222224
1 0.54770684453125 0.2529921958333333 0.04424705937500004 0.12755909027777773
3 0.66968522578125 0.22960636250000002 0.01793799609375002 0.08503939444444444
3 0.71034468515625 0.20196855833333333 0.04065946171874994 0.17645674305555553
3 0.9157945671875 0.18283469444444447 0.07892718750000008 0.24448825833333332
0 0.53311727734375 0.20409454444444444 0.014350398437500012 0.023385836111111127
0 0.29896661875 0.2423622722222222 0.01674213124999997 0.029763787500000027
1 0.14230811015625 0.2678740902777778 0.05022639296875 0.07228348749999998
1 0.03826772734375 0.27637802916666665 0.12197837890624999 0.12543310555555556
1 0 0.270000075 0.04065946015625 0.11905515277777773
1 0 0.3454725347222222 0.14828744375 0.3592914402777778
1 0.32065664296874996 0.249590625 0.2893996890625 0.41881901111111103
