0 0.00196229921875 0.22950708333333333 0.01872112265625 0.08320498888888889
0 0.10720766171875 0.17027306111111112 0.022231333593750003 0.0915254888888889
0 0.31782029375 0.24723767638888888 0.014040839843749976 0.0894453638888889
0 0.6349093070312499 0.30666981666666665 0.01287077187500003 0.06448386944444447
0 0.6267188148437499 0.3087499402777778 0.009360561718750039 0.04992299444444441
0 0.5623649578125 0.3524325583333333 0.01404084140625006 0.05824349305555556
0 0.55300439453125 0.35867293333333333 0.010530631249999978 0.05408324444444443
0 0.8268008140625 0.4397978 0.02223133359374998 0.035362119444444395
0 0.15635060703125 0.5126021652777778 0.014040844531249985 0.020801248611111114
3 0.0975838515625 0.5632977791666667 0.014040841406249994 0.04784287083333333
3 0.1127947625 0.5591375375 0.0163809828125 0.06032361805555553
3 0.5934595921875 0.5341760333333333 0.014040842968749967 0.05408324166666666
3 0.9653078859375 0.46553191388888887 0.024571474218750035 0.05616336805555559
0 0.20666362421875 0.5114135194444445 0.02808168437499998 0.05616336805555551
0 0.8349913062500001 0.2576383 0.018721122656249988 0.06240374166666669
0 0.830311025 0.3450035375 0.0351021046875001 0.02704162083333337
0 0.70602033828125 0.16599395555555554 0.06669399921874994 0.06864411944444444
0 0.7434625835937501 0.26167969444444444 0.04914294687499998 0.027041622222222214
0 0.73878230234375 0.28040081666666666 0.012870773437500028 0.022881372222222238
0 0.65921753203125 0.3032821888888889 0.016380981249999937 0.033281998611111085
0 0.66506788359375 0.3365641875 0.011700700781250007 0.020801245833333346
0 0.6662379515625 0.36360580694444444 0.011700702343750003 0.029121743055555607
0 0.66506788359375 0.3927275527777778 0.02106126328125004 0.014560874999999937
0 0.6709182328125001 0.4176890486111111 0.028081684374999936 0.01872112222222226
0 0.66740802421875 0.4364101736111111 0.018721122656249988 0.033281998611111085
0 0.7399523734375 0.3989679263888889 0.026911614843749997 0.037442244444444446
0 0.59837388359375 0.38440705000000003 0.053823228125 0.0228813722222222
0 0.0191891515625 0.46137166944444447 0.028081684375 0.1310478583333333
0 0.1619377109375 0.4551312958333333 0.02340140234374999 0.018721120833333375
0 0.707190409375 0 0.05382322734375 0.06614794027777778
0 0.70251012734375 0.14935296527777778 0.025741545312500058 0.10816648749999999
1 0.29649577968749996 0.5558093347222223 0.01287077187500003 0.03744224305555556
1 0.30234613203125 0.5474888347222222 0.028081684375000027 0.058243491666666675
1 0.5394023476562501 0.5454087097222222 0.047972876562499954 0.13104785972222216
1 0.6002459960937501 0.46220371666666665 0.26326578828125 0.3203392097222223
1 0.2363541734375 0.5558093347222223 0.0596735796875 0.05408324166666666
1 0.7051135171875 0.5120078472222223 0.29368761328125004 0.463867813888889
1 0.24059566015625 0.5146822944444445 0.36506189140625 0.436826198611111
