0 0.27392100468749997 0.10051351944444444 0.03021904296875002 0.048523769444444455
0 0.027294619531249998 0.1178434375 0.04484116171875 0.024261884722222227
0 0.03996712109375 0.08838257777777778 0.021445772656249994 0.025994876388888886
0 0.15012040859375 0.2200899486111111 0.012672501562499994 0.017329916666666674
0 0.2748958125 0.18023114027777778 0.01462211796874997 0.024261884722222227
0 0.021445771875 0.25474978333333337 0.015596926562499999 0.031193851388888857
0 0.39577198515625 0.17676515416666666 0.018521349218750018 0.012130943055555557
0 0.39577198515625 0.19236208194444443 0.016571733593750037 0.012130943055555576
0 0.48058026796875 0.13863933750000001 0.009748078124999981 0.01906290833333332
0 0.0448411609375 0.18889609999999998 0.020470964843749995 0.036392825
0 0.031193850781249997 0.07971761944444444 0.009748078125000004 0.039858809722222215
0 0.24370196171875 0.17676515416666666 0.021445771874999985 0.036392826388888896
0 0.26417292578125 0.17676515416666666 0.010722886718750014 0.041591801388888884
0 0.4571848796875 0.17329917222222221 0.00974807890624998 0.027727868055555584
0 0.376275828125 0.2512838 0.015596925781250003 0.008664956944444432
0 0.39479717734375 0.25474978333333337 0.008773271093749946 0.013863933333333299
0 0.39187275390625 0.28594363472222223 0.011697695312499956 0.012130943055555576
0 0.49130315468749997 0.09358155138888888 0.007798463281250001 0.0415918013888889
0 0.66871818203125 0.04852376805555555 0.008773270312499993 0.04505778611111112
0 0.5049504640625 0.09358155138888888 0.011697695312500044 0.04505778611111112
0 0.5380939312499999 0.12130942083333333 0.010722886718750057 0.0415918
1 0.23980273046875 0.2530167916666667 0.17254098828125003 0.22875490833333337
1 0.47473142109375 0.29114260833333333 0.09260674609375004 0.14730429722222224
1 0.57708624375 0.2963415861111111 0.06823654921875004 0.10224651111111112
1 0.67944106953125 0.04505778611111111 0.3197369726562499 0.6412069388888889
1 0.647272409375 0.32753543749999997 0.025345004687499985 0.02946085972222221
1 0.6375243312500001 0.32060346944444446 0.01169769374999996 0.01906290833333332
1 0.46205891875000005 0.3292684277777778 0.018521349218749972 0.03465983472222219
1 0.5419931625000001 0.28247765138888886 0.02242057968749993 0.04505778611111112
1 0.20373483984375002 0.33446740277777776 0.037042698437499987 0.04159180000000002
1 0.5694433921875001 0.3120850902777778 0.016795012499999994 0.025592399999999987
0 0.47947011015624996 0.29075809027777777 0.007197862500000074 0.017061600000000017
