1 0 0.49123713611111114 0.2877932921875 0.4528442958333334
1 0.3187308 0.6483672097222222 0.053724478906250005 0.0697959041666667
1 0.5759883984374999 0.5804080388888888 0.10228314218750008 0.1763264847222222
1 0.5387945281250001 0.6336733347222222 0.04235968515624995 0.07714284305555555
1 0.27327162734375 0.6263263986111112 0.06302294296874997 0.13040813750000002
1 0.44580985390625 0.6465304749999999 0.022729587500000027 0.04040815277777783
1 0.407582821875 0.6410202708333333 0.029961729687499973 0.04040815555555552
1 0.50167445703125 0.6399707138888888 0.025829075781249954 0.051428555555555595
1 0.47584537890625 0.6473176527777778 0.022729587500000027 0.03489794722222218
0 0.74885536953125 0.24681638611111112 0.04855866250000007 0.09367345138888888
0 0.7591870015625 0.3902486416666667 0.04235968281249995 0.02204080972222226
0 0.5856156109375 0.1551466513888889 0.04545917265624997 0.13408160277777775
0 0.55152122890625 0.16065685277777778 0.03616071093749999 0.11387752777777777
0 0.7870824023437499 0.48926531805555556 0.02376275468750002 0.04591836666666664
0 0.2247129625 0.29755095694444444 0.02272958593750003 0.08448977916666663
0 0.63146004765625 0.5221113111111111 0.023401403906250007 0.04784287083333333
1 0.47467064531250003 0.6323579208333333 0.017551052343749964 0.012480748611111083
1 0.4372284015625 0.619877173611111 0.011700701562500004 0.03744224583333341
