1 0.26805503359375 0.40271178750000003 0.049766939843750004 0.06406778472222222
1 0.44567152578125 0.3905084 0.02488346953124996 0.03661016250000004
1 0.56545540078125 0.3325423097222222 0.10039192968749999 0.17694911805555552
1 0.39899356875 0.3950846708333333 0.016302963281250006 0.018305081944444464
1 0.41529653125 0.3889829763888889 0.009438557812500026 0.016779656944444415
1 0.42387703906249996 0.3874575555555556 0.0060063539062500835 0.013728809722222164
1 0.4290253421875 0.38593213055555553 0.005148303906250007 0.013728812500000014
1 0.47536007890625004 0.3905084 0.012012710156249985 0.024406775000000006
1 0.4839405859375 0.3950846708333333 0.016302963281250006 0.022881352777777805
1 0.49252109375 0.39355924722222224 0.018877114843749966 0.03661016111111108
1 0.50453380234375 0.38440670694444445 0.028315672656249992 0.056440665277777746
1 0.52169481640625 0.37525416805555556 0.052341091406249964 0.08847455694444445
1 0.43280076640625 0.37830501250000004 0.008580505468750044 0.01983050555555555
1 0.44052322187500004 0.37830501250000004 0.006006353906249995 0.015254234722222215
1 0.44652957734375 0.3798304375 0.008580505468749954 0.01067796249999999
0 0.5572181148437501 0.2806779125 0.018877114843749966 0.03050846944444443
0 0.5606503171874999 0.31271180555555556 0.01115465859375 0.016779656944444454
0 0.51860583359375 0.3355931569444444 0.012012709374999986 0.012203387500000003
1 0.6598409765625 0.3722033194444444 0.04290253359375003 0.04881355000000001
