0 0.34703159296875 0.1334403625 0.13452348281249998 0.07451864444444442
1 0.0009748078125000001 0.4471118652777778 0.10235482421875002 0.12304241249999998
3 0.71355934296875 0.33446740277777776 0.07993424375 0.26688072638888893
3 0.66481895078125 0.35006432916666663 0.04191673749999998 0.1992940486111111
2 0.30024081640625 0.4089860472222222 0.025345003906249986 0.11611044583333338
2 0.29829120078125004 0.47830571666666666 0.024370196093749998 0.07451864444444449
1 0.21055849453125003 0.42804895694444445 0.08285866718749997 0.08838257777777782
1 0.35483005625 0.42631596527777776 0.042891542968749974 0.06238770138888891
1 0.47960546015625 0.4055200638888889 0.047765584375 0.0831836027777778
1 0.33143466796875 0.42804895694444445 0.022420580468749972 0.04679077638888892
1 0.3996712171875 0.43324793194444444 0.017546539843749986 0.034659834722222234
1 0.41624295 0.42804895694444445 0.017546541406249984 0.025994873611111143
1 0.43378949140625 0.42458297222222224 0.02047096484375004 0.02946085972222221
0 0.3090140875 0.3465983458333333 0.008773270312499993 0.02426188333333334
0 0.43963833828125 0.3431323611111111 0.013647310156250026 0.02252889305555554
0 0.26319811875 0.3604622791666667 0.025345003906249986 0.017329916666666632
0 0.48837873046875 0.3535303125 0.012672502343750036 0.013863933333333378
0 0.45913449531249995 0.3639282625 0.015596925781250003 0.010397950000000043
3 0.6024312484375 0.3951221138888889 0.030219044531250017 0.12650839583333326
3 0.15207002421875 0.39165613055555554 0.025345003906250007 0.09011556944444447
0 0.52542142890625 0.3465983458333333 0.013647310156249936 0.027727866666666715
0 0.0409419296875 0.42804895694444445 0.008773270312499998 0.024261883333333383
0 0.23785311406249998 0.3847241625 0.007798463281250001 0.025994876388888914
0 0.47473142109375 0.3899231388888889 0.01072288593750006 0.02079590000000001
0 0.42014218124999997 0.38645715555555554 0.0048740398437500335 0.02599487500000003
