0 0.44403666875000003 0.07566875138888889 0.021035328906249973 0.05609421527777778
0 0.65649348828125 0.08314797916666666 0.014724729687500026 0.03926594722222221
0 0.027796684375000002 0.3143946791666667 0.017880028124999996 0.03552633472222221
0 0.8436669390624999 0.3256135236111111 0.027345927343750097 0.043005558333333326
0 0.5767186015625 0.39577581944444445 0.012621197656250072 0.020567879166666674
0 0.6030127625 0.4425209958333333 0.00946589843749992 0.018698068055555538
0 0.575666834375 0.4238229291666667 0.014724729687499938 0.024307490277777788
0 0.73483416640625 0.31163450694444444 0.016828263281250068 0.022437683333333347
0 0.66506698203125 0.3820638986111111 0.013672964062500004 0.01682826527777779
1 0.52483144765625 0.4705681013888889 0.010517664843749941 0.01682826250000002
1 0.5465679757812499 0.4686982944444444 0.025242393750000057 0.04674517222222229
1 0.562344471875 0.4668284847222222 0.034708292187499976 0.04861498194444446
1 0.59179393203125 0.4518700305555556 0.06836481718750002 0.09909977083333332
1 0.49853728671875003 0.47306116527777775 0.025242396093749963 0.04113575694444446
1 0.65262106953125 0.47025645833333335 0.10622840937499997 0.13088648611111112
1 0.22157213203124998 0.4306788791666667 0.14724729921875 0.17576185833333335
1 0.47890432499999996 0.4792938625 0.012621196093749986 0.018698068055555538
0 0.18405912578125 0.06606651111111111 0.010517662499999992 0.04861498472222222
3 0.5332455796875 0.46308887083333333 0.013672963281250006 0.05609420972222223
