1 0.25539965546875 0.4786523097222222 0.10527924765624999 0.12130942083333333
1 0.39869640859375 0.4977152180555556 0.06628693359374997 0.08491659444444445
0 0.1920371453125 0.1216560138888889 0.020470964843749995 0.08838257777777779
0 0.21640734140625 0.13551994722222221 0.019496157812500005 0.07105266111111114
0 0.80616608828125 0.203106625 0.022420580468750017 0.05053804027777776
0 0.8207882062499999 0.39720169861111115 0.015596925781250093 0.03292684444444439
0 0.8003172414062499 0.3989346902777778 0.012672502343750124 0.031193851388888857
0 0.6004816328125 0.42666255833333333 0.005848847656250022 0.013863933333333339
0 0.551741240625 0.40586665694444446 0.007798463281250001 0.013863933333333339
0 0.5839099 0 0.02047096406249995 0.08006421250000001
0 0.60828009609375 0.00034659305555555556 0.022420580468750017 0.08318360277777778
0 0.57221220546875 0.005545568055555556 0.014622117968750015 0.08838257777777778
1 0.364578134375 0.4907832513888889 0.03704269765624999 0.0745186444444444
1 0.456210071875 0.4942492347222222 0.023395388281250006 0.02946085972222221
1 0.48155507578125 0.4925162430555555 0.016571733593749992 0.027727868055555563
1 0.4971520015625 0.4786523097222222 0.01852134999999997 0.031193851388888937
1 0.5127489265625 0.4838512847222222 0.015596925781250003 0.015596924999999985
1 0.5088496953125 0.4578564083333333 0.017546541406249984 0.024261883333333383
1 0.53321989140625 0.4595894 0.007798463281250001 0.019062909722222247
1 0.54589239375 0.4578564083333333 0.011697694531250047 0.019062909722222247
1 0.53516950703125 0.4457254666666666 0.016571733593749992 0.015596925000000065
1 0.53614431484375 0.48038530138888885 0.015596925781250003 0.022528891666666655
1 0.5507664328125 0.4855842763888889 0.039967121875 0.024261883333333303
0 0.49325277031250003 0.433594525 0.012672500781249952 0.017329916666666632
0 0.819407409375 0.3215604513888889 0.02672580078124991 0.021918502777777762
0 0.80324166484375 0.36427485555555555 0.031193851562500007 0.013863933333333339
0 0.61510375078125 0.40413366527777783 0.011697694531249959 0.027727868055555563
0 0.58001066796875 0.4197305902777778 0.007798463281250001 0.013863934722222224
