0 0.39967121796875 0.4072530555555555 0.019496155468749964 0.08145061111111115
0 0.37725063671875 0.4055200652777778 0.023395388281250006 0.08664958472222221
0 0.24370196171875 0.5944161625000001 0.019496157031250006 0.04159180138888882
0 0.8363851312499999 0.6793327569444444 0.023395389062500094 0.031193852777777822
0 0.8090905125000001 0.6100130875 0.029244235156249944 0.045057784722222195
0 0.60030591171875 0.46006579166666667 0.01967187890624995 0.03383685138888887
0 0.43866353046875 0.6620028388888889 0.02924423593749994 0.0537227444444444
0 0.33338428359375 0.46790776666666667 0.020470964062499996 0.05545573472222224
0 0.44451237734375004 0.717458575 0.01949615703124996 0.03812581666666672
1 0.47668103671875006 0.814506111111111 0.035093082031249966 0.06931966805555557
3 0.43086506796875 0.78504525 0.027294619531249963 0.1091784805555556
3 0.4055200640625 0.7867782444444444 0.021445771874999943 0.09011556944444456
1 0 0.7555843916666667 0.07213578046875 0.22528892361111114
1 0.027294619531249998 0.5493583763888888 0.33728351484374997 0.4471118652777778
1 0.50495046328125 0.6152120624999999 0.3343590914062499 0.3795251902777778
0 0.8091340382812501 0.6785526347222223 0.02697779609374997 0.02131579027777772
