1 0.29586282421875 0.43080711805555555 0.06965495703124999 0.09469431944444445
1 0 0.4259509986111111 0.047290232031250004 0.03399283194444449
1 0.156552909375 0.4429474152777778 0.012292051562500017 0.016996415277777763
1 0.14152929140624998 0.4380912958333333 0.008194700781250019 0.01942447777777782
1 0.09236108750000001 0.4429474152777778 0.013657833593749991 0.012140297222222231
1 0.17157652734375 0.4380912958333333 0.01092626875 0.02185253611111114
1 0.1866001453125 0.4405193555555556 0.01092626875 0.014568355555555555
1 0.252157753125 0.4016704027777778 0.028681453124999968 0.06555760694444437
1 0.22757365078124997 0.43323517638888887 0.019120968750000022 0.02913671388888888
1 0.28493655546875 0.4380912958333333 0.017755185156249985 0.03642089444444447
1 0.3545915140625 0.4405193555555556 0.03277880234374999 0.05341730833333326
1 0.34639681328125 0.43080711805555555 0.02458410234374999 0.014568355555555555
1 0.21528160000000002 0.4380912958333333 0.015023617968750003 0.01942447777777782
0 0.00085359375 0.044745655555555555 0.03414458671875 0.2136692375
0 0.18113701328125 0.40409846388888887 0.025949885937500007 0.026708654166666672
0 0.1647476109375 0.41138264027777777 0.01502361796874998 0.016996416666666726
0 0.08006903515625 0.37738980972222225 0.013657835156249997 0.009712237500000024
0 0.00085359375 0.394386225 0.028681452343750004 0.03399283194444449
0 0.23849991875 0.394386225 0.008194700781249998 0.019424476388888934
0 0.45019635703125005 0.4016704027777778 0.01638940234374999 0.029136715277777763
