0 0.7687842578125 0.36093725 0.03691403593750007 0.06328120833333337
0 0.37195835859375 0.3515622597222222 0.017138660156249985 0.023437483333333335
0 0.3732767171875 0.3773434902777778 0.010546867968750017 0.023437484722222183
1 0.47742703515624996 0.4406246972222222 0.014501943750000024 0.016406240277777803
1 0.46688016796875004 0.4359371986111111 0.009228509375000016 0.023437486111111145
1 0.45765165859375 0.4359371986111111 0.009228509375000016 0.021093736111111146
1 0.43392120624999997 0.4359371986111111 0.022412095312500036 0.028124980555555606
1 0.35086462265625 0.41953096111111116 0.05405269687500001 0.058593709722222165
1 0.56048361953125 0.4453121944444444 0.013183584375000024 0.021093733333333375
1 0.5763039210937501 0.4406246972222222 0.011865225781249933 0.024770041666666662
1 0.5868507890625 0.4359371986111111 0.01345512265625004 0.03478648750000007
1 0.5908058640625 0.4382809486111111 0.03559567968750006 0.053906212500000016
1 0.6184913921875 0.4124997152777778 0.09755852578124999 0.11718742083333329
1 0.6738624468750001 0.4523434388888889 0.1937986953125 0.22499984444444443
1 0.6593605046875 0.4546871875 0.05668941484375001 0.09843743194444446
