1 0.39382237343750004 0.3448653541666667 0.017546538281249947 0.046790775
1 0.3548300578125 0.329268425 0.03996712265625 0.07451864861111114
1 0.28854311953125 0.31887047777777777 0.07798462968750002 0.10224651249999997
1 0.24630145312499999 0.3321567486111111 0.06336250937500001 0.1334403611111111
1 0.505925271875 0.3286907708333333 0.059463276562500056 0.10917847499999998
1 0.4180901140625 0.33915194722222225 0.11113963593750001 0.13478569166666665
1 0.43914946796875 0.23626454166666666 0.12396455234374999 0.12050568888888892
1 0.41461827968750004 0.35064199305555555 0.02534500546874998 0.03639282916666669
1 0.00060923984375 0.0024756930555555555 0.2651102546875 0.5921413583333334
1 0.72767664609375 0.0358976875 0.2709965835937499 0.6929491194444445
