1 0.0009748078125000001 0.4211169888888889 0.06531212578125 0.10051352083333333
1 0.56636335859375 0.0017329916666666667 0.4328146835937499 0.7347884916666667
1 0.06726174140624999 0.41938399722222225 0.07506020390625 0.060654711111111065
1 0.31291331875 0.4055200638888889 0.02729461953125001 0.034659834722222234
1 0.555640471875 0.3933891222222222 0.023395388281250006 0.02772786527777779
1 0.5449175859375 0.3985880972222222 0.01949615703125005 0.02079590000000001
1 0.5371191234375 0.39165613055555554 0.017546539843749986 0.02946085694444444
1 0.20860887890625 0.41245203055555557 0.032168659375 0.038125818055555524
1 0.272946196875 0.41245203055555557 0.02534500390625003 0.027727868055555563
1 0.356779671875 0.4055200638888889 0.017546539843749986 0.02252889305555554
1 0.44353756953124995 0.40378707222222227 0.00877327109375008 0.010397949999999965
1 0.402595640625 0.4107190388888889 0.007798462500000003 0.010397949999999965
1 0.45426045625 0.40378707222222227 0.007798462500000003 0.012130941666666612
1 0.47180699765625 0.40032108888888884 0.010722885937499971 0.015596924999999985
0 0.464008534375 0.3483313375 0.004874040625000031 0.015596924999999985
0 0.4172177578125 0.35006432916666663 0.005848848437500021 0.015596924999999985
0 0.41234371875000003 0.3483313375 0.005848846874999936 0.02079590000000001
0 0.06043808671874999 0.22182294027777777 0.03411827421875 0.09531454722222223
0 0.39577198515625 0.3483313375 0.007798463281249957 0.01906290833333336
