0 0.6404487546875 0.11437745416666666 0.028269427343750042 0.06412069305555555
0 0.6404487546875 0.06065470972222222 0.028269427343750042 0.05372274583333334
0 0.9114453359375 0.006931966666666667 0.04971519999999998 0.06585368611111111
0 0.052639623437500005 0.1282413875 0.012672502343749992 0.05198975138888891
0 0.05848847109375001 0.21142499027777775 0.005848846874999991 0.027727868055555563
0 0.028269427343749997 0.2148909736111111 0.017546541406250005 0.025994876388888914
0 0.52834585234375 0.18196413055555555 0.010722886718749968 0.039858809722222215
0 0.52834585234375 0.2304879 0.01949615703124996 0.02079590000000001
0 0.53614431484375 0.2599487583333333 0.012672502343750036 0.012130944444444462
0 0.1881379140625 0.27207970138888893 0.007798464062499999 0.022528891666666655
0 0.185213490625 0.3084725277777778 0.00974807890624998 0.013863933333333339
0 0.1744906046875 0.26861371805555556 0.006823654687500014 0.017329916666666632
1 0.4630337265625 0.27727867638888887 0.06336251015625001 0.07278565277777777
1 0.48058026796875 0.28074465972222223 0.14622117656249997 0.15943523888888889
1 0.0019496156250000001 0.2876766263888889 0.11112809453125001 0.12824138749999997
1 0 0.3032735513888889 0.027294619531249998 0.1351733569444445
1 0.16571733359375002 0.1906290902777778 0.36652774999999993 0.5840182111111111
1 0.6384991390625 0.26514773472222225 0.19398676093749997 0.2634147416666666
