0 0.33071428515625 0.0106635 0.021593589062499995 0.09597149861111111
0 0.5526483796874999 0.1855449 0.0167950109375 0.07037910277777779
0 0.42857273046875 0.4723930513888889 0.009597150781250008 0.017061600000000017
0 0.48975456328125 0.4659949513888889 0.011996436718749948 0.014928899999999995
0 0.36259232578125 0.5022508513888889 0.014395724218750017 0.01706159861111113
0 0.34099873671875003 0.5043835513888889 0.010796793749999978 0.021326998611111096
0 0.135109859375 0.21022328750000002 0.026392162500000003 0.034123198611111114
0 0.172298815625 0.4277586875 0.0167950109375 0.04052129999999994
0 0.82370537421875 0.16970198611111112 0.026392163281249915 0.10023690138888888
0 0.8488978921875001 0.38937008611111107 0.015595368749999849 0.027725101388888933
0 0.7145377921875 0.38937008611111107 0.016795012499999994 0.03412320138888892
0 0.42662329140625 0.4938723875 0.010796792187499982 0.01919429999999996
0 0.86449326171875 0.3768785625 0.020393944531249986 0.04265399999999996
1 0.42275445781250004 0.5212318833333333 0.014395725781249969 0.02132700000000006
1 0.3963622953125 0.5254972833333333 0.03958824531250005 0.059715601388888866
1 0.38556550234375 0.5340280861111111 0.013196080468750005 0.04052129861111114
1 0.31358687734375 0.5297626861111111 0.08037613124999998 0.10450229861111117
1 0.25720362109375 0.5382934847222222 0.059982188281249994 0.08530800000000001
1 0.186424640625 0.5510896847222223 0.09717114296875003 0.09383879999999994
1 0.433551253125 0.4935067847222222 0.06358111953124998 0.12582930000000003
1 0.45874377187500004 0.47004708472222223 0.2399287515625 0.3412320027777778
3 0.7253845960937501 0.4791466125 0.016795011718749996 0.08744069999999995
3 0.73618138984375 0.4791466125 0.009597149218750012 0.07037910000000001
3 0.7421796078125 0.48554471250000003 0.017994656249999963 0.06398100000000002
3 0.81175894609375 0.47274851250000005 0.013196081249999913 0.04052130138888883
0 0.3584535390625 0.0042654 0.03359002578124999 0.1002368986111111
3 0.7571740921875 0.46245070833333335 0.020009886718750015 0.0996047680555555
