0 0.42323755781249994 0.013723895833333333 0.01706459765625006 0.12640443055555556
0 0.44314625625000004 0.05922949166666667 0.011376399218749977 0.09859545416666667
0 0.5825071390625001 0.5395663208333333 0.01137639843749998 0.03286515138888891
0 0.5691754437500001 0.5448030916666666 0.008532299999999982 0.025280884722222258
0 0.55353289453125 0.5473311777777777 0.008532297656249988 0.022752798611111145
0 0.5478446945312501 0.511937936111111 0.03697329609375002 0.027808977777777796
0 0.26343473046875 0.5448030916666666 0.01564254765624997 0.05308985694444451
0 0.40421766328125 0.6105333930555555 0.014220498437500062 0.02022470694444441
1 0.8166121132812499 0.5978929486111112 0.1820223796875 0.17696620416666664
1 0.61325898828125 0.6307581027777778 0.20761927343750006 0.1466291333333333
3 0.583395940625 0.6282300083333333 0.02559689765625004 0.10617972361111107
3 0.51513755 0.6155895694444444 0.035551246093749975 0.11882016527777771
1 0.16410454921875 0.6219097888888889 0.014220498437499996 0.03286515277777771
1 0.139929703125 0.6294940583333334 0.015642548437500015 0.020224708333333296
1 0.17405889921875 0.6294940583333334 0.028440996093749994 0.045505590277777785
1 0.20534399531249997 0.6168536138888888 0.05261584453125003 0.07837074305555558
1 0.2110321953125 0.6370783194444445 0.06825839062499997 0.08089883333333327
1 0.119807696875 0.6307581027777778 0.00568820000000001 0.02275279722222226
1 0.10985335078125 0.6282300083333333 0.011376398437500001 0.022752798611111145
1 0.10132104921875 0.6257019194444444 0.014220497656249997 0.03286515416666668
1 0.09278875078125 0.6257019194444444 0.017064598437500012 0.03792133194444444
1 0.0828344015625 0.6231738361111111 0.01848664765625 0.040449416666666675
1 0.075724153125 0.6231738361111111 0.0193789265625 0.050561774999999975
1 0.0654142921875 0.6168536138888888 0.015642546874999996 0.06825838750000005
1 0.03697329453125 0.6168536138888888 0.03839534453125 0.08342692361111112
1 0 0.5655695555555555 0.049238453125 0.16685384583333326
1 0.26780803984375 0.6107808305555555 0.05405269687500001 0.04687496666666667
