1 0.17401810546875002 0.3216247875 0.06117824453125 0.0693353444444444
1 0.50514535234375 0.30259155694444445 0.016059289062499982 0.02854984722222223
1 0.48679187968750004 0.30667010555555557 0.027530208593749973 0.04214501388888887
1 0.4454965640625 0.30802962361111114 0.024471297656250002 0.0435045263888889
1 0.39120087265625003 0.30259155694444445 0.06882552421875002 0.09924470694444448
1 0.65503204921875 0.303951075 0.013000376562500016 0.03398791249999999
1 0.6022658140625 0.303951075 0.02676548203125 0.0380664611111111
1 0.6642087867187499 0.30667010555555557 0.02523602500000006 0.0380664611111111
1 0.50055698359375 0.29035590694444446 0.11547393593750002 0.17265860138888892
1 0.62404913046875 0.24866407083333333 0.37502558124999996 0.48806643611111106
0 0.530338903125 0.19169183194444447 0.007647280468749962 0.03126888055555553
0 0.49044558515625003 0.2184289861111111 0.006882553124999991 0.025830813888888887
0 0.43920880625000003 0.27280964722222223 0.005353096874999963 0.021752263888888894
0 0.18457026953125 0.0018126819444444445 0.08870845390625 0.09516615555555556
0 0.0002708109375 0.0010929402777777777 0.17818163593749997 0.09724541527777777
0 0.61300842421875 0.24248705138888887 0.006557642968749988 0.030310881944444448
0 0.6457966374999999 0.23782383888888886 0.006557642968749988 0.034974094444444465
