1 0.238127275 0.37871827916666667 0.018364571093750025 0.01795646944444442
1 0.21976270312500001 0.37382105972222224 0.020201028124999975 0.03264812777777782
1 0.19588876093750002 0.37382105972222224 0.030301542968750005 0.04570738055555555
1 0.170178359375 0.37382105972222224 0.03305622968749997 0.07182588194444442
1 0.06550030078124999 0.30852480416666667 0.10743274453125 0.16487304444444445
1 0.28058442109375 0.3838487180555556 0.011018742187500008 0.014691656944444433
1 0.29160316328125 0.3838487180555556 0.010100514843749986 0.02285368888888889
1 0.29894899296875 0.385481125 0.021119257031249995 0.03264812500000005
1 0.3136406484375 0.3969079680555555 0.019282800781249998 0.0391777527777778
1 0.33108699296875 0.39364315555555557 0.020201028124999975 0.050604595833333356
1 0.34394219375 0.3903783416666667 0.03764737109374998 0.0783555069444444
1 0.37142346328125 0.3591294027777778 0.13130668750000002 0.16650545138888886
1 0.00045911484375000004 0.2840387097222222 0.104678059375 0.26118502083333334
1 0.262919446875 0.37871827916666667 0.010100514843749986 0.01795646944444442
1 0.75548748671875 0.4840531277777778 0.24103445390624997 0.20516153611111107
