1 0.40835448828125004 0.45138707083333335 0.011700700781250007 0.012480747222222198
1 0.39314357578125 0.4493069444444444 0.01638098281249998 0.018721123611111147
1 0.3755925234375 0.4493069444444444 0.018721122656250033 0.024961497222222247
1 0.338150278125 0.4389063194444444 0.039782385937499984 0.04368261944444451
1 0.28900733203125 0.4389063194444444 0.017551052343749964 0.027041622222222294
1 0.28900733203125 0.44098644305555557 0.05616336796874997 0.05824349305555556
1 0.22582354296874999 0.4331859763888889 0.03393203593750003 0.020801247222222152
1 0.24220452421875 0.44774685 0.05031301718750001 0.05824349305555556
1 0.45047701328125 0.44566672777777777 0.019891192968750016 0.04160249444444446
1 0.45749743593750003 0.4519071 0.030421824218749994 0.045762744444444475
1 0.47300086484375 0.44410663055555555 0.07488448984375004 0.1060863638888889
1 0.65436173984375 0.43786625833333337 0.15561933203124995 0.17057022916666667
1 0.41683749765625 0.44826688333333337 0.025741543749999974 0.04160249305555557
1 0.0014625875 0.3733823930555556 0.14742884218750002 0.23297397083333327
1 0.10793897265625 0.37546251666666663 0.14742884218750002 0.16016960694444443
0 0.5632717781250001 0.4139448236111111 0.022231335156249976 0.02496150000000002
0 0.58316297109375 0.4035442 0.012870771093749945 0.031201870833333346
0 0.4521151125 0.37234232916666665 0.014040842968749967 0.012480747222222198
0 0.4462647609375 0.3869032027777778 0.025741543749999974 0.029121748611111067
3 0.6548004992187499 0.4522785402777778 0.02106126406250004 0.049922993055555524
3 0.5917457484375 0.4528565041666667 0.009185989062499988 0.02993951944444441
