1 0.40249080312499996 0.4374051597222222 0.012397955468749977 0.03122449027777776
1 0.390092846875 0.43924189583333334 0.01343112343749997 0.03489795138888891
1 0.515961634375 0.4371427638888889 0.009298468750000044 0.012857140277777764
1 0.50149735234375 0.42979582638888886 0.012397957031249972 0.025714277777777756
1 0.49219888437500003 0.42979582638888886 0.012397955468749977 0.018367343055555572
1 0.49323204765625006 0.44081623472222226 0.017563771093750003 0.02020407499999995
1 0.5223377171875 0.4308453916666667 0.024795912500000038 0.034897956944444454
1 0.4644805859375 0.4326821263888889 0.029961729687499973 0.04040815555555552
1 0.28677654218750004 0.30778419583333333 0.10228314140624999 0.18918363333333335
1 0.31052287890625 0.3626657361111111 0.09298467421875004 0.27551014305555555
1 0 0.20017235277777778 0.36371433359375 0.6418810305555556
1 0.838469196875 0.367155525 0.15600761875 0.17265301805555558
3 0.9552166203124999 0.34511471527777776 0.043392847656250136 0.3159182986111111
0 0.4458672375 0.09266579027777778 0.016530608593749996 0.060612231944444435
0 0.42830346640625 0.09082905416666666 0.00929846640625005 0.06061223333333334
0 0.9665814125000001 0.21572699027777778 0.02996173046874997 0.06244896527777778
0 0.8642982710937501 0.08348211944444445 0.02892856562499997 0.0551020236111111
0 0.86533143515625 0.14042088194444446 0.05682397031250001 0.0367346861111111
0 0.58741057578125 0.25429840972222223 0.022729587500000027 0.05877549861111113
0 0.6080738359375 0.34062492083333334 0.025829076562499952 0.031224483333333296
3 0.6896937171874999 0.4104208236111111 0.018596935156250004 0.10469385555555553
