1 0.5229472125 0.3929413277777778 0.012474326562499981 0.0180184736111111
1 0.54867551328125 0.3929413277777778 0.009355746875000025 0.015246402777777807
1 0.53698083203125 0.3943273652777778 0.013253971875000038 0.022176583333333295
1 0.52840473125 0.4026435833333334 0.02183007265625001 0.020790544444444396
1 0.44342337109374996 0.3943273652777778 0.014813266406250048 0.03465091111111107
1 0.43562691875 0.4026435833333334 0.010135391406249994 0.029106766666666634
1 0.38261102343750003 0.4081877291666667 0.007796454687499965 0.04100371805555554
1 0.27891817421875 0.4151179097222222 0.052236246093749994 0.05405542222222227
1 0.5541330320312501 0.38323907500000004 0.06159199374999993 0.07900407499999997
1 0.66640198125 0.23430048888888888 0.29222407812499995 0.4089860347222222
1 0.434847271875 0.39155529027777775 0.10603178671874999 0.15800815555555556
1 0.32374778984375 0.3469449388888889 0.06442069140625 0.11091146944444444
1 0.3900176578125 0.362448525 0.04911766484375 0.0928644375
1 0.06958336015625 0.2598818305555555 0.22687683593749997 0.2855235027777778
1 0.6227418359375 0.21137055416666667 0.15904767890624996 0.2966117930555556
0 0.06958336015625 0.3139372472222222 0.02260971640625 0.011088293055555571
0 0.56855647421875 0.26681201388888887 0.04366014453125002 0.01247432638888889
0 0.45394858281249995 0.35967645277777777 0.008576103125000057 0.013860366666666677
0 0.47343972343749996 0.33611383333333333 0.00779645468750001 0.020790545833333358
0 0.47421936875000004 0.36522059999999995 0.00857610234374997 0.012474325000000007
0 0.0742612328125 0.3666066347222222 0.018711494531249994 0.019404505555555573
0 0.30581594375 0.2557237236111111 0.007016807812500003 0.047125236111111114
0 0.368967228125 0.6271814833333333 0.004677874218750011 0.011088287499999992
0 0.5498449812499999 0.25710975555555554 0.007016807812500048 0.02217658472222222
0 0.54438746328125 0.25710975555555554 0.003898227343750005 0.02079054583333332
0 0.53970958984375 0.25710975555555554 0.004677873437500058 0.023562619444444464
0 0.5966237109375 0.34720212361111114 0.014033619531249996 0.006930183333333299
