0 0.43128448984374995 0.3942184722222223 0.013183584375000024 0.03281247499999999
0 0.4141458296875 0.40124971666666664 0.006591792187500012 0.01874998750000003
0 0.26648968125 0.4340621944444445 0.023730452343749996 0.018749987499999954
0 0.6132179585937501 0.3356247625 0.0514159796875 0.0374999736111111
0 0.551255109375 0.3356247625 0.05800777421875001 0.03984372222222221
0 0.5130227148437501 0.3426560069444444 0.03427732031249997 0.035156226388888906
0 0.46819852656250005 0.3426560069444444 0.040869112499999985 0.037499975000000026
0 0.60530780859375 0.4082809611111111 0.010546865625000023 0.023437486111111145
1 0.420737621875 0.4270309486111111 0.029003885156249964 0.058593709722222165
1 0.5090676390625 0.4293746958333334 0.010546867968750017 0.02109373888888884
1 0.5301613749999999 0.43171844583333335 0.014501942968750025 0.021093736111111067
1 0.5367531671875 0.4340621944444445 0.02373045234375004 0.04453121944444444
1 0.5934425812499999 0.4270309486111111 0.042187471093749984 0.04921871666666667
1 0.65408707109375 0.4246872013888889 0.011865225781250021 0.03046872916666664
1 0.65804214609375 0.3965622208333333 0.05932613203125001 0.08437494166666673
1 0.6395851265625 0.4246872013888889 0.014501944531250022 0.02343748611111107
1 0.551255109375 0.4246872013888889 0.0527343390625 0.07734369583333331
1 0.43523956484375 0.41999970416666665 0.08833001718750007 0.12187491666666664
1 0.6830909578125001 0.39187472361111114 0.1476561484374999 0.13359365555555555
1 0.93357906640625 0.38015598194444444 0.06591792343749994 0.13828115416666667
