1 0.4191673734375 0.47137375 0.027294621093750047 0.11611044305555561
1 0.139397521875 0.2876766263888889 0.1842386828125 0.34139937083333327
1 0 0.5129655513888889 0.2203065734375 0.2443518333333333
1 0.25539965546875 0.43671391527777775 0.18521349062499998 0.29460859305555553
1 0.88999956328125 0.4540438319444445 0.10527924765624999 0.045057784722222195
1 0.75840050390625 0.4731067416666667 0.05361443281249993 0.038125818055555524
1 0.8198133984375 0.4731067416666667 0.05556404687500009 0.03639282638888888
0 0.71160972734375 0.47483973333333335 0.03801750625000002 0.046790776388888844
1 0.64532279375 0.45924280694444447 0.04191673749999998 0.057188727777777774
1 0.502026040625 0.4817717 0.07506020390624997 0.046790776388888844
0 0.56538855078125 0.17676515555555555 0.02242058046874993 0.05198975277777777
