1 0.0007993296875 0.4174342125 0.318629546875 0.49548404583333333
1 0.6463461859375 0.3783552652777778 0.35363078046874996 0.6199342138888888
1 0.25850727734375 0.5224098583333334 0.09352752421875002 0.13271183888888882
1 0.44127207265625 0.5239352819444445 0.06177964843749999 0.08084744166666663
1 0.54767035703125 0.5391895166666667 0.05834744609375005 0.0579660902777778
1 0.40695004453125005 0.5361386694444444 0.03861228203125 0.05359817638888889
1 0.5356576484375 0.5239352819444445 0.029173722656249977 0.04881355000000001
1 0.5262190906249999 0.5193590111111112 0.013728810937500047 0.045762702777777754
1 0.518496634375 0.5178335875000001 0.012870760156249971 0.047288126388888845
1 0.5090580765625 0.5315623986111111 0.011154659374999997 0.025932197222222283
0 0.612882209375 0.3820709027777778 0.018019064843749977 0.02440677361111112
0 0.42582716015625 0.5132573180555556 0.013728810937500047 0.00915254027777779
0 0.44127207265625 0.5025793541666667 0.0042902539062500186 0.016779656944444415
0 0.49961951953124994 0.5041047777777778 0.006006353906249995 0.013728809722222242
0 0.6232869976562501 0.4121052652777778 0.01698601953124994 0.02131579027777772
1 0.39347614140625 0.5382236874999999 0.01298930937499998 0.02486842083333332
1 0.3784884765625 0.5364473708333333 0.017985197656249997 0.030197369444444493
1 0.36350081171875004 0.5435526347222221 0.01398848749999999 0.026644736111111123
1 0.336523015625 0.54532895 0.02198190859375 0.028421052777777806
