0 0.31131386875 0.3215622736111111 0.009228509375000016 0.02578123194444445
0 0.42996613124999994 0.3215622736111111 0.007910150781250014 0.02578123194444445
0 0.44051299921875 0.3567184972222222 0.009228507812500019 0.02343748472222226
0 0.18738817265625002 0.3356247625 0.015820302343750002 0.03515622638888887
0 0.49720241328125 0.33796851111111115 0.011865225781250021 0.02109373472222218
0 0.49720241328125 0.3614059958333333 0.011865225781250021 0.014062488888888917
0 0.55125511015625 0.2395310777777778 0.015820301562500028 0.025781233333333337
0 0.55125511015625 0.2699998069444444 0.010546867968750017 0.016406240277777803
0 0.565757053125 0.27234355555555556 0.013183585156250021 0.02343748472222222
3 0.5552101859375 0.40593721388888887 0.018457017968750034 0.09609368472222223
3 0.4932473375 0.4223434513888889 0.014501942968750025 0.049218718055555555
1 0.647495278125 0.3989059680555555 0.06459956640625002 0.0679687041666667
1 0.70682140859375 0.4082809625 0.03955075468749998 0.05624996111111113
1 0.73318857890625 0.3824997319444445 0.06459956484374993 0.07265619861111108
1 0.8900732367187499 0.3989059680555555 0.025048810156249955 0.023437483333333377
1 0.56971212890625 0.35203100277777777 0.08305658281249997 0.11718741944444445
1 0.19793503984375 0.3614059958333333 0.09360345156249998 0.14999989722222223
1 0.3772317921875 0.35437475 0.056689414062499964 0.09609368472222218
1 0.44051299921875 0.4223434513888889 0.02241209375000004 0.037499974999999984
1 0.27703654843750003 0.36843724027777774 0.15952137499999997 0.24374983194444447
1 0.10828666484375 0.4364059430555556 0.1107421109375 0.10312492916666662
1 0.80437993515625 0.36843724027777774 0.09360345156249998 0.12421866249999998
1 0.0001812703125 0.4082809625 0.09228509296875 0.1828123736111111
