1 0.04783164140625 0.6913534097222223 0.03099491171875 0.038265323611111055
1 0.07882655546875 0.6944146347222222 0.018080365624999994 0.03826532638888891
1 0.09604594921875001 0.6469656347222222 0.06543370234374998 0.09489800277777789
1 0.15889674375 0.6867615694444444 0.032716851562499996 0.058163294444444506
1 0.18558680624999999 0.6806391208333333 0.035299760156250005 0.08112248749999998
1 0.2079720203125 0.6745166666666667 0.08351406875 0.1010204555555555
1 0.28459833125 0.6683942152777778 0.13258934609375 0.15612252222222228
1 0.0176977 0.6990064736111111 0.027551032812499997 0.02755103333333327
1 0.43440707109375004 0.6408431833333333 0.30994911875 0.32448994444444446
1 0.854560321875 0.8153330569444445 0.14360853828125003 0.18061232638888894
