1 0.5510089781249999 0.4373046791666667 0.09117598046875006 0.15642312777777773
1 0.67065811171875 0.5542819722222222 0.01976541875000004 0.03400502500000005
1 0.469178321875 0.5089419361111112 0.09946470859374994 0.11108309027777778
1 0.33652226953125003 0.5137026333333333 0.12305569374999994 0.14962212222222218
1 0.00025155078125000004 0.42566059166666664 0.3066828453125 0.37632231388888887
3 0.64218495859375 0.4760703902777778 0.03187971249999997 0.12695210972222218
0 0.2518497375 0.4333752 0.023590987499999994 0.027204023611111062
0 0.32878612500000004 0.5206547708333333 0.02486617499999997 0.027204023611111062
0 0.35428989765624996 0.5081862597222222 0.006375942187499995 0.020403016666666614
0 0.5374919703125001 0.39823666944444447 0.026141365624999933 0.05667504583333327
0 0.67372462734375 0.5539041430555556 0.010201507812499955 0.01700251388888887
0 0.2674746140625 0.5137757722222223 0.016358425781249998 0.02448980694444442
