1 0 0.3988087736111111 0.06282603984375 0.05098925000000002
1 0.05736290625 0.38666847638888885 0.040973504687499995 0.06312954722222225
1 0.0655576078125 0.3502475861111111 0.06965495625 0.09469432361111114
1 0.18438076796875 0.3963807166666667 0.03824193671875 0.03642089027777781
1 0.31276441640625 0.38666847638888885 0.027315668749999977 0.026708655555555558
1 0.4151981765625 0.3842404194444444 0.020486749999999977 0.029136709722222223
1 0.49168205 0.3818123583333333 0.01502361875 0.026708655555555558
1 0.51353458671875 0.3842404194444444 0.01502361875 0.0388489513888889
1 0.52821675859375 0.3769562402777778 0.03277880312499999 0.06070148749999996
1 0.5637271296875 0.37452817916666664 0.02731566953124993 0.05827342777777784
1 0.46982951484375 0.38666847638888885 0.019120966406249985 0.026708655555555558
1 0.5647514664062501 0.3696720611111111 0.10106797734374995 0.12625909444444441
1 0.7815695929687501 0.38909653472222216 0.2171595726562499 0.433408625
0 0.33598273437500004 0.3381072888888889 0.009560484374999989 0.01942447499999997
0 0.48348735078124994 0.33325116805555555 0.00956048515625003 0.01942447500000001
0 0.3195933328125 0.3453914652777778 0.015023619531249999 0.009712236111111099
0 0.44524541328125 0.35995982222222217 0.015023617968750003 0.019424476388888934
0 0.31822754999999997 0.3672440013888889 0.012292051562500017 0.021852533333333292
0 0.42612444453125004 0.33325116805555555 0.021852535156249964 0.012140297222222231
1 0.35920105390625 0.3842404194444444 0.02048675312499997 0.024280594444444463
1 0.45753746484375 0.38666847638888885 0.012292048437500026 0.021852537500000026
1 0.44114806250000005 0.38909653472222216 0.015023617968750003 0.019424476388888934
0 0.4151981765625 0.3259669888888889 0.009560483593750035 0.019424476388888893
0 0.42970960625 0.3676775708333333 0.009560483593750035 0.01942447500000005
