0 0.59476093984375 0.033281218055555555 0.018457017968750034 0.07968744722222222
0 0.0291851578125 0.3309372666666667 0.013183584375000001 0.021093736111111108
0 0.04764217421875 0.3332810138888889 0.01318358515625 0.018749988888888878
0 0.5749855625 0.03562496805555555 0.018457017968749944 0.08203119444444444
0 0.8716162179687499 0.26531231111111114 0.014501942187500028 0.03046872638888887
0 0.0291851578125 0.31453102499999996 0.035595678125 0.018749988888888916
0 0.88611816015625 0.21140609722222223 0.023730454687500034 0.07031245138888889
0 0.870297859375 0.1504686388888889 0.018457018750000033 0.02343748472222222
0 0.89930174609375 0.16218738194444443 0.026367169531249957 0.02343748472222222
3 0.04896053359375 0.3989059680555555 0.02636716953125 0.11484367222222226
3 0.70550305 0.36609349027777777 0.026367169531250047 0.1171874194444445
1 0.6461769203125 0.3707809888888889 0.04218746953124999 0.06796870277777782
1 0.661997221875 0.37781223333333336 0.06987299843750003 0.07265619861111108
1 0.40887239453125 0.3824997319444445 0.010546868750000016 0.023437483333333297
1 0.38909701874999997 0.3754684833333333 0.023730451562500043 0.03515622916666664
1 0.379868509375 0.38484347638888894 0.02636716953125 0.037499974999999984
1 0.36141148984375 0.38953097500000006 0.02241209375000004 0.03281247638888887
1 0.34690954765625 0.38953097500000006 0.023730451562499998 0.04687496666666667
1 0.32449745390625 0.3942184722222223 0.03164060234375001 0.04453121944444444
1 0.29022013359375 0.38484347638888894 0.03691403593750002 0.0656249555555555
1 0.2506693796875 0.3871872263888889 0.04746090468749999 0.07031245138888885
1 0.452378225 0.37781223333333336 0.015820302343750026 0.02109373472222218
1 0.46688016796875004 0.37781223333333336 0.015820302343749936 0.023437484722222183
1 0.43919464062499997 0.3754684833333333 0.01713866015625003 0.023437484722222183
1 0.17552294609375002 0.38953097500000006 0.08437494140624997 0.09374993611111111
1 0.77010261484375 0.3426560069444444 0.17270496171874994 0.16874988333333335
1 0.47347196093750005 0.30515603194444446 0.17929675234374995 0.29999979583333336
