0 0.41605177031249996 0.4987927833333333 0.00682891718750005 0.01942447499999997
0 0.129237240625 0.4016704027777778 0.012292050781249998 0.038848952777777786
0 0.142895075 0.40409846250000003 0.01502361875 0.036420893055555584
0 0.17021074453125 0.5060769625 0.012292051562499995 0.024280594444444463
0 0.1551871265625 0.5085050208333333 0.008194700781249998 0.021852534722222258
0 0.49526721171875004 0.46237189027777775 0.006828917187499961 0.036420893055555584
0 0.48024359375000003 0.547353973611111 0.01229205078124993 0.01456835694444444
0 0.40922285234375 0.5424978541666666 0.00819470156250004 0.02185253611111114
0 0.42561225468749997 0.49393666388888885 0.00682891718750005 0.02428059583333335
0 0.40922285234375 0.4987927833333333 0.00819470156250004 0.01942447499999997
0 0.351859946875 0.5255014375 0.0054631335937499696 0.019424476388888855
0 0.4911698609375 0.5133611402777778 0.01912096796875007 0.03156477361111109
0 0.50209612890625 0.5230733777777778 0.02048675234374997 0.031564772222222204
0 0.7001347328125 0.3603933916666667 0.04370507109375001 0.09712238055555554
0 0.71788991796875 0.45994383055555554 0.031413019531249996 0.036420893055555584
0 0.47478045937499996 0.4720841291666667 0.010926267968750025 0.02913671388888888
0 0.3491283796875 0.5522100930555556 0.009560484374999989 0.01942447499999997
0 0.15791869375 0.45023159305555555 0.01638940234374999 0.031564772222222204
2 0.17977122890625 0.5570662111111111 0.01365783515625001 0.06312954722222225
2 0.171576528125 0.5886309847222222 0.03414458671875002 0.04127701388888888
2 0.1647476109375 0.5910590444444445 0.021852535156249984 0.0364208930555555
1 0.20162376484375 0.5886309847222222 0.01775518437499999 0.02913671666666673
1 0.27401028906249997 0.5764906875 0.008194700781250041 0.02185253611111114
1 0.2781076390625 0.5716345680555556 0.01775518437499999 0.026708655555555558
1 0.37917561640624997 0.5813468069444444 0.010926267968750025 0.01942447499999997
1 0.43790430546875003 0.5424978541666666 0.038241937499999955 0.08255402361111111
1 0.455659490625 0.5764906875 0.04916820546874998 0.07041372638888896
1 0.3491283796875 0.5789187472222223 0.0382419375 0.048561190277777735
1 0.21801316640625 0.5716345680555556 0.06009447265625001 0.07769790555555557
1 0.27401028906249997 0.5716345680555556 0.07784965781250004 0.09226626111111114
1 0.37917561640624997 0.5643503902777778 0.07375230781250001 0.10440655833333329
1 0.49799877890625 0.547353973611111 0.14340726484374997 0.17967640277777777
1 0 0.46479994999999996 0.18523436328125 0.4758996638888889
0 0.31908114374999996 0.5133611402777778 0.006828917187500005 0.021852536111111064
3 0.63457712578125 0.5764906875 0.006828917968749959 0.031564773611111166
3 0.64004026015625 0.5813468069444444 0.010926267968750025 0.02913671388888888
1 0.68374533125 0.5716345680555556 0.02731566953125002 0.026708655555555558
1 0.93095213984375 0.5716345680555556 0.030047236718749915 0.036420893055555584
