0 0.0643359140625 0.41774985555555555 0.00949218515625 0.009374998611111114
0 0.0685546625 0.43274984999999994 0.014765620312500005 0.016874995833333392
0 0.07593747265625 0.44587484583333337 0.008437496874999995 0.014999994444444395
0 0.5600388656249999 0.44212484861111107 0.023203117187500056 0.014999994444444473
1 0.23624991640625 0.4603123388888889 0.09070309453125 0.09374996527777779
1 0.3438280046875 0.4584373388888889 0.07488278593749995 0.09562496805555559
1 0.43664047265625 0.4865623291666667 0.033749988281249976 0.04874998333333333
1 0.47777326953125004 0.4903123263888889 0.0253124921875 0.031874990277777786
1 0.49833966953125 0.4846873305555555 0.016874993750000032 0.02249999166666667
0 0.0290038859375 0.39453098472222226 0.017138660156249996 0.06328120694444439
1 0.51943323671875 0.46757780416666667 0.015820301562500028 0.03281247638888887
1 0.8035394867187501 0.15656238194444444 0.10546867734374991 0.2383592222222222
1 0.47065397343750004 0.4792965458333333 0.011865225781250021 0.014062490277777803
