0 0.49807205000000004 0.0956857375 0.015210911718749998 0.06448386944444445
0 0.44190868203125 0.3390603333333333 0.009360561718750039 0.016640998611111138
0 0.3857453140625 0.33698020833333336 0.009360560937499995 0.0166409986111111
0 0.39744601562500004 0.36194170555555555 0.009360561718749948 0.016640997222222214
0 0.4325481203125 0.3661019555555556 0.009360561718749948 0.014560872222222245
1 0.48754141874999996 0.3869032013888889 0.01989119140625002 0.05616336805555551
1 0.50743261015625 0.3577814555555555 0.05850350937500002 0.1081664847222222
1 0.5144530320312499 0.3785827027777778 0.06903414062499999 0.10400623750000003
1 0.37053440078125 0.39522370138888885 0.0269116140625 0.09152548749999999
1 0.386915384375 0.3785827027777778 0.11349680625 0.1788907277777778
1 0.28862948984375 0.3765025777777778 0.07605456093750003 0.09984598749999994
1 0.24299675390625 0.3827429527777778 0.046802806250000016 0.09152548749999999
1 0.179812965625 0.3827429527777778 0.07371442031250001 0.10608636111111112
1 0.80814064375 0.17611722222222223 0.18955136796875002 0.5699541791666667
1 0.7987800828125 0.40285081944444445 0.05265315781250006 0.1352081083333333
0 0.51562310234375 0.09291223333333333 0.015210913281249993 0.06656399166666668
0 0.59401780390625 0.22049322222222223 0.014040841406249971 0.05408324305555554
0 0.6127389265625001 0.2662559666666667 0.030421824999999993 0.0270416236111111
0 0.0990781234375 0.16640997916666667 0.022231332031250006 0.045762744444444454
0 0.0967379828125 0.2974578375 0.019891192968750006 0.039522370833333334
2 0.63146004921875 0.33281995833333333 0.07605456171874998 0.2724963430555556
2 0.6279498390625 0.43058581944444446 0.08541512187500003 0.22673359722222217
3 0.5846572421875 0.405624325 0.010530631249999978 0.06448386805555555
3 0.61156885625 0.4035442013888889 0.014040842968749967 0.06032361666666664
3 0.12832987734375 0.39106345138888887 0.03276196484374998 0.09776586250000005
