1 0.4303123484375 0.3814284361111111 0.224648359375 0.17437493888888891
1 0 0.3511605930555555 0.42714828828125 0.22687492083333333
1 0 0.3999105736111111 0.29214833515625 0.24749991527777782
1 0.94741038984375 0.4202677083333334 0.05167967031249994 0.11437496111111109
1 0.658426115625 0.3399105972222222 0.3153514531249999 0.41062485694444445
0 0.9242072718750001 0.37928557916666666 0.01898436953124989 0.026249988888888885
0 0.93053539609375 0.3211605986111111 0.015820307031249925 0.014999994444444435
0 0.97061350625 0.35303559027777776 0.014765618750000088 0.01499999305555555
0 0.9410822671875 0.27080347222222223 0.008437496093750062 0.029999990277777795
0 0.963230696875 0.3889284305555556 0.018984367968750072 0.022499994444444442
