0 0.5749855625 0.25593731666666664 0.007910150781249925 0.028124980555555564
0 0.465561809375 0.2301560847222222 0.007910151562500013 0.02812497916666668
0 0.4088723953125 0.3239060208333333 0.010546867968750017 0.016406236111111108
0 0.6303566179687501 0.3215622722222222 0.010546867968749929 0.018749986111111106
0 0.46028837578125004 0.2301560847222222 0.007910150781250014 0.03046872916666668
0 0.5683937703125 0.2512498208333333 0.009228509375000016 0.03281247638888891
3 0.14783741875 0.3215622722222222 0.026367168750000003 0.1171874194444445
1 0.49720241328125 0.3567184972222222 0.013183584375000024 0.02343748472222226
1 0.49061062031249997 0.36140599444444443 0.010546867968750017 0.021093736111111146
1 0.4774270359375 0.3567184972222222 0.015820300781249942 0.032812477777777835
1 0.46688016796875004 0.3590622458333333 0.013183585156249933 0.03046872916666672
1 0.39305209375 0.3567184972222222 0.038232396093749975 0.05156246527777779
1 0.39305209375 0.36843724027777774 0.015820301562500028 0.04687496666666667
1 0.35086462265625 0.33796851111111115 0.04614254765624999 0.08906243611111112
1 0.55125511015625 0.3590622458333333 0.009228509375000016 0.01874998750000003
1 0.55784690234375 0.36140599444444443 0.009228509375000016 0.021093736111111146
1 0.5644386945312501 0.3590622458333333 0.01186522656250002 0.02343748472222226
1 0.5710304875000001 0.3567184972222222 0.014501942968749936 0.030468727777777833
1 0.580258996875 0.3520310013888889 0.02373045312499995 0.03749997361111114
1 0.59739765625 0.3496872527777778 0.03559567968749997 0.056249961111111094
1 0.6145363164062501 0.3332810138888889 0.06855463984374995 0.09374993611111111
1 0.5090676390625 0.34734350416666665 0.014501942968750025 0.03046872916666668
1 0.51697778984375 0.3637497430555555 0.01318358593750002 0.02109373472222226
1 0.5314797328124999 0.3567184972222222 0.018457018750000033 0.02812497916666672
1 0.4365579234375 0.3496872527777778 0.03559567890625006 0.04921871527777775
1 0.6409034859375 0.3567184972222222 0.07778315000000005 0.08906243888888889
1 0.7410987296875 0.35437475 0.18984361953125006 0.1874998708333333
1 0.26912639765625 0.3426560069444444 0.09755852812499999 0.110156175
