1 0.00133536015625 0.5528719458333333 0.2287314515625 0.3287527416666667
1 0.776015265625 0.3492811791666667 0.22207471484375 0.36171856666666663
1 0.1665923734375 0.50035915 0.20518484218750005 0.21354685277777788
1 0.36150374531249996 0.50035915 0.06063477890625002 0.12167188194444449
1 0.36462232734375 0.46848031250000005 0.0786099375 0.11792573194444442
1 0.43163070859374997 0.498281075 0.022148429687500037 0.06937497638888886
1 0.44639632812499996 0.49078107777777774 0.024257803906249986 0.0637499777777778
1 0.47065413203124995 0.49078107777777774 0.01898436875000007 0.05999998055555559
1 0.48963850078125004 0.48703107916666666 0.01792968281249996 0.04687498194444449
1 0.53815410859375 0.4814060819444444 0.011601558593750028 0.033749986111111165
1 0.55081035390625 0.4814060819444444 0.014765620312499995 0.03749998611111115
1 0.5666306609375 0.4814060819444444 0.015820306250000016 0.041249984722222244
1 0.58350565546875 0.4814060819444444 0.03902342499999998 0.04783200972222224
1 0.6119822078125 0.4514060916666667 0.04957029531249999 0.09749996666666666
1 0.64947635390625 0.358124875 0.22359367187500007 0.28124990138888883
1 0.51503889375 0.48499984027777776 0.014765619531249996 0.02999998888888887
3 0.6906091523437501 0.36862486666666666 0.06222654062499995 0.36562487222222223
3 0.73174195 0.40612485555555555 0.034804675781249995 0.25124991111111106
0 0.83030244375 0.22921866944444444 0.03269530078125005 0.0656249736111111
0 0.62674782734375 0.3904686138888889 0.01792968125000005 0.03374998749999997
