1 0.11751517421874999 0.4670942736111111 0.1117006 0.10256669583333328
1 0.4210085640625 0.4920429291666667 0.020270783593750074 0.026334693055555566
0 0.33056968750000004 0.2952257583333333 0.025728302343749964 0.02079054861111113
0 0.31341748671874997 0.32987666944444444 0.02416900937500004 0.05821353055555553
0 0.311858196875 0.3880901986111111 0.023186124218750014 0.06514371250000003
0 0.3173157140625 0.47263842083333335 0.012474328125000022 0.018018472222222214
0 0.31965465078125 0.48927085833333334 0.010915036718750003 0.0180184736111111
0 0.81083130859375 0.3839320902777778 0.01464236328124997 0.06098560416666664
0 0.46310942187500004 0.049897311111111106 0.02027078281249999 0.08593425833333335
0 0.31887500546875003 0.20236131666666668 0.014813264062500008 0.07761804027777776
0 0.43504218281249996 0.05821353055555555 0.019491137500000023 0.0803901125
0 0.388263453125 0.43382940138888887 0.007016810156249997 0.020790545833333358
0 0.44985544765625 0.4407595847222222 0.0062371640624999895 0.01940450972222223
0 0.3867041625 0.46016409444444445 0.007016810156249997 0.016632437499999972
1 0.30484138671875 0.47541049305555555 0.027287592187499987 0.024948655555555553
