2 0.46221284999999995 0.4315418736111111 0.037452771093750045 0.15430770972222219
2 0.44824979921874997 0.5034655319444444 0.08592648046875002 0.09929282083333335
1 0.04654350546875 0.4398162805555556 0.055852210156250005 0.0553748416666666
1 0.11958101328125 0.44936366527777777 0.08914872109375001 0.06492223055555557
1 0.24739665078125 0.4379068041666666 0.049407727343750006 0.09165491111111111
1 0.29358213515625 0.4589110527777778 0.03222242890625 0.03818954722222227
1 0.38165677734375 0.4570015777777778 0.017185296875000013 0.022913727777777778
1 0.42032369296875 0.47036791944444445 0.058000373437500044 0.06874118333333333
1 0.6125841921874999 0.46082052916666666 0.03544467343750002 0.05346536666666669
1 0.7411158890625 0.4780058263888889 0.01718529531249997 0.02482320277777777
1 0.8700056093749999 0.4722773944444444 0.1278156382812501 0.18330982222222228
1 0.0007921390625 0.5262519652777777 0.11345450390625 0.3513438291666667
1 0.71050458125 0.4840525013888889 0.024703862500000007 0.024823206944444426
1 0.93416852734375 0.46705815972222225 0.06444485859375 0.24441309861111116
2 0.7587615078125001 0.4670036097222222 0.009666728906249932 0.026732683333333382
1 0.7558710804687501 0.4926451527777778 0.01396305312499999 0.030551637499999944
3 0.76876005078125 0.44872717361111114 0.022555699218749937 0.07637909166666661
