0 0.62547791015625 0.3861899541666666 0.020599571875000056 0.03662146111111113
1 0.2303406671875 0.46942054583333337 0.04588086484375 0.033292237500000016
1 0.20412303046875002 0.47607899583333335 0.032772046874999995 0.02330456666666668
1 0.8380280375 0.4627621 0.05618065156249994 0.03662146111111113
1 0.7921471734375001 0.4893958888888889 0.05337161718749996 0.013316894444444453
1 0.76967491328125 0.4860666666666667 0.033708390625000015 0.018310730555555526
1 0.60862371484375 0.4361283097222222 0.013108818749999963 0.03995068333333336
1 0.60862371484375 0.4311344736111111 0.1385789375 0.1930949791666666
1 0.10955226874999999 0.4910605013888889 0.172287328125 0.1714550208333333
1 0.9466439624999999 0.4627621 0.05243527421875012 0.03995068333333336
1 0.8502005125000001 0.4960543388888889 0.14887872421875006 0.46609132361111105
1 0.26311271328124997 0 0.35206541171875 0.7673860708333333
