1 0.68019644375 0.4483022902777778 0.08166870546875007 0.17066053055555558
1 0.48820334687500005 0.4635853236111111 0.04155074453124996 0.06113212777777777
1 0.45238373984375 0.43265537638888885 0.057073421875000016 0.06149601111111112
1 0.45095095546874997 0.48396269722222224 0.06447529296874999 0.0916981972222222
1 0.34205934765625 0.4228305666666667 0.12035388046874998 0.1935850791666666
1 0.5154262484375 0.4151890527777778 0.18626195859375 0.26745306944444436
1 0 0.5068872472222222 0.2417644453125 0.29547196527777775
1 0.7160160515625 0.43301925694444443 0.28050718046875006 0.3209436861111112
1 0 0.3158493402777778 0.27328570078125003 0.2598115541666666
0 0.350418103125 0.3995421375 0.014327843750000024 0.02037737916666668
0 0.47936869140624994 0.40463648472222224 0.010029490625000026 0.020377376388888833
0 0.39626720078125 0.38680627916666666 0.01432784374999998 0.02801889444444446
0 0.49083096484375 0.40463648472222224 0.010029489843749939 0.020377376388888833
0 0.79171566953125 0.2849193944444445 0.030088469531249995 0.03566040972222224
0 0.59365028984375 0.3922645027777778 0.020058980468749966 0.028018893055555497
