0 0.820329865625 0.39806818611111117 0.02991744296875005 0.0375434555555555
1 0.92328106328125 0.49974838055555554 0.0756735296875 0.12045192361111114
0 0.24169516328125 0.553244548611111 0.019358344531250005 0.02972190416666665
1 0.15458261171875 0.605909675 0.03079736718749999 0.03128621666666665
1 0.18625990312500001 0.6012167430555556 0.017598496093750016 0.03597914583333335
1 0.20209854843750003 0.6012167430555556 0.022878043749999976 0.03441483611111112
1 0.21881711875 0.5965238111111111 0.01143902265625001 0.0375434541666667
1 0.2267364421875 0.5933951888888889 0.012318946875000014 0.04380070138888893
1 0.23553568984375 0.5965238111111111 0.02815759296875 0.043800698611111084
1 0.25665388359375 0.5871379458333333 0.02991744218750001 0.021900349999999947
1 0.23993531328125 0.5949595 0.033437140624999986 0.0453650097222222
1 0.37632365156250003 0.5449015583333333 0.08095307734374999 0.10168019444444445
1 0.2724925296875 0.5433372472222222 0.12758909062499998 0.15955968888888894
1 0.022593896875 0.5730591500000001 0.09855157421875001 0.06726535972222215
1 0 0.5996524319444444 0.0533912640625 0.04692932083333332
