0 0.591092034375 0.38454554583333334 0.011005439062499978 0.0160079097222222
0 0.60209747265625 0.3898815166666667 0.012005930468750047 0.01067193888888885
0 0.60609945 0.4023321125 0.007003460156249997 0.016007908333333317
1 0.5550742390625001 0.4361265861111111 0.010004943749999917 0.012450595833333328
0 0.5170554546874999 0.4218973347222222 0.00800395390625006 0.024901191666666656
0 0.503048534375 0.4165613652777778 0.013006425000000021 0.010671937499999966
0 0.481037659375 0.4307906180555555 0.012005930468749959 0.016007908333333317
1 0.48904161406249996 0.44679852638888884 0.01200592968750005 0.01956522222222227
1 0.46703073828125 0.44679852638888884 0.02201087656249996 0.02667984861111113
1 0.45902678437500005 0.4379052444444445 0.01400692187499999 0.019565223611111075
1 0.43501492031250005 0.4379052444444445 0.02901433515624996 0.03735178749999998
1 0.40900206640625003 0.39699614305555553 0.04001977343750003 0.05335969722222226
1 0.3879916859375 0.4379052444444445 0.01600790937499994 0.035573130555555506
1 0.2689328625 0.4094467388888889 0.054026692187500024 0.0818182027777778
1 0.0928458609375 0.40055345555555555 0.08804350078125 0.09604745416666671
1 0.39999761875 0.4396839 0.037018289843749975 0.04268775833333333
1 0.30294966875 0.4094467388888889 0.08904399453125 0.10316208055555556
1 0.12586217265625 0.4094467388888889 0.16708255234375 0.14229252222222225
1 0 0.44679852638888884 0.07183548125 0.2241107291666667
