1 0.4142933328125 0.5008346083333333 0.012087617968749954 0.02772786944444445
1 0.40259563906249995 0.5025676 0.011697693750000049 0.02772786944444445
1 0.38699871484375004 0.49910161527777774 0.01462211796874997 0.036392825
1 0.356779671875 0.49043665694444444 0.02729461953125001 0.04679077499999996
1 0.33630870703125 0.4869706777777778 0.02339538750000001 0.05372274027777774
1 0.32851024453125 0.5008346083333333 0.025345005468750025 0.04505778333333339
1 0.30998889531249996 0.4869706777777778 0.02339538750000001 0.05892171666666665
1 0.26612254296875004 0.48350469166666665 0.05166481484374996 0.07451864583333329
1 0.20763407109375 0.47700597499999997 0.06531212734374998 0.09358155138888888
1 0.51664815859375 0.5036074041666667 0.009748078124999981 0.022528894444444426
1 0.5244466210937501 0.5036074041666667 0.018521349218749972 0.03985880833333337
1 0.5341946984375 0.5088063819444445 0.01949615859374996 0.04332479305555555
1 0.54979162421875 0.5088063819444445 0.047765582812500006 0.050516698611111126
1 0.1946467828125 0.675866775 0.009748078125000004 0.0017329916666666476
1 0.6075489898437499 0.45750981527777773 0.16613365234375 0.21835695694444446
1 0.70577102421875 0.4887036666666667 0.27002177421874995 0.2478178138888889
1 0.87311304296875 0.5753532541666667 0.12516151640624998 0.24608482361111114
1 0.42372662734375 0.4815241305555556 0.08090905156249999 0.1024940819444444
1 0.05817368515625 0.4557768263888889 0.16279290937500002 0.1438383111111111
0 0.4457308875 0.4635752861111111 0.012672503125000035 0.013863934722222224
0 0.49642089453124993 0.4653082777777777 0.007798464843750086 0.012130943055555576
