0 0.59212351484375 0.3522668305555555 0.02662016484374998 0.01992620416666671
1 0.4063077796875 0.46826582499999997 0.014010612499999997 0.017435429166666693
1 0.400703534375 0.46826582499999997 0.012609551562499988 0.019926205555555597
1 0.39089610546875 0.46826582499999997 0.014010613281250039 0.027398531944444453
1 0.37268230859374996 0.47075659999999997 0.01681273593750001 0.027398531944444453
1 0.3586716953125 0.46826582499999997 0.02381804140625001 0.03985241111111111
1 0.33065046875 0.473247375 0.044833962500000005 0.04981551388888887
1 0.4245215765625 0.46826582499999997 0.012609553124999983 0.017435429166666693
1 0.43152688359375 0.4657750486111111 0.012609551562499988 0.022416981944444497
1 0.43853218984375 0.47075659999999997 0.015411674218750004 0.022416980555555535
1 0.459548109375 0.45830272222222224 0.03782865546874996 0.05479706388888891
1 0.49737676484375 0.45830272222222224 0.05324032968750005 0.09714025138888892
1 0.5225958687500001 0.46079349722222224 0.07425624921875 0.12453878333333329
1 0.5576224015625 0.44833961944444445 0.19334646015625 0.18929895138888883
1 0.054641391406249996 0.44833961944444445 0.16812735781250002 0.19926205416666667
