1 0.30434431875 0.1726124486111111 0.03775897812500002 0.06712706944444442
1 0.3435017765625 0.19747432638888887 0.01538328671875 0.027348062500000006
1 0.2819686296875 0.1925019513888889 0.018180246874999993 0.02983425277777777
1 0.2064506765625 0.1775848263888889 0.04195441796875001 0.054696130555555555
1 0.46796655 0.21487764027777778 0.013984804687500052 0.02237569305555552
1 0.44419237968749997 0.20493289027777778 0.022375688281250028 0.04226519166666666
1 0.42181668984375 0.2074190763888889 0.026571132031250055 0.04226519166666666
1 0.480552875 0.21487764027777778 0.01398480546875005 0.027348065277777778
1 0.36587746484375 0.11045775694444444 0.05593922421874997 0.11685082361111113
1 0.35468962109375 0.22233620416666666 0.10628452578125 0.14171270277777775
1 0.4819513546875 0.1925019513888889 0.08831123515624997 0.11943655972222224
1 0.62680144453125 0.21487764027777778 0.13344755078124998 0.13691968055555553
0 0.50292856484375 0.15769532083333335 0.01398480546875005 0.024861876388888877
1 0 0.1825571986111111 0.10715855390625 0.1292817638888889
