1 0.13991637734375 0.3933071944444444 0.0239173296875 0.017007880555555566
1 0.18535930312499999 0.42732295277777776 0.09806105000000001 0.04464568055555552
1 0.277680190625 0.43582689444444445 0.02989666171875003 0.027637799999999955
1 0.32431898359375 0.4251969666666667 0.04424706093749999 0.03188977083333329
1 0.4534725640625 0.43582689444444445 0.011958664843750012 0.02338583194444447
1 0.44270976484375 0.4294489388888889 0.017937996875000018 0.038267729166666695
1 0.46303949375000003 0.4294489388888889 0.009566932812500007 0.03188977222222225
1 0.46543122890625 0.4251969666666667 0.015546264062500014 0.040393715277777804
1 0.5168534859375 0.43370090833333336 0.02032972968750002 0.03614174166666662
1 0.62352477109375 0.4251969666666667 0.021525596093750023 0.040393715277777804
1 0.7502866546875 0.4124410597222222 0.13393704375000004 0.1275590916666667
1 0.30303257499999997 0.4251969666666667 0.023917329687500023 0.019133863888888904
0 0.34847550234375 0.38692924166666665 0.03228839296874999 0.03401575833333336
0 0.51661431640625 0.4209449986111111 0.01076279843749992 0.021259848611111132
0 0.58884464375 0.19771659027777777 0.11599904843750002 0.09992128611111113
1 0.52068025546875 0.4018111333333333 0.11241144765625002 0.1530709083333333
1 0.46925799687499997 0.41456704305555553 0.05381399140625005 0.07440947083333332
1 0.3523022703125 0.39755916527777774 0.10404038281250001 0.17220477222222222
1 0.85401308984375 0.4154174416666666 0.14469984140625006 0.2232284069444445
1 0.5297688468749999 0.3514961652777778 0.09925691796875 0.08716538055555559
