1 0 0.00039859444444444446 0.20318215624999997 0.7416226208333334
1 0.6220984828125 0.3310109875 0.16186231796875 0.2647960388888889
1 0.7616712515625 0.4565212472222222 0.20921565468749997 0.20663274722222222
0 0.3896366421875 0.42284776249999995 0.006887758593750038 0.030612256944444503
0 0.4808994390625 0.43968450277777776 0.007748728124999982 0.018367355555555617
0 0.54288926171875 0.4458069569444444 0.009470668750000045 0.027551031944444464
3 0.2105549296875 0.4519294083333334 0.017219394531249987 0.0551020680555555
1 0.3173151828125 0.43968450277777776 0.04993624765625002 0.08112248750000006
1 0.3233419703125 0.4779498263888889 0.05251915624999999 0.07193880833333337
1 0.2183036578125 0.46723553611111107 0.06371176250000002 0.07193880972222225
1 0.38533179296875 0.46876614999999994 0.02410715468750002 0.033673486111111116
1 0.408577978125 0.47488860138888894 0.036160730468749944 0.03520409722222221
1 0.5652744765625 0.4840722777777778 0.05165818671875 0.05663267916666667
1 0.52739180703125 0.4825416666666667 0.03788266953125001 0.0397959375
1 0.4886481671875 0.4825416666666667 0.019802304687499994 0.0397959375
1 0.4318241609375 0.47335799166666664 0.06198982265625004 0.08877554861111116
