0 0.23810373281250002 0.3187883777777778 0.08186277578125001 0.06514371666666664
0 0.3558302015625 0.31185819583333335 0.07562561250000006 0.06930182083333329
0 0.46264163359375 0.31185819583333335 0.07328667656250003 0.06098560277777779
0 0.9012701859375 0.35621136111111107 0.06704951562500003 0.09147840277777783
0 0.8100516640625001 0.4366014736111111 0.0265079421874999 0.04435316944444444
0 0.7328667609374999 0.44630372916666666 0.013253971875000038 0.020790545833333358
0 0.7765269078125 0.3853181263888889 0.021830073437500007 0.03603694583333331
0 0.68842696796875 0.44768976666666666 0.03352475546875002 0.030492798611111108
0 0.6283942648437499 0.2536446652777778 0.07250703046874998 0.13305949722222218
0 0.6240282453125 0.3049280125 0.12162469765625002 0.06375767499999997
0 0.46498056484375 0.42274110972222223 0.04677872812499997 0.02772072777777773
0 0.41508325390625 0.42274110972222223 0.046778729687500055 0.024948658333333325
0 0.35115232343749997 0.4255131833333333 0.04210085625000004 0.026334691666666684
0 0.24590018359375 0.47263842083333335 0.02884688281250001 0.01247432638888889
0 0.0619038515625 0.4366014736111111 0.05457518515625 0.05821353333333327
0 0.552924590625 0.4393735486111111 0.009355746093750028 0.019404508333333344
0 0.52875558046875 0.4657082375 0.011694682031250014 0.015246405555555577
0 0.51846425078125 0.467094275 0.006237164843749987 0.013860368055555562
1 0.00031185859375 0.5194864583333334 0.0233893640625 0.023562616666666654
1 0.47761083203125 0.4765193222222222 0.02105042968750004 0.02772072500000004
1 0.386392309375 0.4682031041666667 0.038982273437500006 0.062371640277777765
1 0.06424278828124999 0.5014679833333333 0.05145660234375001 0.05544145694444451
1 0.13129230078125 0.4903796916666667 0.1769795265625 0.18711491527777777
1 0.41352396796875 0.4779053638888889 0.07874419296874997 0.11504102361111114
1 0.6029778171875 0.46820310833333334 0.02962652734375002 0.041581093055555525
