1 0.00077964453125 0.2979978291666667 0.15592909921875 0.5405542055555556
1 0.75781541640625 0.18850095555555554 0.24169010156249993 0.46293616666666665
1 0.13487866953125 0.4435316555555555 0.06471057499999999 0.10672480416666666
1 0.30873961328125 0.4199690375 0.07172738437499997 0.11504102500000002
1 0.3781280625 0.4532339111111111 0.031185819531250037 0.05544145555555555
1 0.396839553125 0.4476897638888889 0.02183007421874996 0.040195054166666626
1 0.71259597734375 0.4476897638888889 0.04054156640625006 0.11642706111111106
1 0.13331937968750002 0.3894762361111111 0.1114893046875 0.11226894999999999
1 0.24480868359375002 0.36868568888888886 0.09121852343749999 0.0790040791666667
1 0.5020916953125 0.3381928861111111 0.10759107812500002 0.1815707722222222
1 0.18165739921875 0.4476897638888889 0.15748838828125 0.16216626388888886
1 0.57381908046875 0.3894762361111111 0.15203086953125 0.19681717222222225
1 0.42100856484375004 0.45046184027777775 0.013253973437499945 0.030492801388888956
1 0.47168552265625 0.45046184027777775 0.010135391406249994 0.024948655555555553
1 0.45999083984375 0.45461994583333337 0.007796453125000014 0.012474329166666662
1 0.48182091171875 0.45461994583333337 0.014033618749999999 0.027720730555555503
0 0.47948197578125 0.3728437972222223 0.005457518749999934 0.018018474999999985
0 0.47558374765625 0.3728437972222223 0.005457518749999934 0.023562620833333308
1 0.43868222265625 0.44857789027777784 0.015595368750000027 0.01919429999999996
