0 0.67846626171875 0.37779219444444445 0.021445772656249938 0.03465983611111112
0 0.6843151078124999 0.3587292875 0.012672502343750036 0.013863933333333339
0 0.68821433984375 0.31540449444444446 0.012672502343750036 0.020795899999999968
0 0.66871818203125 0.14210532083333333 0.03119385234374992 0.07278565138888887
0 0.520547390625 0.34313236249999995 0.015596925000000006 0.03812581805555561
0 0.27782023671875 0.36219526944444447 0.031193851562500007 0.015596924999999985
0 0.01169769453125 0.4141850222222222 0.01364730859375 0.032926843055555585
0 0.3255858203125 0.3569962958333333 0.005848846875000024 0.027727866666666677
0 0.4347642984375 0.3639282611111111 0.005848847656250022 0.02252889305555554
0 0.3324094765625 0.3569962958333333 0.004874039062499991 0.029460858333333326
0 0.31876216484375003 0.3639282611111111 0.007798463281250001 0.017329916666666712
1 0.3411827453125 0.43671391527777775 0.009748078125000026 0.010397950000000043
1 0.333384284375 0.4401799 0.013647308593750029 0.024261881944444418
1 0.3216865890625 0.44537887361111117 0.023395388281250006 0.027727868055555563
1 0.29634158515625 0.4471118652777778 0.016571732812499997 0.04332479305555555
1 0.34898120859375 0.4471118652777778 0.018521349218750018 0.027727866666666677
1 0.3587292875 0.43324793194444444 0.015596925000000006 0.015596924999999985
1 0.39187275312500003 0.43671391527777775 0.013647310156250026 0.008664958333333396
1 0.41526814296875003 0.4540438305555556 0.02144577265625003 0.05545573750000001
1 0.48545430703125003 0.4176510041666667 0.06921135703124995 0.09184856388888889
1 0.689189146875 0.4315149402777778 0.07213578125 0.07451864305555553
1 0.2563744625 0.4505778486111111 0.058488471093750015 0.07971761805555554
1 0.3090140875 0.4540438305555556 0.02631981171875002 0.03465983611111112
1 0.3558048640625 0.44191289166666664 0.07506020390625001 0.11437745277777778
1 0.5244466210937501 0.4193839986111111 0.11015328593749993 0.11091147083333336
1 0.0448411609375 0.4089860472222222 0.23687830625 0.2790116680555556
1 0.75431741640625 0.2128660986111111 0.24486062656250002 0.4035442
1 0 0.4540438305555556 0.07018616484375 0.038125818055555524
1 0 0.46790776666666667 0.051664815625000006 0.06321740694444442
