3 0.08816324140625001 0.26571423055555554 0.089885184375 0.47020398333333335
3 0.29272952421875 0.36244890416666664 0.03719387031250001 0.06979590138888886
3 0.32165808984375 0.36612237222222227 0.02582907578125 0.0881632472222222
1 0.5055611109375 0.3740815472222222 0.05992345625000004 0.09489794583333336
0 0.5396554921875001 0.29387749027777776 0.016530609374999995 0.022040811111111107
1 0.5210585578125 0.39918358888888894 0.06508927109374998 0.1028571208333333
1 0.5654845671875 0.3844897152777778 0.09918365390624997 0.1910203666666666
1 0.36505093671875 0.38081624722222224 0.15394129375000004 0.21306117916666664
1 0.6123213 0.3697958416666667 0.28515300000000005 0.3104080972222221
3 0.34542083984375 0.40653052777777776 0.037193869531250014 0.16530608611111108
3 0.32682390546875 0.4322448083333333 0.025829076562499997 0.11571425972222227
