0 0.72058981953125 0.22273188055555554 0.013778981250000034 0.08709678611111112
0 0.45508920937499997 0.3892137597222222 0.010716988281250029 0.023135083333333344
0 0.45432371015625 0.4137097319444445 0.007654991406249945 0.017691536111111045
0 0.45355821093750004 0.4300403763888889 0.009951488281249966 0.01633064444444443
0 0.26384201796875 0.4146169958333334 0.006123991406249996 0.02177419583333331
0 0.3434539234375 0.4118952208333333 0.004592996093750035 0.0190524125
0 0.32661294296875 0.4445565152777778 0.004592995312499992 0.010887098611111097
0 0.41234884140625 0.3946573083333333 0.013013483593750052 0.013608875000000057
0 0.15973414140625 0.3520161722222222 0.00918598906250001 0.032661293055555596
0 0.15131365234375 0.35473794444444445 0.008420489062499991 0.03130040694444444
0 0.334267934375 0.3819556916666667 0.007654990624999991 0.027217744444444414
0 0.419238334375 0.4282258583333333 0.010716985156249947 0.01633064722222228
0 0.34039192734375 0.4132561 0.003827496875000014 0.013608872222222207
3 0.4406723140625 0.4563508666666667 0.011482485937500009 0.027217743055555528
1 0.36641889609375 0.4531754611111111 0.039040453906250015 0.053074604166666636
1 0.32431644609375 0.47767143194444445 0.034447459375000024 0.04763105555555553
1 0.3105374625 0.47903232083333336 0.023730471874999992 0.044909280555555535
1 0.256952525 0.4844758694444445 0.02985446484375003 0.04218750555555554
1 0.23016005781249999 0.47767143194444445 0.02832346562499999 0.06804436388888888
0 0.23781504921875 0.4509073166666667 0.01990297578125002 0.025856856944444374
1 0.34039192734375 0.46633071249999997 0.009185989062500033 0.010887098611111175
1 0.16892013046875 0.46633071249999997 0.07425341249999999 0.09662299583333334
1 0.11763169140625 0.4853831361111111 0.08190840234374999 0.13336694999999998
1 0.3005859734375 0.4558972361111111 0.022199474218749994 0.05851815277777774
1 0.2592490234375 0.43820570000000003 0.04746094453124998 0.08165323749999998
1 0.1673891328125 0.43956658888888894 0.04363344999999998 0.05035282916666664
1 0.35646740781249997 0.464969825 0.04822644296875005 0.08029234583333328
1 0 0.3765121527777778 0.14901715468750001 0.4055444027777778
3 0.51862563359375 0.4409274763888889 0.010716986718749943 0.08437501388888885
