1 0.40086762499999995 0.5388783680555556 0.029449459375000053 0.03365652361111107
1 0.3314510390625 0.5201802972222223 0.06836481796874998 0.059833823611111114
1 0.2851733171875 0.5295293319444444 0.09045191171875003 0.05796401666666663
1 0.212601434375 0.5164406833333334 0.10412487578124999 0.08601112222222226
1 0.09059652734375 0.5033520347222222 0.179852059375 0.13649590833333336
1 0.0022481484375 0.5089614555555555 0.2093015203125 0.17576185833333335
1 0.00014461484374999998 0.5687952791666666 0.14724730000000003 0.15145436527777778
1 0.0011963812500000001 0.6118008402777778 0.06836481796875 0.14023552361111113
1 0.42666657968750005 0.5328949888888889 0.011569430468749965 0.02804710694444444
1 0.46978900234375 0.5328949888888889 0.01577649609374996 0.03365652638888893
1 0.4361324765625 0.5160667277777777 0.04417418984375008 0.07105266527777777
1 0.483461965625 0.5141969208333333 0.03470829296874998 0.05609420833333335
1 0.49713492890625 0.5254157625 0.030501226562499983 0.05048479027777775
1 0.50660082734375 0.5328949888888889 0.04101889062500001 0.052354595833333344
1 0.5518267867187501 0.5141969208333333 0.06520951796874996 0.11218841805555549
1 0.5728621140625 0.5179365347222222 0.13041903828125 0.13462610277777776
1 0.691711721875 0.5179365347222222 0.10833194218750011 0.07292247222222217
1 0.9557050953124999 0.4711913583333333 0.042070657031250035 0.14023552777777779
1 0.81421183046875 0.5183104902777778 0.07572718359375 0.06918285833333329
0 0.6543433335937501 0.2527978986111111 0.03365652578124996 0.08601112083333334
0 0.671171596875 0.34815805555555557 0.019983561718749952 0.056094208333333305
3 0.9130778749999999 0.5313991388888889 0.014724731250000112 0.06544324583333337
