0 0.47119136015625 0.1996953791666667 0.010517664062499942 0.03926594583333332
0 0.63211162421875 0.18286711388888888 0.00841413124999999 0.033656525
0 0.59214449921875 0.31375360416666664 0.007362365624999967 0.020567879166666674
0 0.53429734609375 0.3089856041666667 0.007362364843749969 0.018698069444444423
0 0.5868856671875 0.34077232361111115 0.006310598437499948 0.01682826249999998
0 0.55848797421875 0.35012135833333335 0.005258832031250016 0.014958455555555538
0 0.58057506875 0.35386097222222224 0.006310598437500037 0.01682826250000002
0 0.482760790625 0.2005367986111111 0.009465899218750008 0.04300556111111113
0 0.64052575546875 0.17622930833333333 0.011569429687499966 0.04113575416666667
0 0.3902053453125 0.3220742527777778 0.009465897656249967 0.01682826527777779
0 0.4512077984375 0.34451193750000003 0.00946589765625001 0.01682826249999998
0 0.6394739890625 0.34077232361111115 0.00841413124999999 0.011218841666666653
0 0.22402624921875 0.3015063763888889 0.011569432031250004 0.022437683333333347
3 0.1041248765625 0.3389025166666667 0.01893179453125 0.03739613888888885
3 0.126211971875 0.34451193750000003 0.010517664843750007 0.02804710416666663
3 0.13988493515625 0.3389025166666667 0.019983561718749997 0.07292247222222217
3 0.18616265781250002 0.3389025166666667 0.0178800296875 0.05609420694444446
3 0.2103532859375 0.34077232361111115 0.016828263281249978 0.0766620861111111
3 0.429120703125 0.3650798138888889 0.00841413124999999 0.024307490277777788
3 0.38626122109375 0.3576005861111111 0.011569430468750008 0.04487536805555558
3 0.22823331484375 0.34077232361111115 0.015776496875 0.08601112083333334
3 0.4112406734375 0.3557307791666667 0.009465899218750008 0.04674517499999998
1 0.5868856671875 0.3660147166666667 0.019983561718749952 0.02243768472222219
1 0.55848797421875 0.3566656819444444 0.023138860937500016 0.03038436388888894
1 0.4964337546875 0.3515237125 0.0673130515625 0.09536015694444448
1 0.59214449921875 0.34591429166666665 0.048381256249999983 0.07666208888888891
1 0.7809365734375 0.12060255 0.2187674171875001 0.3926594694444444
0 0.20930151953124998 0.26971965694444444 0.024190628125000037 0.018698072222222233
0 0.38915357890625 0.29028753472222224 0.01682826249999998 0.013088648611111095
0 0.6415775218750001 0.2940271486111111 0.013672963281250006 0.020567875000000017
0 0.6079209960937499 0.31646483194444447 0.00841413124999999 0.013088648611111095
0 0.78146245703125 0.1668802736111111 0.027345925781250103 0.03552633194444444
3 0.66182402578125 0.3669496208333334 0.011569430468749965 0.033656526388888844
