0 0.22621387421875 0.04263159027777778 0.0175855296875 0.0838421263888889
0 0.23260861328125002 0.2614737527777778 0.027976981249999967 0.04831579999999999
0 0.20063492109375 0.27142112500000004 0.020782899999999983 0.042631587499999984
0 0.20862834375 0.20178952638888886 0.011190793749999983 0.03694737777777778
0 0.19903623671874998 0.15205267083333335 0.0207829015625 0.02984211666666666
0 0.22861190156250003 0.1833158375 0.024779610937499984 0.03126316388888889
1 0.0007993421875 0.3566843041666667 0.0663454125 0.15063161944444445
1 0.019184215625 0.3680527263888889 0.16866122890625 0.1861579444444444
1 0.96001011953125 0.4547369611111111 0.01575641640624994 0.027000008333333308
1 0.94322393046875 0.4561580138888889 0.017585530468750044 0.025578955555555578
1 0.9304344531250001 0.4533159097222222 0.012789477343749845 0.025578954166666692
1 0.9176449773437501 0.46042117222222223 0.019983556249999878 0.019894744444444414
1 0.8656877265625 0.4689474902777778 0.012789475781249848 0.024157899999999996
1 0.8481021953125 0.46610538611111113 0.018384871093750022 0.04405264166666664
1 0.8169278437499999 0.45900012083333336 0.038368432031250066 0.06394738611111106
1 0.79934231484375 0.4675264375 0.03437171953125011 0.06252633194444444
1 0.76497059453125 0.4575790652777778 0.045562512500000006 0.07957896805555555
1 0.72020742578125 0.4575790652777778 0.062348698437499996 0.08810528750000002
1 0.62668437421875 0.4533159097222222 0.11430595078125005 0.11652634583333336
1 0.8616910140625 0.46610538611111113 0.060750017968750035 0.06821054444444441
1 0.96240814609375 0.42347379583333333 0.03676974687500003 0.2188421611111111
