0 0.71888162265625 0.11716991666666667 0.10889160625000001 0.05349061527777778
0 0.8249076593750001 0.1299057777777778 0.0773703507812499 0.089151025
0 0.47960664062499997 0.24962286527777777 0.024357332812500056 0.0356604097222222
0 0.6099900125 0.10443405555555556 0.02579011796875008 0.08405667777777776
0 0.9581565984375 0.3107549958333333 0.04011796093749993 0.06113213055555558
0 0.79481918828125 0.1910379083333333 0.021491764062499995 0.039401569444444465
0 0.625750640625 0.25981155277777773 0.01862619687500002 0.04075475416666667
0 0.6443768375000001 0.2827361027777778 0.020058979687499968 0.0458490986111111
0 0.63864569765625 0.13500012083333332 0.021491765624999992 0.04839626805555556
1 0.37787895546875 0.45339663055555557 0.07020643046875001 0.0916981972222222
1 0.47817385703125004 0.4635853236111111 0.040117960937500016 0.06877364444444443
1 0.4466526015625 0.46103815138888893 0.024357333593749964 0.03311323749999996
1 0.5010984046875 0.45849097777777775 0.07880313671874992 0.10188688472222225
1 0.61572115078125 0.4228305666666667 0.20632093828125003 0.24452852222222216
1 0.32916428984375 0.4635853236111111 0.051580232812499995 0.07641515833333333
0 0.96080145859375 0.07632506944444445 0.016994253906250024 0.1558303513888889
