0 0.237142071875 0.25663488888888886 0.031190739062500007 0.05118480277777778
0 0.6270262921875001 0.2545021888888889 0.03359002499999999 0.06611370277777778
0 0.7146002859375 0.2459713888888889 0.03838860078125004 0.05331750138888888
0 0.7157999296875001 0.2225116888888889 0.029991093749999996 0.02132699999999998
0 0.5826394726562499 0.2651656888888889 0.044386820312500054 0.06398100277777775
0 0.56464481640625 0.3270139902777778 0.00959715000000001 0.023459700000000003
1 0.50586227265625 0.3462082902777778 0.03239038281250002 0.044786699999999985
0 0.44827937265625 0.32914669027777776 0.011996436718750036 0.025592400000000026
0 0.43148436015625 0.3334120902777778 0.013196081250000002 0.021327000000000023
1 0.2707320984375 0.35900449027777775 0.03119073750000001 0.042654000000000046
1 0.23954135937499998 0.3718006902777778 0.026392163281250002 0.03625589999999998
1 0.133972709375 0.3632698902777778 0.05878254296874998 0.06824639999999998
1 0.318717846875 0.3163504902777778 0.12956152578125 0.17914680138888892
