0 0.7161325609375 0.22499992083333334 0.035859363281250015 0.08437497083333333
3 0.59484354140625 0.5274105277777779 0.01054687109375001 0.033214277777777725
1 0.650741959375 0.5086605333333334 0.015820305468750018 0.02062499166666664
1 0.60749978671875 0.5311605263888889 0.026367178124999936 0.02249999166666667
1 0.5421091851562501 0.5461605208333333 0.012656245312499958 0.018749990277777802
1 0.48515608046875 0.5555355180555556 0.012656245312500047 0.01499999305555559
1 0.42292953984375004 0.5702676597222223 0.012656245312499958 0.014999994444444473
1 0.400781109375 0.5796426569444445 0.005273435937500004 0.014999994444444473
1 0.295312396875 0.594642648611111 0.015820307031250015 0.013124997222222292
1 0.2098827390625 0.5758926611111111 0.04746092109375 0.0356249875
1 0.19511711953125 0.5908926527777777 0.03058592656250001 0.02624999027777777
1 0.049063938281250004 0.6034568194444444 0.07804684609375001 0.050624984722222245
1 0.46988410078125 0.5603318333333334 0.011601558593750028 0.014999998611111131
1 0.45195442109375 0.5603318333333334 0.013710932031249979 0.020624993055555527
1 0.4962512796875 0.5228318486111111 0.04957029453124999 0.0824999708333333
1 0.40660287421875 0.5659568319444445 0.02109374218750002 0.03374998749999997
1 0.1081264171875 0.5865818263888889 0.09808590312500001 0.09374996666666667
1 0.00054832890625 0.6053318194444445 0.0485156078125 0.058124979166666674
1 0.0010546875 0.6262497805555556 0.025312490625 0.043124983333333394
0 0.36702419062499997 0.5491529319444445 0.02106126328125004 0.024961497222222247
0 0.38457524374999996 0.5429125569444444 0.01287077187500003 0.0228813722222222
