0 0.1910131453125 0.418583 0.024169010156249993 0.03465091111111115
0 0.47948197578125 0.3312627055555556 0.0062371640624999895 0.030492801388888838
0 0.85761003828125 0.4158109277777778 0.017152200781250036 0.023562619444444426
0 0.21362286406250003 0.38670416249999995 0.00857610234374997 0.012474327777777856
0 0.3492811796875 0.4255131833333333 0.00857610000000002 0.015246400000000035
0 0.47246516640624997 0.3229464875 0.005457518750000024 0.03742298333333337
0 0.5707004984374999 0.35205325277777777 0.0062371640624999895 0.026334691666666684
0 0.455312965625 0.46432220277777775 0.006237164843749987 0.015246400000000035
1 0.07094773984375 0.4975870763888889 0.08186277421874999 0.08039011805555553
0 0.68530838515625 0.3354208152777778 0.021830075781250003 0.03880901944444442
0 0.687647321875 0.3853181263888889 0.018711491406249968 0.012474327777777777
0 0.86852507578125 0.38670416249999995 0.02260971718749989 0.013860368055555562
0 0.70012165 0.4407595833333333 0.00779645468750001 0.024948655555555553
0 0.5636836890625 0.4366014736111111 0.007016809374999955 0.016632436111111086
0 0.5301589328125 0.4366014736111111 0.003118582031250039 0.018018472222222214
1 0.5496500703125 0.4911189208333333 0.010135391406249994 0.016632436111111166
1 0.51742472734375 0.48973288472222226 0.015073142187500022 0.019866513888888843
1 0.5933102171875 0.4911189208333333 0.02260971953124997 0.033264876388888906
1 0.5306787125 0.48973288472222226 0.021830073437500007 0.03187884027777778
1 0.61643971640625 0.49527703055555555 0.02884688281250005 0.04296712916666665
1 0.5616046421875 0.47171441111111106 0.035863692968750006 0.045739204166666686
1 0.487018553125 0.4832647069444444 0.028846884375000048 0.0401950541666667
1 0.47532387109374996 0.4929669625 0.02884688281250005 0.04019505555555551
1 0.879708115625 0.48557476527777776 0.10759107734374992 0.0762320027777778
3 0.73313476328125 0.4809546402777778 0.016372555468749984 0.06098560277777775
3 0.74950731875 0.4712523847222222 0.014033618749999999 0.07623200694444444
3 0.76587987421875 0.4823406763888889 0.011694682812500013 0.06375767500000001
0 0.87424246015625 0.3653216597222222 0.011694682031250103 0.020790547222222244
