0 0.16918718046875 0.3007772097222222 0.014426814062499993 0.0233160625
0 0.5673672468750001 0.2564766902777778 0.01836139999999995 0.0233160625
1 0.41208225859375 0.40803109722222225 0.01311528437499998 0.013989636111111044
1 0.3871632171875 0.41036270277777775 0.02360751328124997 0.0186528486111111
1 0.37404793125 0.40103627638888895 0.01573834062499997 0.020984456944444375
1 0.34257124609375 0.3940414569444445 0.03278821406249999 0.03264249027777776
1 0.32158678984375 0.3987046736111111 0.020984456249999985 0.02797927500000002
1 0.43647669765624997 0.40103627638888895 0.018361400781250037 0.025647670833333316
1 0.24919041953124998 0.38005181944444444 0.07869171328124999 0.0746114027777778
1 0.16656412265625 0.38471503333333334 0.07475712656249997 0.08160621805555558
1 0.03934585546875 0.3963730666666666 0.11803756640625 0.10025906944444445
1 0.45405117031250003 0.3963730666666666 0.043280442187499976 0.0489637291666667
1 0.84108509140625 0.30583030694444446 0.15652602265624987 0.23374552777777777
