0 0.31523879453125 0.3667667166666667 0.01681273593750001 0.012453877777777775
0 0.32084303984375 0.3966560236111111 0.015411674999999958 0.009963102777777759
0 0.26059740390625 0.4165822291666667 0.009807428906249971 0.024907756944444435
0 0.9180454242187499 0.18992164444444445 0.025219103124999975 0.039852409722222225
0 0.57618646328125 0.401637575 0.012609552343749986 0.0074723277777777415
1 0.48371641796875 0.44647153611111107 0.015411674218750004 0.017435429166666693
1 0.47075660078125 0.44896231249999996 0.015411674218750004 0.014944652777777791
1 0.45394386328124997 0.4539438638888889 0.01681273593750001 0.014944654166666677
1 0.43853218984375 0.44647153611111107 0.014010613281249995 0.02739853333333334
1 0.41891733203125003 0.4514530888888889 0.019614857812499942 0.02739853333333334
1 0.51278843984375 0.4414899861111111 0.01821379765625002 0.02241697916666665
1 0.529601175 0.43899920972222223 0.011208492187499974 0.027398531944444453
1 0.540809665625 0.4365084347222222 0.026620164062500073 0.034870858333333386
1 0.5688308906249999 0.4340176583333333 0.019614858593750027 0.05230629027777777
1 0.58144044375 0.42156378194444444 0.04763608437499993 0.0747232694444445
1 0.60806060859375 0.42903610833333333 0.029422288281249997 0.07721404583333333
1 0.38809398281249996 0.44896231249999996 0.030823347656250055 0.039852409722222225
1 0.312436671875 0.4589254166666667 0.049037146093749984 0.059778615277777745
1 0.254993159375 0.46141619166666664 0.040630776562500026 0.07721404444444444
1 0.15691886640625 0.4414899861111111 0.10087641484375001 0.11706645277777777
1 0 0.46390696666666664 0.16392417343750001 0.15442809166666666
1 0.62942679296875 0.4041283513888889 0.09387110781250003 0.11955723194444445
1 0.7289021460937499 0.2671356888888889 0.2690037703125 0.3437270416666667
1 0.92364966796875 0.2945342222222222 0.07565731171875001 0.37112557361111115
1 0.5001788875 0.4439807611111111 0.007005306250000043 0.022416981944444418
