1 0.46950493671875 0.48814567638888884 0.011063739843750042 0.016092713888888947
1 0.43631371328124996 0.4917218361111111 0.010057946875000034 0.016092715277777832
1 0.43027894609375006 0.4917218361111111 0.009052152343749943 0.017880794444444507
1 0.26231123515625 0.47920528055555556 0.09655628750000003 0.10907284166666666
1 0.48962083046875 0.48814567638888884 0.008046357812500026 0.019668875000000065
1 0.4986729828125 0.4845695180555556 0.012069535937499954 0.025033112500000006
1 0.5047077515625 0.48814567638888884 0.017098507812499976 0.030397352777777796
1 0.51375990234375 0.4899337583333333 0.018104303906250063 0.035761587500000046
1 0.53588738515625 0.4827814388888889 0.04123758203125005 0.06258277916666664
1 0.5228120546875 0.4827814388888889 0.015086920312499964 0.053642381944444394
1 0.0008046234375 0.2878807847222222 0.20920528984374998 0.43450329444444435
0 0.52381784921875 0.45417216805555555 0.008046357031250029 0.017880793055555542
0 0.5992524484375 0.4166225013888889 0.009052151562500032 0.023245031944444446
0 0.5922118859375 0.4112582638888889 0.007040564062500021 0.021456952777777774
0 0.594223475 0.3915893888888889 0.009052152343750031 0.016092715277777753
0 0.8607590617187499 0.18238409861111113 0.06622821171875 0.04112582638888888
0 0.8748401859375001 0.10728476388888888 0.04123758203124996 0.06079469999999999
0 0.8999850539062499 0.019668875 0.06638244687500006 0.035761587500000004
0 0.95027478828125 0.3003973402777778 0.01889995624999994 0.059006619444444415
0 0.91708356328125 0.29145694305555553 0.033191225000000026 0.06615893888888888
3 0.73503472890625 0.47920528055555556 0.020115892968749983 0.09655628750000002
0 0.32567629921874997 0.3969536291666667 0.013075332031249998 0.028609270833333273
0 0.8439306906249999 0 0.04218746953124999 0.055312463888888885
0 0.02918515703125 0.24749982916666666 0.0158203015625 0.037499975000000026
