1 0.28659350703125 0.5151317902777778 0.035336784374999965 0.0675866791666667
1 0.47960546015625 0.47527298055555556 0.10235482500000001 0.1750321666666666
1 0.5380939312499999 0.4267492125 0.2661225414062501 0.30500654444444447
1 0.680659578125 0.46920750972222225 0.31876216484375003 0.528562476388889
1 0.3190058671875 0.4588095597222222 0.15109521640624995 0.22355593055555562
1 0.20958368671875 0.5081998222222222 0.09260674531249999 0.12130942083333333
0 0.06141289453125 0.5099328166666667 0.020470966406250003 0.02426188472222219
0 0.22128138125 0.4146182680555555 0.005848848437500021 0.031193851388888937
0 0.21640734140625 0.4128852791666667 0.00714860234375001 0.03119384861111109
0 0.37952519609375 0.4153403597222222 0.004874040624999987 0.022528891666666655
0 0.20958368671875 0.4153403597222222 0.006823654687500014 0.029460858333333326
0 0.3733514046875 0.4153403597222222 0.007798463281250001 0.020795898611111124
0 0.06628693359375 0.4066753986111111 0.028269428125000006 0.036970481944444425
0 0.43768872265625003 0.4725290861111111 0.013647310156249936 0.02252889305555562
0 0.1481707921875 0.4211169888888889 0.021445772656250008 0.012130944444444462
0 0.07311058828125 0.4575098180555555 0.018521349218750004 0.013863934722222224
0 0.18228906640625 0.46097579861111115 0.012672501562499994 0.010397952777777735
0 0.18326387421874998 0.48697067499999996 0.013647309375000005 0.008664959722222282
0 0.41104397890625 0.4228499805555555 0.031193851562500007 0.01386393611111111
0 0.38667378281250003 0.4141850222222222 0.012672502343749992 0.01386393611111111
0 0.45166097812499995 0.44537887361111117 0.012672501562500039 0.020795898611111044
0 0.45166097812499995 0.46964075833333335 0.014622117187500016 0.010397951388888929
0 0.4779807921875 0.4349809236111111 0.018521347656249975 0.02252889027777777
0 0.45361059453125 0.4228499805555555 0.007798463281250001 0.02079590000000001
0 0.68593980703125 0.25070614583333334 0.032168660156249994 0.10051351944444448
1 0.03314346640625 0.5458923916666667 0.0370426984375 0.060654711111111065
3 0.0370426984375 0.5580233361111111 0.014622116406249996 0.03985880833333337
1 0.0009748078125000001 0.5493583777777777 0.12185098046875001 0.3275354375000001
