0 0.7632745437499999 0.27381269166666666 0.0545892398437501 0.0415918013888889
0 0.77789666015625 0.2356868736111111 0.033143467187499984 0.04505778472222224
0 0.55369085625 0.4089860458333333 0.021445773437500027 0.013863933333333339
0 0.26904696562499997 0.2876766277777778 0.007798461718750005 0.03985880833333333
0 0.5556404710937499 0.34139936944444443 0.00877327109374999 0.05545573472222224
0 0.1754654125 0.43324793194444444 0.010722885156249995 0.022528891666666655
0 0.8012920492187501 0.35872928888888883 0.032168660156249904 0.05718872638888889
0 0.769123390625 0.3639282611111111 0.015596925781250003 0.05025675972222222
0 0.2758706203125 0.2876766277777778 0.007798461718750005 0.04159180000000002
3 0.61022971171875 0.5164315347222223 0.016571732812499997 0.06412069305555555
3 0.5614893203125 0.4956356333333334 0.017546539843749986 0.07278565277777777
1 0 0.11437745555555556 0.09163193750000001 0.6030811194444444
1 0.07603501171875 0.32580244583333334 0.06921135703125 0.23222089166666662
1 0.282694275 0.39165613194444443 0.301215625 0.3708602291666667
1 0.64727241015625 0.5025676 0.13257386640624996 0.09184856250000001
1 0.9582361125000001 0.5476253861111111 0.04126087734374995 0.0623877027777778
1 0.9377651484375 0.5528243625 0.033143467187499984 0.045057784722222195
