0 0.8208562382812501 0.12902835 0.03718895703124989 0.04905210000000001
0 0.10364922031249998 0.2951656805555556 0.017994657031250007 0.01492890138888888
0 0.11444601406249999 0.2610424805555555 0.013196081250000002 0.014928900000000035
0 0.1048488640625 0.3369666013888889 0.016795011718749996 0.023459700000000003
0 0.19914086328125 0.2649879763888889 0.010796793749999978 0.02985779999999999
0 0.19074335703125 0.2628552763888889 0.010796792968749979 0.02985779999999999
0 0.5770286453125 0.3183054777777778 0.00959715000000001 0.02132699999999998
1 0.29439257734375 0.3838860013888889 0.019194300781250017 0.036255898611111094
1 0.21041751484375001 0.3305685013888889 0.08277541874999997 0.1151658
1 0.1072481515625 0.3796206013888889 0.06358111874999998 0.06398099999999994
1 0.5791880078125 0.3476301027777778 0.07797684375000005 0.14928899999999995
1 0.5995819515624999 0.3561609013888889 0.12356330703125007 0.17701409861111111
1 0.67395986484375 0.2900472013888889 0.32510345703125 0.35402819999999996
1 0.31046780703125 0.2090046 0.27951699296875004 0.45853049999999995
