3 0.8627049437500001 0.47483973194444445 0.028269427343749952 0.05892171805555554
3 0.9055964890625001 0.4590141930555556 0.030081803124999952 0.05408324305555554
3 0.9377651468750001 0.48397569027777776 0.008443776562499927 0.02080124722222223
1 0 0.4887036666666667 0.284643890625 0.29460859305555553
1 0.7408539625 0.5094995680555556 0.2583240796874999 0.3933891194444443
1 0.3655529421875 0.37605920416666666 0.3177873578125 0.46617477499999993
1 0.21738215078124998 0.4817717 0.151095215625 0.18889609861111106
1 0.36165371015625 0.4887036666666667 0.03801750703125002 0.08838257777777775
1 0.6599449117187499 0.43671391527777775 0.20373483984375004 0.256482775
1 0.647272409375 0.47483973194444445 0.02826942812499995 0.03639282777777776
