1 0 0.4878848222222222 0.20972463671875002 0.2536446652777779
1 0.851372875 0.5890654805555555 0.14812411484374993 0.40843383611111117
1 0.25806265703125 0.46016409444444445 0.045999084375 0.06514371250000003
1 0.39216168125 0.3839320902777778 0.08030348437499998 0.13305949722222224
1 0.33056968750000004 0.4490758013888889 0.024169009374999995 0.04296712777777777
1 0.35941657031249996 0.45461994722222226 0.01637255546875003 0.024948655555555553
1 0.3007670015625 0.46432220277777775 0.027685527343750006 0.026927459722222203
0 0.12474327890625 0.037968716666666666 0.02728759140624999 0.10340699722222223
0 0.562124396875 0.06791578333333333 0.02260972031249997 0.07623200416666666
0 0.306400678125 0.3894762375 0.009355746093750028 0.02217658194444449
0 0.3913820359375 0.3853181277777778 0.007016810156249997 0.01386036250000002
0 0.334467915625 0.41719696250000005 0.008576100781250017 0.013860363888888828
0 0.3508404703125 0.4366014722222223 0.010135391406249994 0.012474329166666662
0 0.3648740890625 0.41719696250000005 0.005457519531249977 0.011088293055555533
0 0.3718908984375 0.4296712916666667 0.007796453906250012 0.012474329166666662
0 0.70713845859375 0.17741266111111112 0.03664333749999997 0.022176583333333316
0 0.7375446328125 0.28413746666666667 0.028067239062499992 0.04573920277777776
0 0.0186382890625 0.37312473611111113 0.02109373515625 0.037499974999999984
0 0 0.34031225833333334 0.03973202421875 0.03046872916666668
0 0.0001812703125 0.28640604583333334 0.034277320312500005 0.056249961111111094
3 0.52356958203125 0.4106247111111111 0.01713866015624994 0.06796870277777782
0 0.1504741359375 0.03328121944444445 0.02636716953125 0.09843743333333332
0 0.7147315601562501 0.2981247875 0.015820301562500028 0.035156226388888906
