0 0.6000343734375 0.05203120694444444 0.026367169531250047 0.14062490416666668
0 0.6224464671875001 0.06609369722222222 0.013183584374999936 0.10078118055555556
0 0.5670754109375 0.05437495416666666 0.029003886718749962 0.11249992361111111
0 0.26648968125 0.40359346527777773 0.013183585156250021 0.05156246527777779
0 0.26648968125 0.4645309236111111 0.013183585156250021 0.023437483333333297
0 0.2638529640625 0.49499965277777774 0.018457018750000033 0.03046872916666672
0 0.27835490703125 0.5137496402777778 0.009228509374999971 0.02578123194444441
0 0.952036084375 0.3192185236111111 0.044824189062500075 0.03281247638888891
0 0.8597509921875 0.4481246847222222 0.025048810156249955 0.03281247638888895
0 0.8650244257812499 0.3989059680555555 0.01186522656250002 0.021093736111111146
1 0.1359721921875 0.5817183444444444 0.02109373593749999 0.042187469444444445
1 0.203208475 0.5680090902777778 0.036914037499999976 0.055896722222222195
1 0.2823099828125 0.5864058402777778 0.0224120921875 0.03281247638888895
1 0.4497415078125 0.5864058402777778 0.009228509375000016 0.028124980555555606
1 0.45633330078125 0.5864058402777778 0.014501942968750025 0.028124980555555606
1 0.50247584609375 0.5817183444444444 0.01186522656250002 0.01640623750000003
1 0.5090676390625 0.5817183444444444 0.01713866015625003 0.05156246250000002
1 0.02654843984375 0.5746870972222222 0.044824187499999994 0.053906213888888825
1 0.039732025 0.5817183444444444 0.09624016875000001 0.07359370555555561
1 0.2269389265625 0.5676558527777777 0.05537105625000001 0.07265619999999996
1 0.13992726796875 0.5723433513888889 0.06987300000000003 0.07031245138888885
1 0.29285685 0.5817183444444444 0.06328120625000003 0.07031245138888893
1 0.390415378125 0.5817183444444444 0.061962846093750024 0.08437494166666673
1 0.51961450625 0.5676558527777777 0.05273433984375 0.07265619999999996
1 0.461606734375 0.5723433513888889 0.04877926328125 0.06796870277777774
1 0.58289571328125 0.4059372125 0.4100094828125 0.4593746847222223
1 0 0.5559371111111111 0.08191949453125 0.37499974166666666
1 0.88348144453125 0.5020308972222222 0.042187471093749984 0.03984372499999998
