0 0.3615024578125 0 0.024979439843749996 0.11013157916666666
0 0.39647367421875 0 0.02497944062499995 0.11546052638888889
0 0.3924769625 0.5098026333333334 0.008992599999999972 0.017763156944444428
0 0.4294465359375 0.5151315819444444 0.009991776562500032 0.01953947361111111
0 0.41945475859375003 0.5506578972222222 0.007993421093750008 0.014210526388888903
0 0.1456800875 0.2700000013888889 0.03497121718749998 0.02131579027777776
0 0.15567186328125 0.3232894736111111 0.05495477031249998 0.03552631805555559
0 0.1546726859375 0.10835526388888889 0.06794407890624998 0.11368421111111113
0 0.188644725 0.26644736944444447 0.017985198437500016 0.028421051388888882
3 0.60730015546875 0.5613157930555556 0.017985197656250042 0.05506578888888885
3 0.57232893828125 0.5613157930555556 0.03397203984374997 0.10480263055555548
3 0.32553206171875 0.5613157930555556 0.014987664843750003 0.06394736805555555
1 0.41645722734375 0.5879605305555556 0.00799342031250001 0.026644736111111043
1 0.42445064765625 0.5861842152777778 0.010990954687499953 0.031973684722222215
1 0.43544160234374996 0.5559868444444445 0.023980262500000026 0.04796052916666669
1 0.43144489140625 0.5773026347222222 0.023980263281250025 0.055065788888888925
1 0.44843091093750004 0.5278121305555555 0.07893503359374998 0.12231945277777775
1 0.39647367421875 0.5861842152777778 0.02198190859375 0.02664473750000001
1 0.46042104375 0.5719736861111111 0.08992598750000003 0.1261184208333333
1 0.92104193359375 0.6288157930555556 0.07793585468750006 0.11901315833333329
0 0.68823354375 0.4351973708333333 0.015986842187500017 0.04263157777777775
0 0.7232047625 0.4263157916666666 0.02697779609374997 0.04796052638888892
0 0.14268255390625 0.40322368472222225 0.029975329687500007 0.055065790277777735
