1 0.06280594687499999 0.5366721833333333 0.06318378984375 0.07280436527777773
1 0.25469745546875 0.5075504361111111 0.0865851921875 0.10816648750000005
1 0.034724264843750005 0.5387523083333333 0.0374422453125 0.04992299305555561
1 0.12598973671875 0.5491529319444445 0.018721122656249988 0.037442244444444446
1 0.36819426171875 0.5533131805555556 0.09243554218749997 0.06240374305555558
1 0.43020798046875 0.5283516847222222 0.05850350859375002 0.05824349027777779
2 0.49105162890625 0.5491529319444445 0.01404084140625006 0.033281995833333314
1 0.23880345546875 0.5422203972222223 0.01940421015624998 0.04085526388888891
0 0.16226191171874998 0.48674918888888885 0.030421825000000013 0.022881372222222276
0 0.12130945625 0.5117106875 0.011700702343750003 0.02496149583333336
0 0.10024819296875001 0.5096305611111112 0.011700701562500004 0.02080124722222223
0 0.0534453859375 0.4805088152777778 0.02106126328125 0.016640997222222214
1 0.5565755593749999 0.5200311847222222 0.09477568281250007 0.07904474027777779
0 0.22778584140625 0.4825889402777778 0.014814476562500012 0.0228813722222222
1 0.785153775 0.5950657930555555 0.04496299374999992 0.026644736111111123
