0 0.89389879453125 0.32753543611111113 0.023395388281250006 0.04332479305555555
0 0.9055964890625001 0.37779219583333334 0.024370196093749998 0.038125818055555524
0 0.88707513984375 0.37605920416666666 0.016571733593749905 0.020795901388888892
0 0.2359034984375 0.43324793194444444 0.0068236554687500115 0.01906290833333336
2 0.24077753828124998 0.4887036666666667 0.03021904296875002 0.09704753611111107
2 0.24370196171875 0.5337614513888889 0.02729461953125001 0.06585368611111109
1 0 0.5961491541666667 0.052639623437500005 0.22355593194444448
1 0 0.41245203055555557 0.15986848671875 0.32580244166666666
1 0.34118274609375 0.3535303125 0.5020260406249999 0.44191289027777775
1 0.3138881265625 0.43324793194444444 0.09455636093750001 0.23741986666666665
1 0.1783898359375 0.5112325597222223 0.06531212578125001 0.0831836027777778
1 0.131599059375 0.49043665833333333 0.03801750390625001 0.09704753611111114
1 0.15596925546875 0.5060335833333334 0.032168658593749996 0.07105266111111111
1 0.15694406328125 0.46964075833333335 0.04971520000000003 0.06065470972222226
1 0.26222331015625 0.5181645263888889 0.049715200781250024 0.07105265833333334
1 0.30024081640625 0.4141850222222222 0.09260674531249999 0.20276003194444447
1 0.78959435546875 0.476572725 0.07116097265625002 0.2200899486111111
3 0.9494628421875 0.5302954680555556 0.03996712109375 0.14557130555555553
3 0.91242014375 0.5354944430555555 0.026319813281249972 0.12650839583333334
3 0.88707513984375 0.5406934180555556 0.015596924218749919 0.11437745416666666
3 0.8734278296875001 0.5233635013888889 0.017546541406249894 0.11784343749999995
3 0.84515840234375 0.5302954680555556 0.014622117968750103 0.046790776388888844
3 0.9660345749999999 0.5112325597222223 0.010722886718750147 0.02079590000000001
3 0.93386591640625 0.5372274347222222 0.01949615703125005 0.11611044861111115
