1 0.47972876875 0.41644097499999994 0.01755105234375005 0.024961497222222247
1 0.46100764609375 0.40604035138888894 0.018721122656249988 0.04992299444444441
1 0.4890893296875 0.4039602263888889 0.08307498124999997 0.10608635972222223
1 0.3521911203125 0.4018801013888889 0.037442245312499976 0.062403743055555495
1 0.34400062890625 0.4081204763888889 0.02808168437499998 0.05824349027777779
1 0.301878103125 0.37275835555555553 0.057333438281249996 0.11440686111111115
1 0.198911928125 0.3228353638888889 0.12753764843749998 0.19761184999999998
1 0.565143890625 0.4039602263888889 0.04914294687499998 0.04368261944444443
1 0.3880245015625 0.3827429527777778 0.08307498046875002 0.1352081083333333
3 0.750746253125 0.3441120527777778 0.03510210546875001 0.17057022916666661
3 0.380565321875 0.4045842625 0.008190492968750008 0.0291217458333333
0 0.34780335703125 0.300578025 0.011700701562500004 0.02288137500000001
0 0.34429314765624996 0.32969977083333335 0.014040840625000018 0.01872112361111111
0 0.51512338984375 0.32969977083333335 0.018721122656249988 0.031201873611111076
0 0.5724568289062499 0.2735364041666667 0.011700701562500004 0.03328199444444443
0 0.3793952515625 0.296417775 0.007020421093749984 0.027041619444444442
0 0.38641567265625 0.2984979 0.00468028046875002 0.024961495833333323
0 0.37588504140625 0.3130587736111111 0.007020420312499986 0.027041622222222214
0 0.12419051953125 0.2148909736111111 0.025345003906250007 0.04332479305555559
0 0.49208300390625004 0.32233646111111114 0.004874039062499946 0.02252889305555554
