3 0.17371875 0.5345370370370369 0.010359375000000004 0.06495370370370368
0 0.18567187500000001 0.539861111111111 0.008765624999999971 0.04365740740740742
0 0.18567187500000001 0.5111111111111111 0.011156250000000006 0.025555555555555554
1 0.262171875 0.5547685185185185 0.11554687499999994 0.07347222222222216
0 0.327515625 0.5419907407407407 0.011156250000000034 0.015972222222222276
0 0.3283125 0.5185648148148148 0.008765624999999999 0.02023148148148146
1 0.42792187500000006 0.5686111111111111 0.04303124999999991 0.04685185185185192
1 0.49246874999999996 0.5686111111111111 0.015937499999999993 0.02023148148148146
1 0.512390625 0.5718055555555555 0.01354687500000007 0.015972222222222276
1 0.5259375000000001 0.5718055555555555 0.020718750000000008 0.030879629629629646
1 0.5466562500000001 0.5718055555555555 0.017531249999999887 0.013842592592592573
1 0.5641875 0.5675462962962963 0.0231093750000001 0.020231481481481572
1 0.587296875 0.5686111111111111 0.029484374999999896 0.022361111111111165
1 0.70603125 0.5430555555555555 0.12750000000000006 0.07347222222222227
0 0.79209375 0.5813888888888888 0.0063749999999999085 0.03513888888888883
0 0.7912968749999999 0.5441203703703703 0.014343749999999988 0.03300925925925935
0 0.7928906250000002 0.5100462962962962 0.011953124999999898 0.030879629629629646
1 0.8685937499999999 0.5622222222222222 0.06773437500000001 0.04685185185185192
3 0.9427031250000001 0.5547685185185185 0.01035937500000006 0.03833333333333333
1 0.95625 0.5473148148148148 0.041437500000000016 0.05111111111111111