1 0.05498437500000001 0.5505092592592592 0.027890624999999995 0.02662037037037024
1 0.09721874999999999 0.5558333333333333 0.03267187500000002 0.024490740740740757
1 0.133078125 0.5558333333333333 0.03426562500000002 0.02662037037037046
1 0.16096875 0.5526388888888889 0.016734375000000024 0.02342592592592596
1 0.17770312500000002 0.5547685185185185 0.041437500000000016 0.030879629629629646
1 0.239859375 0.5483796296296295 0.05976562499999996 0.02981481481481485
1 0.238265625 0.5590277777777777 0.05099999999999996 0.024490740740740646
1 0.311578125 0.5568981481481481 0.04621875000000003 0.027685185185185146
0 0.376125 0.5217592592592591 0.0143437500000001 0.022361111111111165
0 0.3856875 0.47490740740740733 0.014343749999999933 0.01597222222222222
0 0.4048125 0.4930092592592592 0.00956250000000003 0.009583333333333277
0 0.41756250000000006 0.4610648148148148 0.027093749999999972 0.013842592592592573
0 0.5450624999999999 0.47916666666666663 0.01912500000000006 0.00851851851851848
0 0.579328125 0.5121759259259259 0.00478125000000007 0.025555555555555554
1 0.46378125000000003 0.5483796296296295 0.137859375 0.1756944444444446
1 0.585703125 0.5558333333333333 0.042234375000000046 0.057499999999999996
1 0.612796875 0.5441203703703703 0.10439062499999996 0.1139351851851853
1 0.686109375 0.5153703703703703 0.28607812500000007 0.2553743104806936
1 0.941109375 0.49726851851851844 0.056578125000000035 0.0830555555555555